timestamp, temperature_gpu, power_draw_w,utilization_gpu, utilization_memory, memory_used_mib, memory_free_mib, total_energy_consumption_j
1.72236e+18, 30, 53, 0, 0, 1965, 40984, 32606290803
1.72236e+18, 30, 53, 0, 0, 1965, 40984, 32606290803
1.72236e+18, 30, 53, 0, 0, 1965, 40984, 32606290803
1.72236e+18, 30, 53, 0, 0, 1965, 40984, 32606290803
1.72236e+18, 30, 53, 0, 0, 1965, 40984, 32606290803
1.72236e+18, 30, 53, 0, 0, 1965, 40984, 32606290803
1.72236e+18, 30, 53, 0, 0, 1965, 40984, 32606290803
1.72236e+18, 30, 53, 0, 0, 1965, 40984, 32606290803
1.72236e+18, 30, 53, 0, 0, 1965, 40984, 32606290803
1.72236e+18, 30, 53, 0, 0, 1965, 40984, 32606290803
1.72236e+18, 30, 53, 0, 0, 1965, 40984, 32606290803
1.72236e+18, 30, 53, 0, 0, 1965, 40984, 32606290803
1.72236e+18, 30, 53, 0, 0, 1965, 40984, 32606290803
1.72236e+18, 30, 53, 0, 0, 1965, 40984, 32606290803
1.72236e+18, 30, 53, 0, 0, 1965, 40984, 32606290803
1.72236e+18, 30, 53, 0, 0, 1965, 40984, 32606290803
1.72236e+18, 30, 53, 0, 0, 1965, 40984, 32606290803
1.72236e+18, 30, 53, 0, 0, 1965, 40984, 32606290803
1.72236e+18, 30, 53, 0, 0, 1965, 40984, 32606290803
1.72236e+18, 30, 53, 0, 0, 1965, 40984, 32606290803
1.72236e+18, 30, 53, 0, 0, 1965, 40984, 32606296336
1.72236e+18, 30, 53, 0, 0, 1965, 40984, 32606296336
1.72236e+18, 30, 53, 0, 0, 1965, 40984, 32606296336
1.72236e+18, 30, 53, 0, 0, 1965, 40984, 32606296336
1.72236e+18, 30, 53, 0, 0, 1965, 40984, 32606296336
1.72236e+18, 30, 53, 0, 0, 1965, 40984, 32606296336
1.72236e+18, 30, 53, 0, 0, 1965, 40984, 32606296336
1.72236e+18, 30, 53, 0, 0, 1965, 40984, 32606296336
1.72236e+18, 30, 53, 0, 0, 1965, 40984, 32606296336
1.72236e+18, 30, 53, 0, 0, 1965, 40984, 32606296336
1.72236e+18, 30, 54, 0, 0, 1965, 40984, 32606296336
1.72236e+18, 30, 54, 0, 0, 1965, 40984, 32606296336
1.72236e+18, 30, 54, 0, 0, 1965, 40984, 32606296336
1.72236e+18, 30, 54, 0, 0, 1965, 40984, 32606296336
1.72236e+18, 30, 54, 0, 0, 1965, 40984, 32606296336
1.72236e+18, 30, 54, 0, 0, 1965, 40984, 32606296336
1.72236e+18, 30, 54, 0, 0, 1965, 40984, 32606296336
1.72236e+18, 30, 54, 0, 0, 1965, 40984, 32606296336
1.72236e+18, 30, 54, 0, 0, 1965, 40984, 32606296336
1.72236e+18, 30, 54, 0, 0, 1965, 40984, 32606296336
1.72236e+18, 30, 54, 0, 0, 1965, 40984, 32606296336
1.72236e+18, 30, 54, 0, 0, 1965, 40984, 32606296336
1.72236e+18, 30, 54, 0, 0, 1965, 40984, 32606296336
1.72236e+18, 30, 54, 0, 0, 1965, 40984, 32606296336
1.72236e+18, 30, 54, 0, 0, 1965, 40984, 32606296336
1.72236e+18, 30, 54, 0, 0, 1965, 40984, 32606296336
1.72236e+18, 30, 54, 0, 0, 1965, 40984, 32606296336
1.72236e+18, 30, 54, 0, 0, 1965, 40984, 32606296336
1.72236e+18, 30, 54, 0, 0, 1965, 40984, 32606301851
1.72236e+18, 30, 54, 0, 0, 1965, 40984, 32606301851
1.72236e+18, 30, 54, 0, 0, 1965, 40984, 32606301851
1.72236e+18, 30, 54, 0, 0, 1965, 40984, 32606301851
1.72236e+18, 30, 54, 0, 0, 1965, 40984, 32606301851
1.72236e+18, 30, 54, 0, 0, 1965, 40984, 32606301851
1.72236e+18, 30, 54, 0, 0, 1965, 40984, 32606301851
1.72236e+18, 30, 54, 0, 0, 1965, 40984, 32606301851
1.72236e+18, 30, 54, 0, 0, 1965, 40984, 32606301851
1.72236e+18, 30, 54, 0, 0, 1965, 40984, 32606301851
1.72236e+18, 30, 54, 0, 0, 1965, 40984, 32606301851
1.72236e+18, 30, 54, 0, 0, 1965, 40984, 32606301851
1.72236e+18, 30, 55, 0, 0, 1965, 40984, 32606301851
1.72236e+18, 30, 55, 0, 0, 1965, 40984, 32606301851
1.72236e+18, 30, 55, 0, 0, 1965, 40984, 32606301851
1.72236e+18, 30, 55, 0, 0, 1965, 40984, 32606301851
1.72236e+18, 30, 55, 0, 0, 1965, 40984, 32606301851
1.72236e+18, 30, 55, 0, 0, 1965, 40984, 32606301851
1.72236e+18, 30, 55, 0, 0, 1965, 40984, 32606301851
1.72236e+18, 30, 55, 0, 0, 1965, 40984, 32606301851
1.72236e+18, 30, 55, 0, 0, 1965, 40984, 32606301851
1.72236e+18, 30, 55, 0, 0, 1965, 40984, 32606301851
1.72236e+18, 30, 55, 0, 0, 1965, 40984, 32606301851
1.72236e+18, 30, 55, 0, 0, 1965, 40984, 32606301851
1.72236e+18, 30, 55, 0, 0, 1965, 40984, 32606301851
1.72236e+18, 30, 55, 0, 0, 1965, 40984, 32606301851
1.72236e+18, 30, 55, 0, 0, 1965, 40984, 32606301851
1.72236e+18, 30, 55, 0, 0, 1965, 40984, 32606307358
1.72236e+18, 30, 55, 0, 0, 1965, 40984, 32606307358
1.72236e+18, 30, 55, 0, 0, 1965, 40984, 32606307358
1.72236e+18, 30, 55, 0, 0, 1965, 40984, 32606307358
1.72236e+18, 30, 55, 0, 0, 1965, 40984, 32606307358
1.72236e+18, 30, 55, 0, 0, 1965, 40984, 32606307358
1.72236e+18, 30, 55, 0, 0, 1965, 40984, 32606307358
1.72236e+18, 30, 55, 0, 0, 1965, 40984, 32606307358
1.72236e+18, 30, 55, 0, 0, 1965, 40984, 32606307358
1.72236e+18, 30, 55, 0, 0, 1965, 40984, 32606307358
1.72236e+18, 30, 55, 0, 0, 1965, 40984, 32606307358
1.72236e+18, 30, 55, 0, 0, 1965, 40984, 32606307358
1.72236e+18, 30, 55, 0, 0, 1965, 40984, 32606307358
1.72236e+18, 30, 55, 0, 0, 1965, 40984, 32606307358
1.72236e+18, 30, 54, 0, 0, 1965, 40984, 32606307358
1.72236e+18, 30, 54, 0, 0, 1965, 40984, 32606307358
1.72236e+18, 30, 54, 0, 0, 1965, 40984, 32606307358
1.72236e+18, 30, 54, 0, 0, 1965, 40984, 32606307358
1.72236e+18, 30, 54, 0, 0, 1965, 40984, 32606307358
1.72236e+18, 30, 54, 0, 0, 1965, 40984, 32606307358
1.72236e+18, 30, 54, 0, 0, 1965, 40984, 32606307358
1.72236e+18, 30, 54, 0, 0, 1965, 40984, 32606307358
1.72236e+18, 30, 54, 0, 0, 1965, 40984, 32606307358
1.72236e+18, 30, 54, 0, 0, 1965, 40984, 32606307358
1.72236e+18, 30, 54, 0, 0, 1965, 40984, 32606307358
1.72236e+18, 30, 54, 0, 0, 1965, 40984, 32606307358
1.72236e+18, 30, 54, 0, 0, 1965, 40984, 32606307358
1.72236e+18, 30, 54, 0, 0, 1965, 40984, 32606312771
1.72236e+18, 30, 54, 0, 0, 1965, 40984, 32606312771
1.72236e+18, 30, 54, 0, 0, 1965, 40984, 32606312771
1.72236e+18, 30, 54, 0, 0, 1965, 40984, 32606312771
1.72236e+18, 30, 54, 0, 0, 1965, 40984, 32606312771
1.72236e+18, 30, 54, 0, 0, 1965, 40984, 32606312771
1.72236e+18, 30, 54, 0, 0, 1965, 40984, 32606312771
1.72236e+18, 30, 54, 0, 0, 1965, 40984, 32606312771
1.72236e+18, 30, 54, 0, 0, 1965, 40984, 32606312771
1.72236e+18, 30, 54, 0, 0, 1965, 40984, 32606312771
1.72236e+18, 30, 54, 0, 0, 1965, 40984, 32606312771
1.72236e+18, 30, 54, 0, 0, 1965, 40984, 32606312771
1.72236e+18, 30, 54, 0, 0, 1965, 40984, 32606312771
1.72236e+18, 30, 54, 0, 0, 1965, 40984, 32606312771
1.72236e+18, 30, 54, 0, 0, 1965, 40984, 32606312771
1.72236e+18, 30, 54, 0, 0, 1965, 40984, 32606312771
1.72236e+18, 30, 54, 0, 0, 1965, 40984, 32606312771
1.72236e+18, 30, 54, 0, 0, 1965, 40984, 32606312771
1.72236e+18, 30, 54, 0, 0, 1965, 40984, 32606312771
1.72236e+18, 30, 54, 0, 0, 1965, 40984, 32606312771
1.72236e+18, 30, 54, 0, 0, 1965, 40984, 32606312771
1.72236e+18, 30, 54, 0, 0, 1965, 40984, 32606312771
1.72236e+18, 30, 54, 0, 0, 1965, 40984, 32606312771
1.72236e+18, 30, 54, 0, 0, 1965, 40984, 32606312771
1.72236e+18, 30, 54, 0, 0, 1965, 40984, 32606312771
1.72236e+18, 30, 54, 0, 0, 1965, 40984, 32606312771
1.72236e+18, 30, 54, 0, 0, 1965, 40984, 32606312771
1.72236e+18, 30, 54, 0, 0, 1965, 40984, 32606312771
1.72236e+18, 30, 54, 0, 0, 1965, 40984, 32606318332
1.72236e+18, 30, 54, 0, 0, 1965, 40984, 32606318332
1.72236e+18, 30, 54, 0, 0, 1965, 40984, 32606318332
1.72236e+18, 30, 54, 0, 0, 1965, 40984, 32606318332
1.72236e+18, 30, 54, 0, 0, 1965, 40984, 32606318332
1.72236e+18, 30, 54, 0, 0, 1965, 40984, 32606318332
1.72236e+18, 30, 54, 0, 0, 1965, 40984, 32606318332
1.72236e+18, 30, 54, 0, 0, 1965, 40984, 32606318332
1.72236e+18, 30, 54, 0, 0, 1965, 40984, 32606318332
1.72236e+18, 30, 54, 0, 0, 1965, 40984, 32606318332
1.72236e+18, 30, 54, 0, 0, 1965, 40984, 32606318332
1.72236e+18, 30, 54, 0, 0, 1965, 40984, 32606318332
1.72236e+18, 30, 54, 0, 0, 1965, 40984, 32606318332
1.72236e+18, 30, 54, 0, 0, 1965, 40984, 32606318332
1.72236e+18, 30, 54, 0, 0, 1965, 40984, 32606318332
1.72236e+18, 30, 54, 0, 0, 1965, 40984, 32606318332
1.72236e+18, 30, 54, 0, 0, 1965, 40984, 32606318332
1.72236e+18, 30, 54, 0, 0, 1965, 40984, 32606318332
1.72236e+18, 30, 54, 0, 0, 1965, 40984, 32606318332
1.72236e+18, 30, 54, 0, 0, 1965, 40984, 32606318332
1.72236e+18, 30, 54, 0, 0, 1965, 40984, 32606318332
1.72236e+18, 30, 54, 0, 0, 1965, 40984, 32606318332
1.72236e+18, 30, 54, 0, 0, 1965, 40984, 32606318332
1.72236e+18, 30, 54, 0, 0, 1965, 40984, 32606318332
1.72236e+18, 30, 54, 0, 0, 1965, 40984, 32606318332
1.72236e+18, 30, 54, 0, 0, 1965, 40984, 32606318332
1.72236e+18, 30, 54, 0, 0, 1965, 40984, 32606318332
1.72236e+18, 30, 54, 0, 0, 1965, 40984, 32606323819
1.72236e+18, 30, 54, 0, 0, 1965, 40984, 32606323819
1.72236e+18, 30, 54, 0, 0, 1965, 40984, 32606323819
1.72236e+18, 30, 54, 0, 0, 1965, 40984, 32606323819
1.72236e+18, 30, 54, 0, 0, 1965, 40984, 32606323819
1.72236e+18, 30, 54, 0, 0, 1965, 40984, 32606323819
1.72236e+18, 30, 54, 0, 0, 1965, 40984, 32606323819
1.72236e+18, 30, 54, 0, 0, 1965, 40984, 32606323819
1.72236e+18, 30, 54, 0, 0, 1965, 40984, 32606323819
1.72236e+18, 30, 54, 0, 0, 1965, 40984, 32606323819
1.72236e+18, 30, 54, 0, 0, 1965, 40984, 32606323819
1.72236e+18, 30, 54, 0, 0, 1965, 40984, 32606323819
1.72236e+18, 30, 54, 0, 0, 1965, 40984, 32606323819
1.72236e+18, 30, 54, 0, 0, 1965, 40984, 32606323819
1.72236e+18, 30, 54, 0, 0, 1965, 40984, 32606323819
1.72236e+18, 30, 54, 0, 0, 1965, 40984, 32606323819
1.72236e+18, 30, 54, 0, 0, 1965, 40984, 32606323819
1.72236e+18, 30, 54, 0, 0, 1965, 40984, 32606323819
1.72236e+18, 30, 54, 0, 0, 1965, 40984, 32606323819
1.72236e+18, 30, 54, 0, 0, 1965, 40984, 32606323819
1.72236e+18, 30, 54, 0, 0, 1965, 40984, 32606323819
1.72236e+18, 30, 54, 0, 0, 1965, 40984, 32606323819
1.72236e+18, 30, 54, 0, 0, 1965, 40984, 32606323819
1.72236e+18, 30, 54, 0, 0, 1965, 40984, 32606323819
1.72236e+18, 30, 54, 0, 0, 1965, 40984, 32606323819
1.72236e+18, 30, 54, 0, 0, 1965, 40984, 32606323819
1.72236e+18, 30, 54, 0, 0, 1965, 40984, 32606329365
1.72236e+18, 30, 54, 0, 0, 1965, 40984, 32606329365
1.72236e+18, 30, 54, 0, 0, 1965, 40984, 32606329365
1.72236e+18, 30, 54, 0, 0, 1965, 40984, 32606329365
1.72236e+18, 30, 54, 0, 0, 1965, 40984, 32606329365
1.72236e+18, 30, 54, 0, 0, 1965, 40984, 32606329365
1.72236e+18, 30, 54, 0, 0, 1965, 40984, 32606329365
1.72236e+18, 30, 54, 0, 0, 1965, 40984, 32606329365
1.72236e+18, 30, 54, 0, 0, 1965, 40984, 32606329365
1.72236e+18, 30, 54, 0, 0, 1965, 40984, 32606329365
1.72236e+18, 30, 54, 0, 0, 1965, 40984, 32606329365
1.72236e+18, 30, 54, 0, 0, 1965, 40984, 32606329365
1.72236e+18, 30, 54, 0, 0, 1965, 40984, 32606329365
1.72236e+18, 30, 54, 0, 0, 1965, 40984, 32606329365
1.72236e+18, 30, 54, 0, 0, 1965, 40984, 32606329365
1.72236e+18, 30, 54, 0, 0, 1965, 40984, 32606329365
1.72236e+18, 30, 54, 0, 0, 1965, 40984, 32606329365
1.72236e+18, 30, 54, 0, 0, 1965, 40984, 32606329365
1.72236e+18, 30, 54, 0, 0, 1965, 40984, 32606329365
1.72236e+18, 30, 54, 0, 0, 1965, 40984, 32606329365
1.72236e+18, 30, 54, 0, 0, 1965, 40984, 32606329365
1.72236e+18, 30, 54, 0, 0, 1965, 40984, 32606329365
1.72236e+18, 30, 54, 0, 0, 1965, 40984, 32606329365
1.72236e+18, 30, 54, 0, 0, 1965, 40984, 32606329365
1.72236e+18, 30, 54, 0, 0, 1965, 40984, 32606329365
1.72236e+18, 30, 54, 0, 0, 1965, 40984, 32606329365
1.72236e+18, 30, 54, 0, 0, 1965, 40984, 32606329365
1.72236e+18, 30, 54, 0, 0, 1965, 40984, 32606334809
1.72236e+18, 30, 54, 0, 0, 1965, 40984, 32606334809
1.72236e+18, 30, 54, 0, 0, 1965, 40984, 32606334809
1.72236e+18, 30, 54, 0, 0, 1965, 40984, 32606334809
1.72236e+18, 30, 54, 0, 0, 1965, 40984, 32606334809
1.72236e+18, 30, 54, 0, 0, 1965, 40984, 32606334809
1.72236e+18, 30, 54, 0, 0, 1965, 40984, 32606334809
1.72236e+18, 30, 54, 0, 0, 1965, 40984, 32606334809
1.72236e+18, 30, 54, 0, 0, 1965, 40984, 32606334809
1.72236e+18, 30, 54, 0, 0, 1965, 40984, 32606334809
1.72236e+18, 30, 54, 0, 0, 1965, 40984, 32606334809
1.72236e+18, 30, 54, 0, 0, 1965, 40984, 32606334809
1.72236e+18, 30, 54, 0, 0, 1965, 40984, 32606334809
1.72236e+18, 30, 54, 0, 0, 1965, 40984, 32606334809
1.72236e+18, 30, 54, 0, 0, 1965, 40984, 32606334809
1.72236e+18, 30, 54, 0, 0, 1965, 40984, 32606334809
1.72236e+18, 30, 54, 0, 0, 1965, 40984, 32606334809
1.72236e+18, 30, 54, 0, 0, 1965, 40984, 32606334809
1.72236e+18, 30, 54, 0, 0, 1965, 40984, 32606334809
1.72236e+18, 30, 54, 0, 0, 1965, 40984, 32606334809
1.72236e+18, 30, 54, 0, 0, 1965, 40984, 32606334809
1.72236e+18, 30, 55, 0, 0, 1965, 40984, 32606334809
1.72236e+18, 30, 55, 0, 0, 1965, 40984, 32606334809
1.72236e+18, 30, 55, 0, 0, 1965, 40984, 32606334809
1.72236e+18, 30, 55, 0, 0, 1965, 40984, 32606334809
1.72236e+18, 30, 55, 0, 0, 1965, 40984, 32606334809
1.72236e+18, 30, 55, 0, 0, 1965, 40984, 32606334809
1.72236e+18, 30, 55, 0, 0, 1965, 40984, 32606340380
1.72236e+18, 30, 55, 0, 0, 1965, 40984, 32606340380
1.72236e+18, 30, 55, 0, 0, 1965, 40984, 32606340380
1.72236e+18, 30, 55, 0, 0, 1965, 40984, 32606340380
1.72236e+18, 30, 55, 0, 0, 1965, 40984, 32606340380
1.72236e+18, 30, 55, 0, 0, 1965, 40984, 32606340380
1.72236e+18, 30, 55, 0, 0, 1965, 40984, 32606340380
1.72236e+18, 30, 55, 0, 0, 1965, 40984, 32606340380
1.72236e+18, 30, 55, 0, 0, 1965, 40984, 32606340380
1.72236e+18, 30, 55, 0, 0, 1965, 40984, 32606340380
1.72236e+18, 30, 55, 0, 0, 1965, 40984, 32606340380
1.72236e+18, 30, 55, 0, 0, 1965, 40984, 32606340380
1.72236e+18, 30, 55, 0, 0, 1965, 40984, 32606340380
1.72236e+18, 30, 55, 0, 0, 1965, 40984, 32606340380
1.72236e+18, 30, 55, 0, 0, 1965, 40984, 32606340380
1.72236e+18, 30, 55, 0, 0, 1965, 40984, 32606340380
1.72236e+18, 30, 55, 0, 0, 1965, 40984, 32606340380
1.72236e+18, 30, 55, 0, 0, 1965, 40984, 32606340380
1.72236e+18, 30, 55, 0, 0, 1965, 40984, 32606340380
1.72236e+18, 30, 55, 0, 0, 1965, 40984, 32606340380
1.72236e+18, 30, 55, 0, 0, 1965, 40984, 32606340380
1.72236e+18, 30, 55, 0, 0, 1965, 40984, 32606340380
1.72236e+18, 30, 55, 0, 0, 1965, 40984, 32606340380
1.72236e+18, 30, 54, 0, 0, 1965, 40984, 32606340380
1.72236e+18, 30, 54, 0, 0, 1965, 40984, 32606340380
1.72236e+18, 30, 54, 0, 0, 1965, 40984, 32606340380
1.72236e+18, 30, 54, 0, 0, 1965, 40984, 32606340380
1.72236e+18, 30, 54, 0, 0, 1965, 40984, 32606345787
1.72236e+18, 30, 54, 0, 0, 1965, 40984, 32606345787
1.72236e+18, 30, 54, 0, 0, 1965, 40984, 32606345787
1.72236e+18, 30, 54, 0, 0, 1965, 40984, 32606345787
1.72236e+18, 30, 54, 0, 0, 1965, 40984, 32606345787
1.72236e+18, 30, 54, 0, 0, 1965, 40984, 32606345787
1.72236e+18, 30, 54, 0, 0, 1965, 40984, 32606345787
1.72236e+18, 30, 54, 0, 0, 1965, 40984, 32606345787
1.72236e+18, 30, 54, 0, 0, 1965, 40984, 32606345787
1.72236e+18, 30, 54, 0, 0, 1965, 40984, 32606345787
1.72236e+18, 30, 54, 0, 0, 1965, 40984, 32606345787
1.72236e+18, 30, 54, 0, 0, 1965, 40984, 32606345787
1.72236e+18, 30, 54, 0, 0, 1965, 40984, 32606345787
1.72236e+18, 30, 54, 0, 0, 1965, 40984, 32606345787
1.72236e+18, 30, 54, 0, 0, 1965, 40984, 32606345787
1.72236e+18, 30, 54, 0, 0, 1965, 40984, 32606345787
1.72236e+18, 30, 54, 0, 0, 1965, 40984, 32606345787
1.72236e+18, 30, 54, 0, 0, 1965, 40984, 32606345787
1.72236e+18, 30, 54, 0, 0, 1965, 40984, 32606345787
1.72236e+18, 30, 54, 0, 0, 1965, 40984, 32606345787
1.72236e+18, 30, 54, 0, 0, 1965, 40984, 32606345787
1.72236e+18, 30, 54, 0, 0, 1965, 40984, 32606345787
1.72236e+18, 30, 54, 0, 0, 1965, 40984, 32606345787
1.72236e+18, 30, 54, 0, 0, 1965, 40984, 32606345787
1.72236e+18, 30, 54, 0, 0, 1965, 40984, 32606345787
1.72236e+18, 30, 54, 0, 0, 1965, 40984, 32606345787
1.72236e+18, 30, 54, 0, 0, 1965, 40984, 32606345787
1.72236e+18, 30, 54, 0, 0, 1965, 40984, 32606345787
1.72236e+18, 30, 54, 0, 0, 1965, 40984, 32606351378
1.72236e+18, 30, 54, 0, 0, 1965, 40984, 32606351378
1.72236e+18, 30, 54, 0, 0, 1965, 40984, 32606351378
1.72236e+18, 30, 54, 0, 0, 1965, 40984, 32606351378
1.72236e+18, 30, 54, 0, 0, 1965, 40984, 32606351378
1.72236e+18, 30, 54, 0, 0, 1965, 40984, 32606351378
1.72236e+18, 30, 54, 0, 0, 1965, 40984, 32606351378
1.72236e+18, 30, 54, 0, 0, 1965, 40984, 32606351378
1.72236e+18, 30, 54, 0, 0, 1965, 40984, 32606351378
1.72236e+18, 30, 54, 0, 0, 1965, 40984, 32606351378
1.72236e+18, 30, 54, 0, 0, 1965, 40984, 32606351378
1.72236e+18, 30, 54, 0, 0, 1965, 40984, 32606351378
1.72236e+18, 30, 54, 0, 0, 1965, 40984, 32606351378
1.72236e+18, 30, 54, 0, 0, 1965, 40984, 32606351378
1.72236e+18, 30, 54, 0, 0, 1965, 40984, 32606351378
1.72236e+18, 30, 54, 0, 0, 1965, 40984, 32606351378
1.72236e+18, 30, 54, 0, 0, 1965, 40984, 32606351378
1.72236e+18, 30, 54, 0, 0, 1965, 40984, 32606351378
1.72236e+18, 30, 54, 0, 0, 1965, 40984, 32606351378
1.72236e+18, 30, 54, 0, 0, 1965, 40984, 32606351378
1.72236e+18, 30, 54, 0, 0, 1965, 40984, 32606351378
1.72236e+18, 30, 54, 0, 0, 1965, 40984, 32606351378
1.72236e+18, 30, 54, 0, 0, 1965, 40984, 32606351378
1.72236e+18, 30, 54, 0, 0, 1965, 40984, 32606351378
1.72236e+18, 30, 54, 0, 0, 1965, 40984, 32606351378
1.72236e+18, 30, 54, 0, 0, 1965, 40984, 32606351378
1.72236e+18, 30, 54, 0, 0, 1965, 40984, 32606351378
1.72236e+18, 30, 54, 0, 0, 1965, 40984, 32606356813
1.72236e+18, 30, 54, 0, 0, 1965, 40984, 32606356813
1.72236e+18, 30, 54, 0, 0, 1965, 40984, 32606356813
1.72236e+18, 30, 54, 0, 0, 1965, 40984, 32606356813
1.72236e+18, 30, 54, 0, 0, 1965, 40984, 32606356813
1.72236e+18, 30, 54, 0, 0, 1965, 40984, 32606356813
1.72236e+18, 30, 54, 0, 0, 1965, 40984, 32606356813
1.72236e+18, 30, 54, 0, 0, 1965, 40984, 32606356813
1.72236e+18, 30, 54, 0, 0, 1965, 40984, 32606356813
1.72236e+18, 30, 54, 0, 0, 1965, 40984, 32606356813
1.72236e+18, 30, 54, 0, 0, 1965, 40984, 32606356813
1.72236e+18, 30, 54, 0, 0, 1965, 40984, 32606356813
1.72236e+18, 30, 54, 0, 0, 1965, 40984, 32606356813
1.72236e+18, 30, 54, 0, 0, 1965, 40984, 32606356813
1.72236e+18, 30, 54, 0, 0, 1965, 40984, 32606356813
1.72236e+18, 30, 54, 0, 0, 1965, 40984, 32606356813
1.72236e+18, 30, 54, 0, 0, 1965, 40984, 32606356813
1.72236e+18, 30, 54, 0, 0, 1965, 40984, 32606356813
1.72236e+18, 30, 54, 0, 0, 1965, 40984, 32606356813
1.72236e+18, 30, 54, 0, 0, 1965, 40984, 32606356813
1.72236e+18, 30, 54, 0, 0, 1965, 40984, 32606356813
1.72236e+18, 30, 54, 0, 0, 1965, 40984, 32606356813
1.72236e+18, 30, 54, 0, 0, 1965, 40984, 32606356813
1.72236e+18, 30, 54, 0, 0, 1965, 40984, 32606356813
1.72236e+18, 30, 54, 0, 0, 1965, 40984, 32606356813
1.72236e+18, 30, 54, 0, 0, 1965, 40984, 32606356813
1.72236e+18, 30, 54, 0, 0, 1965, 40984, 32606356813
1.72236e+18, 30, 54, 0, 0, 1965, 40984, 32606362336
1.72236e+18, 30, 54, 0, 0, 1965, 40984, 32606362336
1.72236e+18, 30, 54, 0, 0, 1965, 40984, 32606362336
1.72236e+18, 30, 54, 0, 0, 1965, 40984, 32606362336
1.72236e+18, 30, 54, 0, 0, 1965, 40984, 32606362336
1.72236e+18, 30, 54, 0, 0, 1965, 40984, 32606362336
1.72236e+18, 30, 54, 0, 0, 1965, 40984, 32606362336
1.72236e+18, 30, 54, 0, 0, 1965, 40984, 32606362336
1.72236e+18, 30, 54, 0, 0, 1965, 40984, 32606362336
1.72236e+18, 30, 54, 0, 0, 1965, 40984, 32606362336
1.72236e+18, 30, 54, 0, 0, 1965, 40984, 32606362336
1.72236e+18, 30, 54, 0, 0, 1965, 40984, 32606362336
1.72236e+18, 30, 54, 0, 0, 1965, 40984, 32606362336
1.72236e+18, 30, 54, 0, 0, 1965, 40984, 32606362336
1.72236e+18, 30, 54, 0, 0, 1965, 40984, 32606362336
1.72236e+18, 30, 54, 0, 0, 1965, 40984, 32606362336
1.72236e+18, 30, 54, 0, 0, 1965, 40984, 32606362336
1.72236e+18, 30, 54, 0, 0, 1965, 40984, 32606362336
1.72236e+18, 30, 54, 0, 0, 1965, 40984, 32606362336
1.72236e+18, 30, 54, 0, 0, 1965, 40984, 32606362336
1.72236e+18, 30, 54, 0, 0, 1965, 40984, 32606362336
1.72236e+18, 30, 54, 0, 0, 1965, 40984, 32606362336
1.72236e+18, 30, 54, 0, 0, 1965, 40984, 32606362336
1.72236e+18, 30, 54, 0, 0, 1965, 40984, 32606362336
1.72236e+18, 30, 54, 0, 0, 1965, 40984, 32606362336
1.72236e+18, 30, 54, 0, 0, 1965, 40984, 32606362336
1.72236e+18, 30, 54, 0, 0, 1965, 40984, 32606362336
1.72236e+18, 30, 54, 0, 0, 1965, 40984, 32606367777
1.72236e+18, 30, 54, 0, 0, 1965, 40984, 32606367777
1.72236e+18, 30, 54, 0, 0, 1965, 40984, 32606367777
1.72236e+18, 30, 54, 0, 0, 1965, 40984, 32606367777
1.72236e+18, 30, 54, 0, 0, 1965, 40984, 32606367777
1.72236e+18, 30, 54, 0, 0, 1965, 40984, 32606367777
1.72236e+18, 30, 54, 0, 0, 1965, 40984, 32606367777
1.72236e+18, 30, 54, 0, 0, 1965, 40984, 32606367777
1.72236e+18, 30, 54, 0, 0, 1965, 40984, 32606367777
1.72236e+18, 30, 54, 0, 0, 1965, 40984, 32606367777
1.72236e+18, 30, 54, 0, 0, 1965, 40984, 32606367777
1.72236e+18, 30, 54, 0, 0, 1965, 40984, 32606367777
1.72236e+18, 30, 54, 0, 0, 1965, 40984, 32606367777
1.72236e+18, 30, 54, 0, 0, 1965, 40984, 32606367777
1.72236e+18, 30, 54, 0, 0, 1965, 40984, 32606367777
1.72236e+18, 30, 54, 0, 0, 1965, 40984, 32606367777
1.72236e+18, 30, 54, 0, 0, 1965, 40984, 32606367777
1.72236e+18, 30, 54, 0, 0, 1965, 40984, 32606367777
1.72236e+18, 30, 54, 0, 0, 1965, 40984, 32606367777
1.72236e+18, 30, 54, 0, 0, 1965, 40984, 32606367777
1.72236e+18, 30, 54, 0, 0, 1965, 40984, 32606367777
1.72236e+18, 30, 54, 0, 0, 1965, 40984, 32606367777
1.72236e+18, 30, 54, 0, 0, 1965, 40984, 32606367777
1.72236e+18, 30, 54, 0, 0, 1965, 40984, 32606367777
1.72236e+18, 30, 54, 0, 0, 1965, 40984, 32606367777
1.72236e+18, 30, 54, 0, 0, 1965, 40984, 32606367777
1.72236e+18, 30, 54, 0, 0, 1965, 40984, 32606367777
1.72236e+18, 30, 54, 0, 0, 1965, 40984, 32606367777
1.72236e+18, 30, 54, 0, 0, 1965, 40984, 32606373373
1.72236e+18, 30, 54, 0, 0, 1965, 40984, 32606373373
1.72236e+18, 30, 54, 0, 0, 1965, 40984, 32606373373
1.72236e+18, 30, 55, 0, 0, 1965, 40984, 32606373373
1.72236e+18, 30, 55, 0, 0, 1965, 40984, 32606373373
1.72236e+18, 30, 55, 0, 0, 1965, 40984, 32606373373
1.72236e+18, 30, 55, 0, 0, 1965, 40984, 32606373373
1.72236e+18, 30, 55, 0, 0, 1965, 40984, 32606373373
1.72236e+18, 30, 55, 0, 0, 1965, 40984, 32606373373
1.72236e+18, 30, 55, 0, 0, 1965, 40984, 32606373373
1.72236e+18, 30, 55, 0, 0, 1965, 40984, 32606373373
1.72236e+18, 30, 55, 0, 0, 1965, 40984, 32606373373
1.72236e+18, 30, 55, 0, 0, 1965, 40984, 32606373373
1.72236e+18, 30, 55, 0, 0, 1965, 40984, 32606373373
1.72236e+18, 30, 55, 0, 0, 1965, 40984, 32606373373
1.72236e+18, 30, 55, 0, 0, 1965, 40984, 32606373373
1.72236e+18, 30, 55, 0, 0, 1965, 40984, 32606373373
1.72236e+18, 30, 55, 0, 0, 1965, 40984, 32606373373
1.72236e+18, 30, 55, 0, 0, 1965, 40984, 32606373373
1.72236e+18, 30, 55, 0, 0, 1965, 40984, 32606373373
1.72236e+18, 30, 55, 0, 0, 1965, 40984, 32606373373
1.72236e+18, 30, 55, 0, 0, 1965, 40984, 32606373373
1.72236e+18, 30, 55, 0, 0, 1965, 40984, 32606373373
1.72236e+18, 30, 55, 0, 0, 1965, 40984, 32606373373
1.72236e+18, 30, 55, 0, 0, 1965, 40984, 32606373373
1.72236e+18, 30, 55, 0, 0, 1965, 40984, 32606373373
1.72236e+18, 30, 55, 0, 0, 1965, 40984, 32606373373
1.72236e+18, 30, 55, 0, 0, 1965, 40984, 32606373373
1.72236e+18, 30, 55, 0, 0, 1965, 40984, 32606378844
1.72236e+18, 30, 55, 0, 0, 1965, 40984, 32606378844
1.72236e+18, 30, 55, 0, 0, 1965, 40984, 32606378844
1.72236e+18, 30, 55, 0, 0, 1965, 40984, 32606378844
1.72236e+18, 30, 55, 0, 0, 1965, 40984, 32606378844
1.72236e+18, 30, 55, 0, 0, 1965, 40984, 32606378844
1.72236e+18, 30, 55, 0, 0, 1965, 40984, 32606378844
1.72236e+18, 30, 55, 0, 0, 1965, 40984, 32606378844
1.72236e+18, 30, 55, 0, 0, 1965, 40984, 32606378844
1.72236e+18, 30, 55, 0, 0, 1965, 40984, 32606378844
1.72236e+18, 30, 55, 0, 0, 1965, 40984, 32606378844
1.72236e+18, 30, 55, 0, 0, 1965, 40984, 32606378844
1.72236e+18, 30, 55, 0, 0, 1965, 40984, 32606378844
1.72236e+18, 30, 55, 0, 0, 1965, 40984, 32606378844
1.72236e+18, 30, 55, 0, 0, 1965, 40984, 32606378844
1.72236e+18, 30, 55, 0, 0, 1965, 40984, 32606378844
1.72236e+18, 30, 55, 0, 0, 1965, 40984, 32606378844
1.72236e+18, 30, 55, 0, 0, 1965, 40984, 32606378844
1.72236e+18, 30, 55, 0, 0, 1965, 40984, 32606378844
1.72236e+18, 30, 55, 0, 0, 1965, 40984, 32606378844
1.72236e+18, 30, 55, 0, 0, 1965, 40984, 32606378844
1.72236e+18, 30, 55, 0, 0, 1965, 40984, 32606378844
1.72236e+18, 30, 55, 0, 0, 1965, 40984, 32606378844
1.72236e+18, 30, 55, 0, 0, 1965, 40984, 32606378844
1.72236e+18, 30, 55, 0, 0, 1965, 40984, 32606378844
1.72236e+18, 30, 55, 0, 0, 1965, 40984, 32606378844
1.72236e+18, 30, 55, 0, 0, 1965, 40984, 32606384399
1.72236e+18, 30, 55, 0, 0, 1965, 40984, 32606384399
1.72236e+18, 30, 55, 0, 0, 1965, 40984, 32606384399
1.72236e+18, 30, 55, 0, 0, 1965, 40984, 32606384399
1.72236e+18, 30, 55, 0, 0, 1965, 40984, 32606384399
1.72236e+18, 30, 55, 0, 0, 1965, 40984, 32606384399
1.72236e+18, 30, 55, 0, 0, 1965, 40984, 32606384399
1.72236e+18, 30, 55, 0, 0, 1965, 40984, 32606384399
1.72236e+18, 30, 55, 0, 0, 1965, 40984, 32606384399
1.72236e+18, 30, 55, 0, 0, 1965, 40984, 32606384399
1.72236e+18, 30, 55, 0, 0, 1965, 40984, 32606384399
1.72236e+18, 30, 55, 0, 0, 1965, 40984, 32606384399
1.72236e+18, 30, 55, 0, 0, 1965, 40984, 32606384399
1.72236e+18, 30, 55, 0, 0, 1965, 40984, 32606384399
1.72236e+18, 30, 55, 0, 0, 1965, 40984, 32606384399
1.72236e+18, 30, 55, 0, 0, 1965, 40984, 32606384399
1.72236e+18, 30, 55, 0, 0, 1965, 40984, 32606384399
1.72236e+18, 30, 55, 0, 0, 1965, 40984, 32606384399
1.72236e+18, 30, 55, 0, 0, 1965, 40984, 32606384399
1.72236e+18, 30, 55, 0, 0, 1965, 40984, 32606384399
1.72236e+18, 30, 55, 0, 0, 1965, 40984, 32606384399
1.72236e+18, 30, 55, 0, 0, 1965, 40984, 32606384399
1.72236e+18, 30, 55, 0, 0, 1965, 40984, 32606384399
1.72236e+18, 30, 55, 0, 0, 1965, 40984, 32606384399
1.72236e+18, 30, 55, 0, 0, 1965, 40984, 32606384399
1.72236e+18, 30, 55, 0, 0, 1965, 40984, 32606384399
1.72236e+18, 30, 55, 0, 0, 1965, 40984, 32606384399
1.72236e+18, 30, 55, 0, 0, 1965, 40984, 32606389873
1.72236e+18, 30, 55, 0, 0, 1965, 40984, 32606389873
1.72236e+18, 30, 55, 0, 0, 1965, 40984, 32606389873
1.72236e+18, 30, 55, 0, 0, 1965, 40984, 32606389873
1.72236e+18, 30, 55, 0, 0, 1965, 40984, 32606389873
1.72236e+18, 30, 55, 0, 0, 1965, 40984, 32606389873
1.72236e+18, 30, 54, 0, 0, 1965, 40984, 32606389873
1.72236e+18, 30, 54, 0, 0, 1965, 40984, 32606389873
1.72236e+18, 30, 54, 0, 0, 1965, 40984, 32606389873
1.72236e+18, 30, 54, 0, 0, 1965, 40984, 32606389873
1.72236e+18, 30, 54, 0, 0, 1965, 40984, 32606389873
1.72236e+18, 30, 54, 0, 0, 1965, 40984, 32606389873
1.72236e+18, 30, 54, 0, 0, 1965, 40984, 32606389873
1.72236e+18, 30, 54, 0, 0, 1965, 40984, 32606389873
1.72236e+18, 30, 54, 0, 0, 1965, 40984, 32606389873
1.72236e+18, 30, 54, 0, 0, 1965, 40984, 32606389873
1.72236e+18, 30, 54, 0, 0, 1965, 40984, 32606389873
1.72236e+18, 30, 54, 0, 0, 1965, 40984, 32606389873
1.72236e+18, 30, 54, 0, 0, 1965, 40984, 32606389873
1.72236e+18, 30, 54, 0, 0, 1965, 40984, 32606389873
1.72236e+18, 30, 54, 0, 0, 1965, 40984, 32606389873
1.72236e+18, 30, 54, 0, 0, 1965, 40984, 32606389873
1.72236e+18, 30, 54, 0, 0, 1965, 40984, 32606389873
1.72236e+18, 30, 54, 0, 0, 1965, 40984, 32606389873
1.72236e+18, 30, 54, 0, 0, 1965, 40984, 32606389873
1.72236e+18, 30, 54, 0, 0, 1965, 40984, 32606389873
1.72236e+18, 30, 54, 0, 0, 1965, 40984, 32606395412
1.72236e+18, 30, 54, 0, 0, 1965, 40984, 32606395412
1.72236e+18, 30, 54, 0, 0, 1965, 40984, 32606395412
1.72236e+18, 30, 54, 0, 0, 1965, 40984, 32606395412
1.72236e+18, 30, 54, 0, 0, 1965, 40984, 32606395412
1.72236e+18, 30, 54, 0, 0, 1965, 40984, 32606395412
1.72236e+18, 30, 54, 0, 0, 1965, 40984, 32606395412
1.72236e+18, 30, 54, 0, 0, 1965, 40984, 32606395412
1.72236e+18, 30, 55, 0, 0, 1965, 40984, 32606395412
1.72236e+18, 30, 55, 0, 0, 1965, 40984, 32606395412
1.72236e+18, 30, 55, 0, 0, 1965, 40984, 32606395412
1.72236e+18, 30, 55, 0, 0, 1965, 40984, 32606395412
1.72236e+18, 30, 55, 0, 0, 1965, 40984, 32606395412
1.72236e+18, 30, 55, 0, 0, 1965, 40984, 32606395412
1.72236e+18, 30, 55, 0, 0, 1965, 40984, 32606395412
1.72236e+18, 30, 55, 0, 0, 1965, 40984, 32606395412
1.72236e+18, 30, 55, 0, 0, 1965, 40984, 32606395412
1.72236e+18, 30, 55, 0, 0, 1965, 40984, 32606395412
1.72236e+18, 30, 55, 0, 0, 1965, 40984, 32606395412
1.72236e+18, 30, 55, 0, 0, 1965, 40984, 32606395412
1.72236e+18, 30, 55, 0, 0, 1965, 40984, 32606395412
1.72236e+18, 30, 55, 0, 0, 1965, 40984, 32606395412
1.72236e+18, 30, 55, 0, 0, 1965, 40984, 32606395412
1.72236e+18, 30, 55, 0, 0, 1965, 40984, 32606395412
1.72236e+18, 30, 55, 0, 0, 1965, 40984, 32606395412
1.72236e+18, 30, 55, 0, 0, 1965, 40984, 32606395412
1.72236e+18, 30, 55, 0, 0, 1965, 40984, 32606395412
1.72236e+18, 30, 55, 0, 0, 1965, 40984, 32606400884
1.72236e+18, 30, 55, 0, 0, 1965, 40984, 32606400884
1.72236e+18, 30, 55, 0, 0, 1965, 40984, 32606400884
1.72236e+18, 30, 55, 0, 0, 1965, 40984, 32606400884
1.72236e+18, 30, 55, 0, 0, 1965, 40984, 32606400884
1.72236e+18, 30, 55, 0, 0, 1965, 40984, 32606400884
1.72236e+18, 30, 55, 0, 0, 1965, 40984, 32606400884
1.72236e+18, 30, 55, 0, 0, 1965, 40984, 32606400884
1.72236e+18, 30, 55, 0, 0, 1965, 40984, 32606400884
1.72236e+18, 30, 54, 0, 0, 1965, 40984, 32606400884
1.72236e+18, 30, 54, 0, 0, 1965, 40984, 32606400884
1.72236e+18, 30, 54, 0, 0, 1965, 40984, 32606400884
1.72236e+18, 30, 54, 0, 0, 1965, 40984, 32606400884
1.72236e+18, 30, 54, 0, 0, 1965, 40984, 32606400884
1.72236e+18, 30, 54, 0, 0, 1965, 40984, 32606400884
1.72236e+18, 30, 54, 0, 0, 1965, 40984, 32606400884
1.72236e+18, 30, 54, 0, 0, 1965, 40984, 32606400884
1.72236e+18, 30, 54, 0, 0, 1965, 40984, 32606400884
1.72236e+18, 30, 54, 0, 0, 1965, 40984, 32606400884
1.72236e+18, 30, 54, 0, 0, 1965, 40984, 32606400884
1.72236e+18, 30, 54, 0, 0, 1965, 40984, 32606400884
1.72236e+18, 30, 54, 0, 0, 1965, 40984, 32606400884
1.72236e+18, 30, 54, 0, 0, 1965, 40984, 32606400884
1.72236e+18, 30, 54, 0, 0, 1965, 40984, 32606400884
1.72236e+18, 30, 54, 0, 0, 1965, 40984, 32606400884
1.72236e+18, 30, 54, 0, 0, 1965, 40984, 32606400884
1.72236e+18, 30, 54, 0, 0, 1965, 40984, 32606400884
1.72236e+18, 30, 54, 0, 0, 1965, 40984, 32606406386
1.72236e+18, 30, 54, 0, 0, 1965, 40984, 32606406386
1.72236e+18, 30, 54, 0, 0, 1965, 40984, 32606406386
1.72236e+18, 30, 54, 0, 0, 1965, 40984, 32606406386
1.72236e+18, 30, 54, 0, 0, 1965, 40984, 32606406386
1.72236e+18, 30, 54, 0, 0, 1965, 40984, 32606406386
1.72236e+18, 30, 54, 0, 0, 1965, 40984, 32606406386
1.72236e+18, 30, 54, 0, 0, 1965, 40984, 32606406386
1.72236e+18, 30, 54, 0, 0, 1965, 40984, 32606406386
1.72236e+18, 30, 54, 0, 0, 1965, 40984, 32606406386
1.72236e+18, 30, 54, 0, 0, 1965, 40984, 32606406386
1.72236e+18, 30, 54, 0, 0, 1965, 40984, 32606406386
1.72236e+18, 30, 54, 0, 0, 1965, 40984, 32606406386
1.72236e+18, 30, 54, 0, 0, 1965, 40984, 32606406386
1.72236e+18, 30, 54, 0, 0, 1965, 40984, 32606406386
1.72236e+18, 30, 54, 0, 0, 1965, 40984, 32606406386
1.72236e+18, 30, 54, 0, 0, 1965, 40984, 32606406386
1.72236e+18, 30, 54, 0, 0, 1965, 40984, 32606406386
1.72236e+18, 30, 54, 0, 0, 1965, 40984, 32606406386
1.72236e+18, 30, 54, 0, 0, 1965, 40984, 32606406386
1.72236e+18, 30, 54, 0, 0, 1965, 40984, 32606406386
1.72236e+18, 30, 54, 0, 0, 1965, 40984, 32606406386
1.72236e+18, 30, 54, 0, 0, 1965, 40984, 32606406386
1.72236e+18, 30, 54, 0, 0, 1965, 40984, 32606406386
1.72236e+18, 30, 54, 0, 0, 1965, 40984, 32606406386
1.72236e+18, 30, 54, 0, 0, 1965, 40984, 32606406386
1.72236e+18, 30, 54, 0, 0, 1965, 40984, 32606406386
1.72236e+18, 30, 54, 0, 0, 1965, 40984, 32606411872
1.72236e+18, 30, 54, 0, 0, 1965, 40984, 32606411872
1.72236e+18, 30, 54, 0, 0, 1965, 40984, 32606411872
1.72236e+18, 30, 54, 0, 0, 1965, 40984, 32606411872
1.72236e+18, 30, 54, 0, 0, 1965, 40984, 32606411872
1.72236e+18, 30, 54, 0, 0, 1965, 40984, 32606411872
1.72236e+18, 30, 54, 0, 0, 1965, 40984, 32606411872
1.72236e+18, 30, 54, 0, 0, 1965, 40984, 32606411872
1.72236e+18, 30, 54, 0, 0, 1965, 40984, 32606411872
1.72236e+18, 30, 54, 0, 0, 1965, 40984, 32606411872
1.72236e+18, 30, 54, 0, 0, 1965, 40984, 32606411872
1.72236e+18, 30, 54, 0, 0, 1965, 40984, 32606411872
1.72236e+18, 30, 54, 0, 0, 1965, 40984, 32606411872
1.72236e+18, 30, 54, 0, 0, 1965, 40984, 32606411872
1.72236e+18, 30, 54, 0, 0, 1965, 40984, 32606411872
1.72236e+18, 30, 54, 0, 0, 1965, 40984, 32606411872
1.72236e+18, 30, 54, 0, 0, 1965, 40984, 32606411872
1.72236e+18, 30, 54, 0, 0, 1965, 40984, 32606411872
1.72236e+18, 30, 54, 0, 0, 1965, 40984, 32606411872
1.72236e+18, 30, 54, 0, 0, 1965, 40984, 32606411872
1.72236e+18, 30, 54, 0, 0, 1965, 40984, 32606411872
1.72236e+18, 30, 54, 0, 0, 1965, 40984, 32606411872
1.72236e+18, 30, 54, 0, 0, 1965, 40984, 32606411872
1.72236e+18, 30, 54, 0, 0, 1965, 40984, 32606411872
1.72236e+18, 30, 54, 0, 0, 1965, 40984, 32606411872
1.72236e+18, 30, 54, 0, 0, 1965, 40984, 32606411872
1.72236e+18, 30, 54, 0, 0, 1965, 40984, 32606411872
1.72236e+18, 30, 54, 0, 0, 1965, 40984, 32606417417
1.72236e+18, 30, 54, 0, 0, 1965, 40984, 32606417417
1.72236e+18, 30, 54, 0, 0, 1965, 40984, 32606417417
1.72236e+18, 30, 54, 0, 0, 1965, 40984, 32606417417
1.72236e+18, 30, 54, 0, 0, 1965, 40984, 32606417417
1.72236e+18, 30, 54, 0, 0, 1965, 40984, 32606417417
1.72236e+18, 30, 54, 0, 0, 1965, 40984, 32606417417
1.72236e+18, 30, 54, 0, 0, 1965, 40984, 32606417417
1.72236e+18, 30, 54, 0, 0, 1965, 40984, 32606417417
1.72236e+18, 30, 54, 0, 0, 1965, 40984, 32606417417
1.72236e+18, 30, 54, 0, 0, 1965, 40984, 32606417417
1.72236e+18, 30, 54, 0, 0, 1965, 40984, 32606417417
1.72236e+18, 30, 54, 0, 0, 1965, 40984, 32606417417
1.72236e+18, 30, 54, 0, 0, 1965, 40984, 32606417417
1.72236e+18, 30, 54, 0, 0, 1965, 40984, 32606417417
1.72236e+18, 30, 54, 0, 0, 1965, 40984, 32606417417
1.72236e+18, 30, 54, 0, 0, 1965, 40984, 32606417417
1.72236e+18, 30, 54, 0, 0, 1965, 40984, 32606417417
1.72236e+18, 30, 54, 0, 0, 1965, 40984, 32606417417
1.72236e+18, 30, 54, 0, 0, 1965, 40984, 32606417417
1.72236e+18, 30, 54, 0, 0, 1965, 40984, 32606417417
1.72236e+18, 30, 54, 0, 0, 1965, 40984, 32606417417
1.72236e+18, 30, 54, 0, 0, 1965, 40984, 32606417417
1.72236e+18, 30, 54, 0, 0, 1965, 40984, 32606417417
1.72236e+18, 30, 54, 0, 0, 1965, 40984, 32606417417
1.72236e+18, 30, 54, 0, 0, 1965, 40984, 32606417417
1.72236e+18, 30, 54, 0, 0, 1965, 40984, 32606417417
1.72236e+18, 30, 54, 0, 0, 1965, 40984, 32606422905
1.72236e+18, 30, 54, 0, 0, 1965, 40984, 32606422905
1.72236e+18, 30, 54, 0, 0, 1965, 40984, 32606422905
1.72236e+18, 30, 54, 0, 0, 1965, 40984, 32606422905
1.72236e+18, 30, 54, 0, 0, 1965, 40984, 32606422905
1.72236e+18, 30, 54, 0, 0, 1965, 40984, 32606422905
1.72236e+18, 30, 54, 0, 0, 1965, 40984, 32606422905
1.72236e+18, 30, 54, 0, 0, 1965, 40984, 32606422905
1.72236e+18, 30, 54, 0, 0, 1965, 40984, 32606422905
1.72236e+18, 30, 54, 0, 0, 1965, 40984, 32606422905
1.72236e+18, 30, 54, 0, 0, 1965, 40984, 32606422905
1.72236e+18, 30, 54, 0, 0, 1965, 40984, 32606422905
1.72236e+18, 30, 54, 0, 0, 1965, 40984, 32606422905
1.72236e+18, 30, 54, 0, 0, 1965, 40984, 32606422905
1.72236e+18, 30, 54, 0, 0, 1965, 40984, 32606422905
1.72236e+18, 30, 54, 0, 0, 1965, 40984, 32606422905
1.72236e+18, 30, 54, 0, 0, 1965, 40984, 32606422905
1.72236e+18, 30, 54, 0, 0, 1965, 40984, 32606422905
1.72236e+18, 30, 54, 0, 0, 1965, 40984, 32606422905
1.72236e+18, 30, 54, 0, 0, 1965, 40984, 32606422905
1.72236e+18, 30, 54, 0, 0, 1965, 40984, 32606422905
1.72236e+18, 30, 54, 0, 0, 1965, 40984, 32606422905
1.72236e+18, 30, 54, 0, 0, 1965, 40984, 32606422905
1.72236e+18, 30, 54, 0, 0, 1965, 40984, 32606422905
1.72236e+18, 30, 54, 0, 0, 1965, 40984, 32606422905
1.72236e+18, 30, 54, 0, 0, 1965, 40984, 32606422905
1.72236e+18, 30, 54, 0, 0, 1965, 40984, 32606422905
1.72236e+18, 30, 54, 0, 0, 1965, 40984, 32606428436
1.72236e+18, 30, 54, 0, 0, 1965, 40984, 32606428436
1.72236e+18, 30, 54, 0, 0, 1965, 40984, 32606428436
1.72236e+18, 30, 54, 0, 0, 1965, 40984, 32606428436
