device,ID,DCGM_FI_DEV_POWER_USAGE,DCGM_FI_DEV_TOTAL_ENERGY_CONSUMPTION,DCGM_FI_DEV_GPU_UTIL,DCGM_FI_DEV_MEM_COPY_UTIL,DCGM_FI_PROF_SM_ACTIVE,DCGM_FI_PROF_SM_OCCUPANCY,DCGM_FI_PROF_DRAM_ACTIVE,DCGM_FI_DEV_CPU_UTIL_TOTAL
GPU,0,57.444,35819848372,0,0,0.000,0.000,0.000,0.000,
GPU,0,57.444,35819848372,0,0,0.000,0.000,0.000,0.000,
GPU,0,57.444,35819848372,0,0,0.000,0.000,0.000,0.000,
GPU,0,57.444,35819848372,0,0,0.000,0.000,0.000,0.000,
GPU,0,57.444,35819848372,0,0,0.000,0.000,0.000,0.000,
GPU,0,57.444,35819848372,0,0,0.000,0.000,0.000,0.000,
GPU,0,57.444,35819848372,0,0,0.000,0.000,0.000,0.000,
GPU,0,57.444,35819848372,0,0,0.000,0.000,0.000,0.000,
GPU,0,57.444,35819848372,0,0,0.000,0.000,0.000,0.000,
GPU,0,57.444,35819848372,0,0,0.000,0.000,0.000,0.000,
GPU,0,57.444,35819848372,0,0,0.000,0.000,0.000,0.000,
GPU,0,57.444,35819848372,0,0,0.000,0.000,0.000,0.000,
GPU,0,57.444,35819848372,0,0,0.000,0.000,0.000,0.000,
GPU,0,57.444,35819848372,0,0,0.000,0.000,0.000,0.000,
GPU,0,57.444,35819848372,0,0,0.000,0.000,0.000,0.000,
GPU,0,57.444,35819848372,0,0,0.000,0.000,0.000,0.000,
GPU,0,57.444,35819848372,0,0,0.000,0.000,0.000,0.000,
GPU,0,57.444,35819848372,0,0,0.000,0.000,0.000,0.000,
GPU,0,57.444,35819848372,0,0,0.000,0.000,0.000,0.000,
GPU,0,57.444,35819848372,0,0,0.000,0.000,0.000,0.000,
GPU,0,57.444,35819848372,0,0,0.000,0.000,0.000,0.000,
GPU,0,57.444,35819848372,0,0,0.000,0.000,0.000,0.000,
GPU,0,57.444,35819848372,0,0,0.000,0.000,0.000,0.000,
GPU,0,57.444,35819848372,0,0,0.000,0.000,0.000,0.000,
GPU,0,57.444,35819848372,0,0,0.000,0.000,0.000,0.000,
GPU,0,57.444,35819848372,0,0,0.000,0.000,0.000,0.000,
GPU,0,57.444,35819848372,0,0,0.000,0.000,0.000,0.000,
GPU,0,57.444,35819848372,0,0,0.000,0.000,0.000,0.000,
GPU,0,57.444,35819848372,0,0,0.000,0.000,0.000,0.000,
GPU,0,57.444,35819848372,0,0,0.000,0.000,0.000,0.000,
GPU,0,57.444,35819848372,0,0,0.000,0.000,0.000,0.000,
GPU,0,57.444,35819848372,0,0,0.000,0.000,0.000,0.000,
GPU,0,57.444,35819848372,0,0,0.000,0.000,0.000,0.000,
GPU,0,57.444,35819848372,0,0,0.000,0.000,0.000,0.000,
GPU,0,57.444,35819848372,0,0,0.000,0.000,0.000,0.000,
GPU,0,57.444,35819848372,0,0,0.000,0.000,0.000,0.000,
GPU,0,57.444,35819848372,0,0,0.000,0.000,0.000,0.000,
GPU,0,57.444,35819848372,0,0,0.000,0.000,0.000,0.000,
GPU,0,57.444,35819848372,0,0,0.000,0.000,0.000,0.000,
GPU,0,57.444,35819848372,0,0,0.000,0.000,0.000,0.000,
GPU,0,57.444,35819854139,0,0,0.000,0.000,0.000,0.000,
GPU,0,57.444,35819854139,0,0,0.000,0.000,0.000,0.000,
GPU,0,57.444,35819854139,0,0,0.000,0.000,0.000,0.000,
GPU,0,57.444,35819854139,0,0,0.000,0.000,0.000,0.000,
GPU,0,57.444,35819854139,0,0,0.000,0.000,0.000,0.000,
GPU,0,57.444,35819854139,0,0,0.000,0.000,0.000,0.000,
GPU,0,57.444,35819854139,0,0,0.000,0.000,0.000,0.000,
GPU,0,57.444,35819854139,0,0,0.000,0.000,0.000,0.000,
GPU,0,57.444,35819854139,0,0,0.000,0.000,0.000,0.000,
GPU,0,57.444,35819854139,0,0,0.000,0.000,0.000,0.000,
GPU,0,57.444,35819854139,0,0,0.000,0.000,0.000,0.000,
GPU,0,57.444,35819854139,0,0,0.000,0.000,0.000,0.000,
GPU,0,57.444,35819854139,0,0,0.000,0.000,0.000,0.000,
GPU,0,57.444,35819854139,0,0,0.000,0.000,0.000,0.000,
GPU,0,57.444,35819854139,0,0,0.000,0.000,0.000,0.000,
GPU,0,57.266,35819854139,0,0,0.000,0.000,0.000,0.000,
GPU,0,57.266,35819854139,0,0,0.000,0.000,0.000,0.000,
GPU,0,57.266,35819854139,0,0,0.000,0.000,0.000,0.000,
GPU,0,57.266,35819854139,0,0,0.000,0.000,0.000,0.000,
GPU,0,57.266,35819854139,0,0,0.000,0.000,0.000,0.000,
GPU,0,57.266,35819854139,0,0,0.000,0.000,0.000,0.000,
GPU,0,57.266,35819854139,0,0,0.000,0.000,0.000,0.000,
GPU,0,57.266,35819854139,0,0,0.000,0.000,0.000,0.000,
GPU,0,57.266,35819854139,0,0,0.000,0.000,0.000,0.000,
GPU,0,57.266,35819854139,0,0,0.000,0.000,0.000,0.000,
GPU,0,57.266,35819854139,0,0,0.000,0.000,0.000,0.000,
GPU,0,57.266,35819854139,0,0,0.000,0.000,0.000,0.000,
GPU,0,57.266,35819854139,0,0,0.000,0.000,0.000,0.000,
GPU,0,57.266,35819854139,0,0,0.000,0.000,0.000,0.000,
GPU,0,57.266,35819854139,0,0,0.000,0.000,0.000,0.000,
GPU,0,57.266,35819854139,0,0,0.000,0.000,0.000,0.000,
GPU,0,57.266,35819854139,0,0,0.000,0.000,0.000,0.000,
GPU,0,57.266,35819854139,0,0,0.000,0.000,0.000,0.000,
GPU,0,57.266,35819854139,0,0,0.000,0.000,0.000,0.000,
GPU,0,57.266,35819854139,0,0,0.000,0.000,0.000,0.000,
GPU,0,57.266,35819854139,0,0,0.000,0.000,0.000,0.000,
GPU,0,57.266,35819854139,0,0,0.000,0.000,0.000,0.000,
GPU,0,57.266,35819854139,0,0,0.000,0.000,0.000,0.000,
GPU,0,57.266,35819854139,0,0,0.000,0.000,0.000,0.000,
GPU,0,57.266,35819854139,0,0,0.000,0.000,0.000,0.000,
GPU,0,57.266,35819854139,0,0,0.000,0.000,0.000,0.000,
GPU,0,57.266,35819854139,0,0,0.000,0.000,0.000,0.000,
GPU,0,57.266,35819854139,0,0,0.000,0.000,0.000,0.000,
GPU,0,57.266,35819854139,0,0,0.000,0.000,0.000,0.000,
GPU,0,57.266,35819854139,0,0,0.000,0.000,0.000,0.000,
GPU,0,57.266,35819854139,0,0,0.000,0.000,0.000,0.000,
GPU,0,57.266,35819854139,0,0,0.000,0.000,0.000,0.000,
GPU,0,57.266,35819854139,0,0,0.000,0.000,0.000,0.000,
GPU,0,57.266,35819854139,0,0,0.000,0.000,0.000,0.000,
GPU,0,57.266,35819854139,0,0,0.000,0.000,0.000,0.000,
GPU,0,57.266,35819854139,0,0,0.000,0.000,0.000,0.000,
GPU,0,57.266,35819854139,0,0,0.000,0.000,0.000,0.000,
GPU,0,57.266,35819854139,0,0,0.000,0.000,0.000,0.000,
GPU,0,57.266,35819854139,0,0,0.000,0.000,0.000,0.000,
GPU,0,57.266,35819854139,0,0,0.000,0.000,0.000,0.000,
GPU,0,57.266,35819854139,0,0,0.000,0.000,0.000,0.000,
GPU,0,57.266,35819854139,0,0,0.000,0.000,0.000,0.000,
GPU,0,57.266,35819854139,0,0,0.000,0.000,0.000,0.000,
GPU,0,57.266,35819854139,0,0,0.000,0.000,0.000,0.000,
GPU,0,57.266,35819854139,0,0,0.000,0.000,0.000,0.000,
GPU,0,57.266,35819854139,0,0,0.000,0.000,0.000,0.000,
GPU,0,57.266,35819854139,0,0,0.000,0.000,0.000,0.000,
GPU,0,57.266,35819854139,0,0,0.000,0.000,0.000,0.000,
GPU,0,57.266,35819854139,0,0,0.000,0.000,0.000,0.000,
GPU,0,57.266,35819854139,0,0,0.000,0.000,0.000,0.000,
GPU,0,57.266,35819854139,0,0,0.000,0.000,0.000,0.000,
GPU,0,57.266,35819859922,0,0,0.000,0.000,0.000,0.000,
GPU,0,57.266,35819859922,0,0,0.000,0.000,0.000,0.000,
GPU,0,57.266,35819859922,0,0,0.000,0.000,0.000,0.000,
GPU,0,57.266,35819859922,0,0,0.000,0.000,0.000,0.000,
GPU,0,57.266,35819859922,0,0,0.000,0.000,0.000,0.000,
GPU,0,57.266,35819859922,0,0,0.000,0.000,0.000,0.000,
GPU,0,57.266,35819859922,0,0,0.000,0.000,0.000,0.000,
GPU,0,57.266,35819859922,0,0,0.000,0.000,0.000,0.000,
GPU,0,57.266,35819859922,0,0,0.000,0.000,0.000,0.000,
GPU,0,57.266,35819859922,0,0,0.000,0.000,0.000,0.000,
GPU,0,57.266,35819859922,0,0,0.000,0.000,0.000,0.000,
GPU,0,57.266,35819859922,0,0,0.000,0.000,0.000,0.000,
GPU,0,57.266,35819859922,0,0,0.000,0.000,0.000,0.000,
GPU,0,57.266,35819859922,0,0,0.000,0.000,0.000,0.000,
GPU,0,57.266,35819859922,0,0,0.000,0.000,0.000,0.000,
GPU,0,57.266,35819859922,0,0,0.000,0.000,0.000,0.000,
GPU,0,57.266,35819859922,0,0,0.000,0.000,0.000,0.000,
GPU,0,57.266,35819859922,0,0,0.000,0.000,0.000,0.000,
GPU,0,57.266,35819859922,0,0,0.000,0.000,0.000,0.000,
GPU,0,57.200,35819859922,0,0,0.000,0.000,0.000,0.000,
GPU,0,57.200,35819859922,0,0,0.000,0.000,0.000,0.000,
GPU,0,57.200,35819859922,0,0,0.000,0.000,0.000,0.000,
GPU,0,57.200,35819859922,0,0,0.000,0.000,0.000,0.000,
GPU,0,57.200,35819859922,0,0,0.000,0.000,0.000,0.000,
GPU,0,57.200,35819859922,0,0,0.000,0.000,0.000,0.000,
GPU,0,57.200,35819859922,0,0,0.000,0.000,0.000,0.000,
GPU,0,57.200,35819859922,0,0,0.000,0.000,0.000,0.000,
GPU,0,57.200,35819859922,0,0,0.000,0.000,0.000,0.000,
GPU,0,57.200,35819859922,0,0,0.000,0.000,0.000,0.000,
GPU,0,57.200,35819859922,0,0,0.000,0.000,0.000,0.000,
GPU,0,57.200,35819859922,0,0,0.000,0.000,0.000,0.000,
GPU,0,57.200,35819859922,0,0,0.000,0.000,0.000,0.000,
GPU,0,57.200,35819859922,0,0,0.000,0.000,0.000,0.000,
GPU,0,57.200,35819859922,0,0,0.000,0.000,0.000,0.000,
GPU,0,57.200,35819859922,0,0,0.000,0.000,0.000,0.000,
GPU,0,57.200,35819859922,0,0,0.000,0.000,0.000,0.000,
GPU,0,57.200,35819859922,0,0,0.000,0.000,0.000,0.000,
GPU,0,57.200,35819859922,0,0,0.000,0.000,0.000,0.000,
GPU,0,57.200,35819859922,0,0,0.000,0.000,0.000,0.000,
GPU,0,57.200,35819859922,0,0,0.000,0.000,0.000,0.000,
GPU,0,57.200,35819859922,0,0,0.000,0.000,0.000,0.000,
GPU,0,57.200,35819859922,0,0,0.000,0.000,0.000,0.000,
GPU,0,57.200,35819859922,0,0,0.000,0.000,0.000,0.000,
GPU,0,57.200,35819859922,0,0,0.000,0.000,0.000,0.000,
GPU,0,57.200,35819859922,0,0,0.000,0.000,0.000,0.000,
GPU,0,57.200,35819859922,0,0,0.000,0.000,0.000,0.000,
GPU,0,57.200,35819859922,0,0,0.000,0.000,0.000,0.000,
GPU,0,57.200,35819859922,0,0,0.000,0.000,0.000,0.000,
GPU,0,57.200,35819859922,0,0,0.000,0.000,0.000,0.000,
GPU,0,57.200,35819859922,0,0,0.000,0.000,0.000,0.000,
GPU,0,57.200,35819859922,0,0,0.000,0.000,0.000,0.000,
GPU,0,57.200,35819859922,0,0,0.000,0.000,0.000,0.000,
GPU,0,57.200,35819859922,0,0,0.000,0.000,0.000,0.000,
GPU,0,57.200,35819859922,0,0,0.000,0.000,0.000,0.000,
GPU,0,57.200,35819859922,0,0,0.000,0.000,0.000,0.000,
GPU,0,57.200,35819859922,0,0,0.000,0.000,0.000,0.000,
GPU,0,57.200,35819859922,0,0,0.000,0.000,0.000,0.000,
GPU,0,57.200,35819859922,0,0,0.000,0.000,0.000,0.000,
GPU,0,57.200,35819859922,0,0,0.000,0.000,0.000,0.000,
GPU,0,57.200,35819859922,0,0,0.000,0.000,0.000,0.000,
GPU,0,57.200,35819859922,0,0,0.000,0.000,0.000,0.000,
GPU,0,57.200,35819859922,0,0,0.000,0.000,0.000,0.000,
GPU,0,57.200,35819859922,0,0,0.000,0.000,0.000,0.000,
GPU,0,57.200,35819859922,0,0,0.000,0.000,0.000,0.000,
GPU,0,57.200,35819859922,0,0,0.000,0.000,0.000,0.000,
GPU,0,57.200,35819859922,0,0,0.000,0.000,0.000,0.000,
GPU,0,57.200,35819859922,0,0,0.000,0.000,0.000,0.000,
GPU,0,57.200,35819859922,0,0,0.000,0.000,0.000,0.000,
GPU,0,57.200,35819859922,0,0,0.000,0.000,0.000,0.000,
GPU,0,57.200,35819859922,0,0,0.000,0.000,0.000,0.000,
GPU,0,57.200,35819859922,0,0,0.000,0.000,0.000,0.000,
GPU,0,57.200,35819859922,0,0,0.000,0.000,0.000,0.000,
GPU,0,57.200,35819859922,0,0,0.000,0.000,0.000,0.000,
GPU,0,57.200,35819865780,0,0,0.000,0.000,0.000,0.000,
GPU,0,57.200,35819865780,0,0,0.000,0.000,0.000,0.000,
GPU,0,57.200,35819865780,0,0,0.000,0.000,0.000,0.000,
GPU,0,57.200,35819865780,0,0,0.000,0.000,0.000,0.000,
GPU,0,57.200,35819865780,0,0,0.000,0.000,0.000,0.000,
GPU,0,57.200,35819865780,0,0,0.000,0.000,0.000,0.000,
GPU,0,57.200,35819865780,0,0,0.000,0.000,0.000,0.000,
GPU,0,57.200,35819865780,0,0,0.000,0.000,0.000,0.000,
GPU,0,57.200,35819865780,0,0,0.000,0.000,0.000,0.000,
GPU,0,57.200,35819865780,0,0,0.000,0.000,0.000,0.000,
GPU,0,57.266,35819865780,0,0,0.000,0.000,0.000,0.000,
GPU,0,57.266,35819865780,0,0,0.000,0.000,0.000,0.000,
GPU,0,57.266,35819865780,0,0,0.000,0.000,0.000,0.000,
GPU,0,57.266,35819865780,0,0,0.000,0.000,0.000,0.000,
GPU,0,57.266,35819865780,0,0,0.000,0.000,0.000,0.000,
GPU,0,57.266,35819865780,0,0,0.000,0.000,0.000,0.000,
GPU,0,57.266,35819865780,0,0,0.000,0.000,0.000,0.000,
GPU,0,57.266,35819865780,0,0,0.000,0.000,0.000,0.000,
GPU,0,57.266,35819865780,0,0,0.000,0.000,0.000,0.000,
GPU,0,57.266,35819865780,0,0,0.000,0.000,0.000,0.000,
GPU,0,57.266,35819865780,0,0,0.000,0.000,0.000,0.000,
GPU,0,57.266,35819865780,0,0,0.000,0.000,0.000,0.000,
GPU,0,57.266,35819865780,0,0,0.000,0.000,0.000,0.000,
GPU,0,57.266,35819865780,0,0,0.000,0.000,0.000,0.000,
GPU,0,57.266,35819865780,0,0,0.000,0.000,0.000,0.000,
GPU,0,57.266,35819865780,0,0,0.000,0.000,0.000,0.000,
GPU,0,57.266,35819865780,0,0,0.000,0.000,0.000,0.000,
GPU,0,57.266,35819865780,0,0,0.000,0.000,0.000,0.000,
GPU,0,57.266,35819865780,0,0,0.000,0.000,0.000,0.000,
GPU,0,57.266,35819865780,0,0,0.000,0.000,0.000,0.000,
GPU,0,57.266,35819865780,0,0,0.000,0.000,0.000,0.000,
GPU,0,57.266,35819865780,0,0,0.000,0.000,0.000,0.000,
GPU,0,57.266,35819865780,0,0,0.000,0.000,0.000,0.000,
GPU,0,57.266,35819865780,0,0,0.000,0.000,0.000,0.000,
GPU,0,57.266,35819865780,0,0,0.000,0.000,0.000,0.000,
GPU,0,57.266,35819865780,0,0,0.000,0.000,0.000,0.000,
GPU,0,57.266,35819865780,0,0,0.000,0.000,0.000,0.000,
GPU,0,57.266,35819865780,0,0,0.000,0.000,0.000,0.000,
GPU,0,57.266,35819865780,0,0,0.000,0.000,0.000,0.000,
GPU,0,57.266,35819865780,0,0,0.000,0.000,0.000,0.000,
GPU,0,57.266,35819865780,0,0,0.000,0.000,0.000,0.000,
GPU,0,57.266,35819865780,0,0,0.000,0.000,0.000,0.000,
GPU,0,57.266,35819865780,0,0,0.000,0.000,0.000,0.000,
GPU,0,57.266,35819865780,0,0,0.000,0.000,0.000,0.000,
GPU,0,57.266,35819865780,0,0,0.000,0.000,0.000,0.000,
GPU,0,57.266,35819865780,0,0,0.000,0.000,0.000,0.000,
GPU,0,57.266,35819865780,0,0,0.000,0.000,0.000,0.000,
GPU,0,57.266,35819865780,0,0,0.000,0.000,0.000,0.000,
GPU,0,57.266,35819865780,0,0,0.000,0.000,0.000,0.000,
GPU,0,57.266,35819865780,0,0,0.000,0.000,0.000,0.000,
GPU,0,57.266,35819865780,0,0,0.000,0.000,0.000,0.000,
GPU,0,57.266,35819865780,0,0,0.000,0.000,0.000,0.000,
GPU,0,57.266,35819865780,0,0,0.000,0.000,0.000,0.000,
GPU,0,57.266,35819865780,0,0,0.000,0.000,0.000,0.000,
GPU,0,57.266,35819865780,0,0,0.000,0.000,0.000,0.000,
GPU,0,57.266,35819865780,0,0,0.000,0.000,0.000,0.000,
GPU,0,57.266,35819865780,0,0,0.000,0.000,0.000,0.000,
GPU,0,57.266,35819865780,0,0,0.000,0.000,0.000,0.000,
GPU,0,57.266,35819865780,0,0,0.000,0.000,0.000,0.000,
GPU,0,57.266,35819865780,0,0,0.000,0.000,0.000,0.000,
GPU,0,57.266,35819865780,0,0,0.000,0.000,0.000,0.000,
GPU,0,57.266,35819865780,0,0,0.000,0.000,0.000,0.000,
GPU,0,57.266,35819865780,0,0,0.000,0.000,0.000,0.000,
GPU,0,57.266,35819865780,0,0,0.000,0.000,0.000,0.000,
GPU,0,57.266,35819871466,0,0,0.000,0.000,0.000,0.000,
GPU,0,57.266,35819871466,0,0,0.000,0.000,0.000,0.000,
GPU,0,57.266,35819871466,0,0,0.000,0.000,0.000,0.000,
GPU,0,57.266,35819871466,0,0,0.000,0.000,0.000,0.000,
GPU,0,57.266,35819871466,0,0,0.000,0.000,0.000,0.000,
GPU,0,57.266,35819871466,0,0,0.000,0.000,0.000,0.000,
GPU,0,57.266,35819871466,0,0,0.000,0.000,0.000,0.000,
GPU,0,57.266,35819871466,0,0,0.000,0.000,0.000,0.000,
GPU,0,57.266,35819871466,0,0,0.000,0.000,0.000,0.000,
GPU,0,57.266,35819871466,0,0,0.000,0.000,0.000,0.000,
GPU,0,57.266,35819871466,0,0,0.000,0.000,0.000,0.000,
GPU,0,57.266,35819871466,0,0,0.000,0.000,0.000,0.000,
GPU,0,57.266,35819871466,0,0,0.000,0.000,0.000,0.000,
GPU,0,57.266,35819871466,0,0,0.000,0.000,0.000,0.000,
GPU,0,57.266,35819871466,0,0,0.000,0.000,0.000,0.000,
GPU,0,57.200,35819871466,0,0,0.000,0.000,0.000,0.000,
GPU,0,57.200,35819871466,0,0,0.000,0.000,0.000,0.000,
GPU,0,57.200,35819871466,0,0,0.000,0.000,0.000,0.000,
GPU,0,57.200,35819871466,0,0,0.000,0.000,0.000,0.000,
GPU,0,57.200,35819871466,0,0,0.000,0.000,0.000,0.000,
GPU,0,57.200,35819871466,0,0,0.000,0.000,0.000,0.000,
GPU,0,57.200,35819871466,0,0,0.000,0.000,0.000,0.000,
GPU,0,57.200,35819871466,0,0,0.000,0.000,0.000,0.000,
GPU,0,57.200,35819871466,0,0,0.000,0.000,0.000,0.000,
GPU,0,57.200,35819871466,0,0,0.000,0.000,0.000,0.000,
GPU,0,57.200,35819871466,0,0,0.000,0.000,0.000,0.000,
GPU,0,57.200,35819871466,0,0,0.000,0.000,0.000,0.000,
GPU,0,57.200,35819871466,0,0,0.000,0.000,0.000,0.000,
GPU,0,57.200,35819871466,0,0,0.000,0.000,0.000,0.000,
GPU,0,57.200,35819871466,0,0,0.000,0.000,0.000,0.000,
GPU,0,57.200,35819871466,0,0,0.000,0.000,0.000,0.000,
GPU,0,57.200,35819871466,0,0,0.000,0.000,0.000,0.000,
GPU,0,57.200,35819871466,0,0,0.000,0.000,0.000,0.000,
GPU,0,57.200,35819871466,0,0,0.000,0.000,0.000,0.000,
GPU,0,57.200,35819871466,0,0,0.000,0.000,0.000,0.000,
GPU,0,57.200,35819871466,0,0,0.000,0.000,0.000,0.000,
GPU,0,57.200,35819871466,0,0,0.000,0.000,0.000,0.000,
GPU,0,57.200,35819871466,0,0,0.000,0.000,0.000,0.000,
GPU,0,57.200,35819871466,0,0,0.000,0.000,0.000,0.000,
GPU,0,57.200,35819871466,0,0,0.000,0.000,0.000,0.000,
GPU,0,57.200,35819871466,0,0,0.000,0.000,0.000,0.000,
GPU,0,57.200,35819871466,0,0,0.000,0.000,0.000,0.000,
GPU,0,57.200,35819871466,0,0,0.000,0.000,0.000,0.000,
GPU,0,57.200,35819871466,0,0,0.000,0.000,0.000,0.000,
GPU,0,57.200,35819871466,0,0,0.000,0.000,0.000,0.000,
GPU,0,57.200,35819871466,0,0,0.000,0.000,0.000,0.000,
GPU,0,57.200,35819871466,0,0,0.000,0.000,0.000,0.000,
GPU,0,57.200,35819871466,0,0,0.000,0.000,0.000,0.000,
GPU,0,57.200,35819871466,0,0,0.000,0.000,0.000,0.000,
GPU,0,57.200,35819871466,0,0,0.000,0.000,0.000,0.000,
GPU,0,57.200,35819871466,0,0,0.000,0.000,0.000,0.000,
GPU,0,57.200,35819871466,0,0,0.000,0.000,0.000,0.000,
GPU,0,57.200,35819871466,0,0,0.000,0.000,0.000,0.000,
GPU,0,57.200,35819871466,0,0,0.000,0.000,0.000,0.000,
GPU,0,57.200,35819871466,0,0,0.000,0.000,0.000,0.000,
GPU,0,57.200,35819871466,0,0,0.000,0.000,0.000,0.000,
GPU,0,57.200,35819871466,0,0,0.000,0.000,0.000,0.000,
GPU,0,57.200,35819871466,0,0,0.000,0.000,0.000,0.000,
GPU,0,57.200,35819871466,0,0,0.000,0.000,0.000,0.000,
GPU,0,57.200,35819871466,0,0,0.000,0.000,0.000,0.000,
GPU,0,57.200,35819871466,0,0,0.000,0.000,0.000,0.000,
GPU,0,57.200,35819871466,0,0,0.000,0.000,0.000,0.000,
GPU,0,57.200,35819871466,0,0,0.000,0.000,0.000,0.000,
GPU,0,57.200,35819871466,0,0,0.000,0.000,0.000,0.000,
GPU,0,57.200,35819871466,0,0,0.000,0.000,0.000,0.000,
GPU,0,57.200,35819871466,0,0,0.000,0.000,0.000,0.000,
GPU,0,57.200,35819871466,0,0,0.000,0.000,0.000,0.000,
GPU,0,57.200,35819871466,0,0,0.000,0.000,0.000,0.000,
GPU,0,57.200,35819871466,0,0,0.000,0.000,0.000,0.000,
GPU,0,57.200,35819871466,0,0,0.000,0.000,0.000,0.000,
GPU,0,57.200,35819877228,0,0,0.000,0.000,0.000,0.000,
GPU,0,57.200,35819877228,0,0,0.000,0.000,0.000,0.000,
GPU,0,57.200,35819877228,0,0,0.000,0.000,0.000,0.000,
GPU,0,57.200,35819877228,0,0,0.000,0.000,0.000,0.000,
GPU,0,57.200,35819877228,0,0,0.000,0.000,0.000,0.000,
GPU,0,57.200,35819877228,0,0,0.000,0.000,0.000,0.000,
GPU,0,57.200,35819877228,0,0,0.000,0.000,0.000,0.000,
GPU,0,57.200,35819877228,0,0,0.000,0.000,0.000,0.000,
GPU,0,57.200,35819877228,0,0,0.000,0.000,0.000,0.000,
GPU,0,57.200,35819877228,0,0,0.000,0.000,0.000,0.000,
GPU,0,57.200,35819877228,0,0,0.000,0.000,0.000,0.000,
GPU,0,57.200,35819877228,0,0,0.000,0.000,0.000,0.000,
GPU,0,57.200,35819877228,0,0,0.000,0.000,0.000,0.000,
GPU,0,57.200,35819877228,0,0,0.000,0.000,0.000,0.000,
GPU,0,57.200,35819877228,0,0,0.000,0.000,0.000,0.000,
GPU,0,57.200,35819877228,0,0,0.000,0.000,0.000,0.000,
GPU,0,57.266,35819877228,0,0,0.000,0.000,0.000,0.000,
GPU,0,57.266,35819877228,0,0,0.000,0.000,0.000,0.000,
GPU,0,57.266,35819877228,0,0,0.000,0.000,0.000,0.000,
GPU,0,57.266,35819877228,0,0,0.000,0.000,0.000,0.000,
GPU,0,57.266,35819877228,0,0,0.000,0.000,0.000,0.000,
GPU,0,57.266,35819877228,0,0,0.000,0.000,0.000,0.000,
GPU,0,57.266,35819877228,0,0,0.000,0.000,0.000,0.000,
GPU,0,57.266,35819877228,0,0,0.000,0.000,0.000,0.000,
GPU,0,57.266,35819877228,0,0,0.000,0.000,0.000,0.000,
GPU,0,57.266,35819877228,0,0,0.000,0.000,0.000,0.000,
GPU,0,57.266,35819877228,0,0,0.000,0.000,0.000,0.000,
GPU,0,57.266,35819877228,0,0,0.000,0.000,0.000,0.000,
GPU,0,57.266,35819877228,0,0,0.000,0.000,0.000,0.000,
GPU,0,57.266,35819877228,0,0,0.000,0.000,0.000,0.000,
GPU,0,57.266,35819877228,0,0,0.000,0.000,0.000,0.000,
GPU,0,57.266,35819877228,0,0,0.000,0.000,0.000,0.000,
GPU,0,57.266,35819877228,0,0,0.000,0.000,0.000,0.000,
GPU,0,57.266,35819877228,0,0,0.000,0.000,0.000,0.000,
GPU,0,57.266,35819877228,0,0,0.000,0.000,0.000,0.000,
GPU,0,57.266,35819877228,0,0,0.000,0.000,0.000,0.000,
GPU,0,57.266,35819877228,0,0,0.000,0.000,0.000,0.000,
GPU,0,57.266,35819877228,0,0,0.000,0.000,0.000,0.000,
GPU,0,57.266,35819877228,0,0,0.000,0.000,0.000,0.000,
GPU,0,57.266,35819877228,0,0,0.000,0.000,0.000,0.000,
GPU,0,57.266,35819877228,0,0,0.000,0.000,0.000,0.000,
GPU,0,57.266,35819877228,0,0,0.000,0.000,0.000,0.000,
GPU,0,57.266,35819877228,0,0,0.000,0.000,0.000,0.000,
GPU,0,57.266,35819877228,0,0,0.000,0.000,0.000,0.000,
GPU,0,57.266,35819877228,0,0,0.000,0.000,0.000,0.000,
GPU,0,57.266,35819877228,0,0,0.000,0.000,0.000,0.000,
GPU,0,57.266,35819877228,0,0,0.000,0.000,0.000,0.000,
GPU,0,57.266,35819877228,0,0,0.000,0.000,0.000,0.000,
GPU,0,57.266,35819877228,0,0,0.000,0.000,0.000,0.000,
GPU,0,57.266,35819877228,0,0,0.000,0.000,0.000,0.000,
GPU,0,57.266,35819877228,0,0,0.000,0.000,0.000,0.000,
GPU,0,57.266,35819877228,0,0,0.000,0.000,0.000,0.000,
GPU,0,57.266,35819877228,0,0,0.000,0.000,0.000,0.000,
GPU,0,57.266,35819877228,0,0,0.000,0.000,0.000,0.000,
GPU,0,57.266,35819877228,0,0,0.000,0.000,0.000,0.000,
GPU,0,57.266,35819877228,0,0,0.000,0.000,0.000,0.000,
GPU,0,57.266,35819877228,0,0,0.000,0.000,0.000,0.000,
GPU,0,57.266,35819877228,0,0,0.000,0.000,0.000,0.000,
GPU,0,57.266,35819877228,0,0,0.000,0.000,0.000,0.000,
GPU,0,57.266,35819877228,0,0,0.000,0.000,0.000,0.000,
GPU,0,57.266,35819877228,0,0,0.000,0.000,0.000,0.000,
GPU,0,57.266,35819877228,0,0,0.000,0.000,0.000,0.000,
GPU,0,57.266,35819877228,0,0,0.000,0.000,0.000,0.000,
GPU,0,57.266,35819877228,0,0,0.000,0.000,0.000,0.000,
GPU,0,57.266,35819877228,0,0,0.000,0.000,0.000,0.000,
GPU,0,57.266,35819877228,0,0,0.000,0.000,0.000,0.000,
GPU,0,57.266,35819877228,0,0,0.000,0.000,0.000,0.000,
GPU,0,57.266,35819883000,0,0,0.000,0.000,0.000,0.000,
GPU,0,57.266,35819883000,0,0,0.000,0.000,0.000,0.000,
GPU,0,57.266,35819883000,0,0,0.000,0.000,0.000,0.000,
GPU,0,57.266,35819883000,0,0,0.000,0.000,0.000,0.000,
GPU,0,57.266,35819883000,0,0,0.000,0.000,0.000,0.000,
GPU,0,57.266,35819883000,0,0,0.000,0.000,0.000,0.000,
GPU,0,57.266,35819883000,0,0,0.000,0.000,0.000,0.000,
GPU,0,57.266,35819883000,0,0,0.000,0.000,0.000,0.000,
GPU,0,57.266,35819883000,0,0,0.000,0.000,0.000,0.000,
GPU,0,57.266,35819883000,0,0,0.000,0.000,0.000,0.000,
GPU,0,57.266,35819883000,0,0,0.000,0.000,0.000,0.000,
GPU,0,57.266,35819883000,0,0,0.000,0.000,0.000,0.000,
GPU,0,57.266,35819883000,0,0,0.000,0.000,0.000,0.000,
GPU,0,57.266,35819883000,0,0,0.000,0.000,0.000,0.000,
GPU,0,57.200,35819883000,0,0,0.000,0.000,0.000,0.000,
GPU,0,57.200,35819883000,0,0,0.000,0.000,0.000,0.000,
GPU,0,57.200,35819883000,0,0,0.000,0.000,0.000,0.000,
GPU,0,57.200,35819883000,0,0,0.000,0.000,0.000,0.000,
GPU,0,57.200,35819883000,0,0,0.000,0.000,0.000,0.000,
GPU,0,57.200,35819883000,0,0,0.000,0.000,0.000,0.000,
GPU,0,57.200,35819883000,0,0,0.000,0.000,0.000,0.000,
GPU,0,57.200,35819883000,0,0,0.000,0.000,0.000,0.000,
GPU,0,57.200,35819883000,0,0,0.000,0.000,0.000,0.000,
GPU,0,57.200,35819883000,0,0,0.000,0.000,0.000,0.000,
GPU,0,57.200,35819883000,0,0,0.000,0.000,0.000,0.000,
GPU,0,57.200,35819883000,0,0,0.000,0.000,0.000,0.000,
GPU,0,57.200,35819883000,0,0,0.000,0.000,0.000,0.000,
GPU,0,57.200,35819883000,0,0,0.000,0.000,0.000,0.000,
GPU,0,57.200,35819883000,0,0,0.000,0.000,0.000,0.000,
GPU,0,57.200,35819883000,0,0,0.000,0.000,0.000,0.000,
GPU,0,57.200,35819883000,0,0,0.000,0.000,0.000,0.000,
GPU,0,57.200,35819883000,0,0,0.000,0.000,0.000,0.000,
GPU,0,57.200,35819883000,0,0,0.000,0.000,0.000,0.000,
GPU,0,57.200,35819883000,0,0,0.000,0.000,0.000,0.000,
GPU,0,57.200,35819883000,0,0,0.000,0.000,0.000,0.000,
GPU,0,57.200,35819883000,0,0,0.000,0.000,0.000,0.000,
GPU,0,57.200,35819883000,0,0,0.000,0.000,0.000,0.000,
GPU,0,57.200,35819883000,0,0,0.000,0.000,0.000,0.000,
GPU,0,57.200,35819883000,0,0,0.000,0.000,0.000,0.000,
GPU,0,57.200,35819883000,0,0,0.000,0.000,0.000,0.000,
GPU,0,57.200,35819883000,0,0,0.000,0.000,0.000,0.000,
GPU,0,57.200,35819883000,0,0,0.000,0.000,0.000,0.000,
GPU,0,57.200,35819883000,0,0,0.000,0.000,0.000,0.000,
GPU,0,57.200,35819883000,0,0,0.000,0.000,0.000,0.000,
GPU,0,57.200,35819883000,0,0,0.000,0.000,0.000,0.000,
GPU,0,57.200,35819883000,0,0,0.000,0.000,0.000,0.000,
GPU,0,57.200,35819883000,0,0,0.000,0.000,0.000,0.000,
GPU,0,57.200,35819883000,0,0,0.000,0.000,0.000,0.000,
GPU,0,57.200,35819883000,0,0,0.000,0.000,0.000,0.000,
GPU,0,57.200,35819883000,0,0,0.000,0.000,0.000,0.000,
GPU,0,57.200,35819883000,0,0,0.000,0.000,0.000,0.000,
GPU,0,57.200,35819883000,0,0,0.000,0.000,0.000,0.000,
GPU,0,57.200,35819883000,0,0,0.000,0.000,0.000,0.000,
GPU,0,57.200,35819883000,0,0,0.000,0.000,0.000,0.000,
GPU,0,57.200,35819883000,0,0,0.000,0.000,0.000,0.000,
GPU,0,57.200,35819883000,0,0,0.000,0.000,0.000,0.000,
GPU,0,57.200,35819883000,0,0,0.000,0.000,0.000,0.000,
GPU,0,57.200,35819883000,0,0,0.000,0.000,0.000,0.000,
GPU,0,57.200,35819883000,0,0,0.000,0.000,0.000,0.000,
GPU,0,57.200,35819883000,0,0,0.000,0.000,0.000,0.000,
GPU,0,57.200,35819883000,0,0,0.000,0.000,0.000,0.000,
GPU,0,57.200,35819883000,0,0,0.000,0.000,0.000,0.000,
GPU,0,57.200,35819883000,0,0,0.000,0.000,0.000,0.000,
GPU,0,57.200,35819883000,0,0,0.000,0.000,0.000,0.000,
GPU,0,57.200,35819883000,0,0,0.000,0.000,0.000,0.000,
GPU,0,57.200,35819883000,0,0,0.000,0.000,0.000,0.000,
GPU,0,57.200,35819883000,0,0,0.000,0.000,0.000,0.000,
GPU,0,57.200,35819883000,0,0,0.000,0.000,0.000,0.000,
GPU,0,57.200,35819888769,0,0,0.000,0.000,0.000,0.000,
GPU,0,57.200,35819888769,0,0,0.000,0.000,0.000,0.000,
GPU,0,57.200,35819888769,0,0,0.000,0.000,0.000,0.000,
GPU,0,57.200,35819888769,0,0,0.000,0.000,0.000,0.000,
GPU,0,57.200,35819888769,0,0,0.000,0.000,0.000,0.000,
GPU,0,57.200,35819888769,0,0,0.000,0.000,0.000,0.000,
GPU,0,57.200,35819888769,0,0,0.000,0.000,0.000,0.000,
GPU,0,57.200,35819888769,0,0,0.000,0.000,0.000,0.000,
GPU,0,57.200,35819888769,0,0,0.000,0.000,0.000,0.000,
GPU,0,57.200,35819888769,0,0,0.000,0.000,0.000,0.000,
GPU,0,57.200,35819888769,0,0,0.000,0.000,0.000,0.000,
GPU,0,57.200,35819888769,0,0,0.000,0.000,0.000,0.000,
GPU,0,57.200,35819888769,0,0,0.000,0.000,0.000,0.000,
GPU,0,57.200,35819888769,0,0,0.000,0.000,0.000,0.000,
GPU,0,57.200,35819888769,0,0,0.000,0.000,0.000,0.000,
GPU,0,57.200,35819888769,0,0,0.000,0.000,0.000,0.000,
GPU,0,57.200,35819888769,0,0,0.000,0.000,0.000,0.000,
GPU,0,57.200,35819888769,0,0,0.000,0.000,0.000,0.000,
GPU,0,57.200,35819888769,0,0,0.000,0.000,0.000,0.000,
GPU,0,57.200,35819888769,0,0,0.000,0.000,0.000,0.000,
GPU,0,57.200,35819888769,0,0,0.000,0.000,0.000,0.000,
GPU,0,57.200,35819888769,0,0,0.000,0.000,0.000,0.000,
GPU,0,57.200,35819888769,0,0,0.000,0.000,0.000,0.000,
GPU,0,57.200,35819888769,0,0,0.000,0.000,0.000,0.000,
GPU,0,57.200,35819888769,0,0,0.000,0.000,0.000,0.000,
GPU,0,57.200,35819888769,0,0,0.000,0.000,0.000,0.000,
GPU,0,57.200,35819888769,0,0,0.000,0.000,0.000,0.000,
GPU,0,57.200,35819888769,0,0,0.000,0.000,0.000,0.000,
GPU,0,57.200,35819888769,0,0,0.000,0.000,0.000,0.000,
GPU,0,57.200,35819888769,0,0,0.000,0.000,0.000,0.000,
GPU,0,57.200,35819888769,0,0,0.000,0.000,0.000,0.000,
GPU,0,57.200,35819888769,0,0,0.000,0.000,0.000,0.000,
GPU,0,57.200,35819888769,0,0,0.000,0.000,0.000,0.000,
GPU,0,57.200,35819888769,0,0,0.000,0.000,0.000,0.000,
GPU,0,57.200,35819888769,0,0,0.000,0.000,0.000,0.000,
GPU,0,57.200,35819888769,0,0,0.000,0.000,0.000,0.000,
GPU,0,57.200,35819888769,0,0,0.000,0.000,0.000,0.000,
GPU,0,57.200,35819888769,0,0,0.000,0.000,0.000,0.000,
GPU,0,57.200,35819888769,0,0,0.000,0.000,0.000,0.000,
GPU,0,57.200,35819888769,0,0,0.000,0.000,0.000,0.000,
GPU,0,57.200,35819888769,0,0,0.000,0.000,0.000,0.000,
GPU,0,57.200,35819888769,0,0,0.000,0.000,0.000,0.000,
GPU,0,57.200,35819888769,0,0,0.000,0.000,0.000,0.000,
GPU,0,57.200,35819888769,0,0,0.000,0.000,0.000,0.000,
GPU,0,57.200,35819888769,0,0,0.000,0.000,0.000,0.000,
GPU,0,57.200,35819888769,0,0,0.000,0.000,0.000,0.000,
GPU,0,57.200,35819888769,0,0,0.000,0.000,0.000,0.000,
GPU,0,57.200,35819888769,0,0,0.000,0.000,0.000,0.000,
GPU,0,57.200,35819888769,0,0,0.000,0.000,0.000,0.000,
GPU,0,57.200,35819888769,0,0,0.000,0.000,0.000,0.000,
GPU,0,57.200,35819888769,0,0,0.000,0.000,0.000,0.000,
GPU,0,57.200,35819888769,0,0,0.000,0.000,0.000,0.000,
GPU,0,57.200,35819888769,0,0,0.000,0.000,0.000,0.000,
GPU,0,57.200,35819888769,0,0,0.000,0.000,0.000,0.000,
GPU,0,57.200,35819888769,0,0,0.000,0.000,0.000,0.000,
GPU,0,57.200,35819888769,0,0,0.000,0.000,0.000,0.000,
GPU,0,57.200,35819888769,0,0,0.000,0.000,0.000,0.000,
GPU,0,57.200,35819888769,0,0,0.000,0.000,0.000,0.000,
GPU,0,57.200,35819888769,0,0,0.000,0.000,0.000,0.000,
GPU,0,57.200,35819888769,0,0,0.000,0.000,0.000,0.000,
GPU,0,57.200,35819888769,0,0,0.000,0.000,0.000,0.000,
GPU,0,57.200,35819888769,0,0,0.000,0.000,0.000,0.000,
GPU,0,57.200,35819888769,0,0,0.000,0.000,0.000,0.000,
GPU,0,57.200,35819888769,0,0,0.000,0.000,0.000,0.000,
GPU,0,57.200,35819888769,0,0,0.000,0.000,0.000,0.000,
GPU,0,57.200,35819888769,0,0,0.000,0.000,0.000,0.000,
GPU,0,57.200,35819888769,0,0,0.000,0.000,0.000,0.000,
GPU,0,57.200,35819888769,0,0,0.000,0.000,0.000,0.000,
GPU,0,57.200,35819888769,0,0,0.000,0.000,0.000,0.000,
GPU,0,57.200,35819888769,0,0,0.000,0.000,0.000,0.000,
GPU,0,57.200,35819888769,0,0,0.000,0.000,0.000,0.000,
GPU,0,57.200,35819894522,0,0,0.000,0.000,0.000,0.000,
GPU,0,57.200,35819894522,0,0,0.000,0.000,0.000,0.000,
GPU,0,57.200,35819894522,0,0,0.000,0.000,0.000,0.000,
GPU,0,57.200,35819894522,0,0,0.000,0.000,0.000,0.000,
GPU,0,57.200,35819894522,0,0,0.000,0.000,0.000,0.000,
GPU,0,57.200,35819894522,0,0,0.000,0.000,0.000,0.000,
GPU,0,57.200,35819894522,0,0,0.000,0.000,0.000,0.000,
GPU,0,57.200,35819894522,0,0,0.000,0.000,0.000,0.000,
GPU,0,57.200,35819894522,0,0,0.000,0.000,0.000,0.000,
GPU,0,57.200,35819894522,0,0,0.000,0.000,0.000,0.000,
GPU,0,57.200,35819894522,0,0,0.000,0.000,0.000,0.000,
GPU,0,57.200,35819894522,0,0,0.000,0.000,0.000,0.000,
GPU,0,57.200,35819894522,0,0,0.000,0.000,0.000,0.000,
GPU,0,57.200,35819894522,0,0,0.000,0.000,0.000,0.000,
GPU,0,57.200,35819894522,0,0,0.000,0.000,0.000,0.000,
GPU,0,57.200,35819894522,0,0,0.000,0.000,0.000,0.000,
GPU,0,57.200,35819894522,0,0,0.000,0.000,0.000,0.000,
GPU,0,57.200,35819894522,0,0,0.000,0.000,0.000,0.000,
GPU,0,57.200,35819894522,0,0,0.000,0.000,0.000,0.000,
GPU,0,57.200,35819894522,0,0,0.000,0.000,0.000,0.000,
GPU,0,57.200,35819894522,0,0,0.000,0.000,0.000,0.000,
GPU,0,57.200,35819894522,0,0,0.000,0.000,0.000,0.000,
GPU,0,57.200,35819894522,0,0,0.000,0.000,0.000,0.000,
GPU,0,57.200,35819894522,0,0,0.000,0.000,0.000,0.000,
GPU,0,57.200,35819894522,0,0,0.000,0.000,0.000,0.000,
GPU,0,57.200,35819894522,0,0,0.000,0.000,0.000,0.000,
GPU,0,57.200,35819894522,0,0,0.000,0.000,0.000,0.000,
GPU,0,57.200,35819894522,0,0,0.000,0.000,0.000,0.000,
GPU,0,57.200,35819894522,0,0,0.000,0.000,0.000,0.000,
GPU,0,57.200,35819894522,0,0,0.000,0.000,0.000,0.000,
GPU,0,57.200,35819894522,0,0,0.000,0.000,0.000,0.000,
GPU,0,57.200,35819894522,0,0,0.000,0.000,0.000,0.000,
GPU,0,57.200,35819894522,0,0,0.000,0.000,0.000,0.000,
GPU,0,57.200,35819894522,0,0,0.000,0.000,0.000,0.000,
GPU,0,57.200,35819894522,0,0,0.000,0.000,0.000,0.000,
GPU,0,57.200,35819894522,0,0,0.000,0.000,0.000,0.000,
GPU,0,57.200,35819894522,0,0,0.000,0.000,0.000,0.000,
GPU,0,57.200,35819894522,0,0,0.000,0.000,0.000,0.000,
GPU,0,57.200,35819894522,0,0,0.000,0.000,0.000,0.000,
GPU,0,57.200,35819894522,0,0,0.000,0.000,0.000,0.000,
GPU,0,57.200,35819894522,0,0,0.000,0.000,0.000,0.000,
GPU,0,57.200,35819894522,0,0,0.000,0.000,0.000,0.000,
GPU,0,57.200,35819894522,0,0,0.000,0.000,0.000,0.000,
GPU,0,57.200,35819894522,0,0,0.000,0.000,0.000,0.000,
GPU,0,57.200,35819894522,0,0,0.000,0.000,0.000,0.000,
GPU,0,57.200,35819894522,0,0,0.000,0.000,0.000,0.000,
GPU,0,57.200,35819894522,0,0,0.000,0.000,0.000,0.000,
GPU,0,57.200,35819894522,0,0,0.000,0.000,0.000,0.000,
GPU,0,57.200,35819894522,0,0,0.000,0.000,0.000,0.000,
GPU,0,57.200,35819894522,0,0,0.000,0.000,0.000,0.000,
GPU,0,57.200,35819894522,0,0,0.000,0.000,0.000,0.000,
GPU,0,57.200,35819894522,0,0,0.000,0.000,0.000,0.000,
GPU,0,57.200,35819894522,0,0,0.000,0.000,0.000,0.000,
GPU,0,57.200,35819894522,0,0,0.000,0.000,0.000,0.000,
GPU,0,57.200,35819894522,0,0,0.000,0.000,0.000,0.000,
GPU,0,57.200,35819894522,0,0,0.000,0.000,0.000,0.000,
GPU,0,57.200,35819894522,0,0,0.000,0.000,0.000,0.000,
GPU,0,57.200,35819894522,0,0,0.000,0.000,0.000,0.000,
GPU,0,57.200,35819894522,0,0,0.000,0.000,0.000,0.000,
GPU,0,57.200,35819894522,0,0,0.000,0.000,0.000,0.000,
GPU,0,57.200,35819894522,0,0,0.000,0.000,0.000,0.000,
GPU,0,57.200,35819894522,0,0,0.000,0.000,0.000,0.000,
GPU,0,57.200,35819894522,0,0,0.000,0.000,0.000,0.000,
GPU,0,57.200,35819894522,0,0,0.000,0.000,0.000,0.000,
GPU,0,57.200,35819894522,0,0,0.000,0.000,0.000,0.000,
GPU,0,57.200,35819894522,0,0,0.000,0.000,0.000,0.000,
GPU,0,57.200,35819900289,0,0,0.000,0.000,0.000,0.000,
GPU,0,57.200,35819900289,0,0,0.000,0.000,0.000,0.000,
GPU,0,57.200,35819900289,0,0,0.000,0.000,0.000,0.000,
GPU,0,57.200,35819900289,0,0,0.000,0.000,0.000,0.000,
GPU,0,57.200,35819900289,0,0,0.000,0.000,0.000,0.000,
GPU,0,57.200,35819900289,0,0,0.000,0.000,0.000,0.000,
GPU,0,57.200,35819900289,0,0,0.000,0.000,0.000,0.000,
GPU,0,57.200,35819900289,0,0,0.000,0.000,0.000,0.000,
GPU,0,57.200,35819900289,0,0,0.000,0.000,0.000,0.000,
GPU,0,57.200,35819900289,0,0,0.000,0.000,0.000,0.000,
GPU,0,57.200,35819900289,0,0,0.000,0.000,0.000,0.000,
GPU,0,57.200,35819900289,0,0,0.000,0.000,0.000,0.000,
GPU,0,57.200,35819900289,0,0,0.000,0.000,0.000,0.000,
GPU,0,57.200,35819900289,0,0,0.000,0.000,0.000,0.000,
GPU,0,57.200,35819900289,0,0,0.000,0.000,0.000,0.000,
GPU,0,57.200,35819900289,0,0,0.000,0.000,0.000,0.000,
GPU,0,57.200,35819900289,0,0,0.000,0.000,0.000,0.000,
GPU,0,57.200,35819900289,0,0,0.000,0.000,0.000,0.000,
GPU,0,57.200,35819900289,0,0,0.000,0.000,0.000,0.000,
GPU,0,57.200,35819900289,0,0,0.000,0.000,0.000,0.000,
GPU,0,57.200,35819900289,0,0,0.000,0.000,0.000,0.000,
GPU,0,57.200,35819900289,0,0,0.000,0.000,0.000,0.000,
GPU,0,57.200,35819900289,0,0,0.000,0.000,0.000,0.000,
GPU,0,57.200,35819900289,0,0,0.000,0.000,0.000,0.000,
GPU,0,57.200,35819900289,0,0,0.000,0.000,0.000,0.000,
GPU,0,57.200,35819900289,0,0,0.000,0.000,0.000,0.000,
GPU,0,57.200,35819900289,0,0,0.000,0.000,0.000,0.000,
GPU,0,57.200,35819900289,0,0,0.000,0.000,0.000,0.000,
GPU,0,57.200,35819900289,0,0,0.000,0.000,0.000,0.000,
GPU,0,57.200,35819900289,0,0,0.000,0.000,0.000,0.000,
GPU,0,57.200,35819900289,0,0,0.000,0.000,0.000,0.000,
GPU,0,57.200,35819900289,0,0,0.000,0.000,0.000,0.000,
GPU,0,57.200,35819900289,0,0,0.000,0.000,0.000,0.000,
GPU,0,57.200,35819900289,0,0,0.000,0.000,0.000,0.000,
GPU,0,57.200,35819900289,0,0,0.000,0.000,0.000,0.000,
GPU,0,57.200,35819900289,0,0,0.000,0.000,0.000,0.000,
GPU,0,57.200,35819900289,0,0,0.000,0.000,0.000,0.000,
GPU,0,57.200,35819900289,0,0,0.000,0.000,0.000,0.000,
GPU,0,57.200,35819900289,0,0,0.000,0.000,0.000,0.000,
GPU,0,57.200,35819900289,0,0,0.000,0.000,0.000,0.000,
GPU,0,57.200,35819900289,0,0,0.000,0.000,0.000,0.000,
GPU,0,57.200,35819900289,0,0,0.000,0.000,0.000,0.000,
GPU,0,57.200,35819900289,0,0,0.000,0.000,0.000,0.000,
GPU,0,57.200,35819900289,0,0,0.000,0.000,0.000,0.000,
GPU,0,57.200,35819900289,0,0,0.000,0.000,0.000,0.000,
GPU,0,57.200,35819900289,0,0,0.000,0.000,0.000,0.000,
GPU,0,57.200,35819900289,0,0,0.000,0.000,0.000,0.000,
GPU,0,57.200,35819900289,0,0,0.000,0.000,0.000,0.000,
GPU,0,57.200,35819900289,0,0,0.000,0.000,0.000,0.000,
GPU,0,57.200,35819900289,0,0,0.000,0.000,0.000,0.000,
GPU,0,57.200,35819900289,0,0,0.000,0.000,0.000,0.000,
GPU,0,57.200,35819900289,0,0,0.000,0.000,0.000,0.000,
GPU,0,57.200,35819900289,0,0,0.000,0.000,0.000,0.000,
GPU,0,57.200,35819900289,0,0,0.000,0.000,0.000,0.000,
GPU,0,57.200,35819900289,0,0,0.000,0.000,0.000,0.000,
GPU,0,57.200,35819900289,0,0,0.000,0.000,0.000,0.000,
GPU,0,57.200,35819900289,0,0,0.000,0.000,0.000,0.000,
GPU,0,57.200,35819900289,0,0,0.000,0.000,0.000,0.000,
GPU,0,57.200,35819900289,0,0,0.000,0.000,0.000,0.000,
GPU,0,57.200,35819900289,0,0,0.000,0.000,0.000,0.000,
GPU,0,57.200,35819900289,0,0,0.000,0.000,0.000,0.000,
GPU,0,57.200,35819900289,0,0,0.000,0.000,0.000,0.000,
GPU,0,57.200,35819900289,0,0,0.000,0.000,0.000,0.000,
GPU,0,57.200,35819900289,0,0,0.000,0.000,0.000,0.000,
GPU,0,57.200,35819900289,0,0,0.000,0.000,0.000,0.000,
GPU,0,57.200,35819900289,0,0,0.000,0.000,0.000,0.000,
GPU,0,57.200,35819900289,0,0,0.000,0.000,0.000,0.000,
GPU,0,57.200,35819900289,0,0,0.000,0.000,0.000,0.000,
GPU,0,57.200,35819900289,0,0,0.000,0.000,0.000,0.000,
GPU,0,57.200,35819900289,0,0,0.000,0.000,0.000,0.000,
GPU,0,57.200,35819906057,0,0,0.000,0.000,0.000,0.000,
GPU,0,57.200,35819906057,0,0,0.000,0.000,0.000,0.000,
GPU,0,57.200,35819906057,0,0,0.000,0.000,0.000,0.000,
GPU,0,57.200,35819906057,0,0,0.000,0.000,0.000,0.000,
GPU,0,57.200,35819906057,0,0,0.000,0.000,0.000,0.000,
GPU,0,57.200,35819906057,0,0,0.000,0.000,0.000,0.000,
GPU,0,57.200,35819906057,0,0,0.000,0.000,0.000,0.000,
GPU,0,57.200,35819906057,0,0,0.000,0.000,0.000,0.000,
GPU,0,57.200,35819906057,0,0,0.000,0.000,0.000,0.000,
GPU,0,57.200,35819906057,0,0,0.000,0.000,0.000,0.000,
GPU,0,57.200,35819906057,0,0,0.000,0.000,0.000,0.000,
GPU,0,57.200,35819906057,0,0,0.000,0.000,0.000,0.000,
GPU,0,57.200,35819906057,0,0,0.000,0.000,0.000,0.000,
GPU,0,57.200,35819906057,0,0,0.000,0.000,0.000,0.000,
GPU,0,57.200,35819906057,0,0,0.000,0.000,0.000,0.000,
GPU,0,57.200,35819906057,0,0,0.000,0.000,0.000,0.000,
GPU,0,57.200,35819906057,0,0,0.000,0.000,0.000,0.000,
GPU,0,57.200,35819906057,0,0,0.000,0.000,0.000,0.000,
GPU,0,57.200,35819906057,0,0,0.000,0.000,0.000,0.000,
GPU,0,57.200,35819906057,0,0,0.000,0.000,0.000,0.000,
GPU,0,57.200,35819906057,0,0,0.000,0.000,0.000,0.000,
GPU,0,57.200,35819906057,0,0,0.000,0.000,0.000,0.000,
GPU,0,57.200,35819906057,0,0,0.000,0.000,0.000,0.000,
GPU,0,57.200,35819906057,0,0,0.000,0.000,0.000,0.000,
GPU,0,57.200,35819906057,0,0,0.000,0.000,0.000,0.000,
GPU,0,57.200,35819906057,0,0,0.000,0.000,0.000,0.000,
GPU,0,57.200,35819906057,0,0,0.000,0.000,0.000,0.000,
GPU,0,57.200,35819906057,0,0,0.000,0.000,0.000,0.000,
GPU,0,57.200,35819906057,0,0,0.000,0.000,0.000,0.000,
GPU,0,57.200,35819906057,0,0,0.000,0.000,0.000,0.000,
GPU,0,57.200,35819906057,0,0,0.000,0.000,0.000,0.000,
GPU,0,57.200,35819906057,0,0,0.000,0.000,0.000,0.000,
GPU,0,57.200,35819906057,0,0,0.000,0.000,0.000,0.000,
GPU,0,57.200,35819906057,0,0,0.000,0.000,0.000,0.000,
GPU,0,57.200,35819906057,0,0,0.000,0.000,0.000,0.000,
GPU,0,57.200,35819906057,0,0,0.000,0.000,0.000,0.000,
GPU,0,57.200,35819906057,0,0,0.000,0.000,0.000,0.000,
GPU,0,57.200,35819906057,0,0,0.000,0.000,0.000,0.000,
GPU,0,57.200,35819906057,0,0,0.000,0.000,0.000,0.000,
GPU,0,57.200,35819906057,0,0,0.000,0.000,0.000,0.000,
GPU,0,57.200,35819906057,0,0,0.000,0.000,0.000,0.000,
GPU,0,57.200,35819906057,0,0,0.000,0.000,0.000,0.000,
GPU,0,57.200,35819906057,0,0,0.000,0.000,0.000,0.000,
GPU,0,57.200,35819906057,0,0,0.000,0.000,0.000,0.000,
GPU,0,57.200,35819906057,0,0,0.000,0.000,0.000,0.000,
GPU,0,57.200,35819906057,0,0,0.000,0.000,0.000,0.000,
GPU,0,57.200,35819906057,0,0,0.000,0.000,0.000,0.000,
GPU,0,57.200,35819906057,0,0,0.000,0.000,0.000,0.000,
GPU,0,57.200,35819906057,0,0,0.000,0.000,0.000,0.000,
GPU,0,57.200,35819906057,0,0,0.000,0.000,0.000,0.000,
GPU,0,57.200,35819906057,0,0,0.000,0.000,0.000,0.000,
GPU,0,57.200,35819906057,0,0,0.000,0.000,0.000,0.000,
GPU,0,57.200,35819906057,0,0,0.000,0.000,0.000,0.000,
GPU,0,57.200,35819906057,0,0,0.000,0.000,0.000,0.000,
GPU,0,57.200,35819906057,0,0,0.000,0.000,0.000,0.000,
GPU,0,57.200,35819906057,0,0,0.000,0.000,0.000,0.000,
GPU,0,57.200,35819906057,0,0,0.000,0.000,0.000,0.000,
GPU,0,57.200,35819906057,0,0,0.000,0.000,0.000,0.000,
GPU,0,57.200,35819906057,0,0,0.000,0.000,0.000,0.000,
GPU,0,57.200,35819906057,0,0,0.000,0.000,0.000,0.000,
GPU,0,57.200,35819906057,0,0,0.000,0.000,0.000,0.000,
GPU,0,57.200,35819906057,0,0,0.000,0.000,0.000,0.000,
GPU,0,57.200,35819906057,0,0,0.000,0.000,0.000,0.000,
GPU,0,57.200,35819906057,0,0,0.000,0.000,0.000,0.000,
GPU,0,57.200,35819906057,0,0,0.000,0.000,0.000,0.000,
GPU,0,57.200,35819906057,0,0,0.000,0.000,0.000,0.000,
GPU,0,57.200,35819906057,0,0,0.000,0.000,0.000,0.000,
GPU,0,57.200,35819906057,0,0,0.000,0.000,0.000,0.000,
GPU,0,57.200,35819911831,0,0,0.000,0.000,0.000,0.000,
GPU,0,57.200,35819911831,0,0,0.000,0.000,0.000,0.000,
GPU,0,57.200,35819911831,0,0,0.000,0.000,0.000,0.000,
GPU,0,57.200,35819911831,0,0,0.000,0.000,0.000,0.000,
GPU,0,57.200,35819911831,0,0,0.000,0.000,0.000,0.000,
GPU,0,57.200,35819911831,0,0,0.000,0.000,0.000,0.000,
GPU,0,57.200,35819911831,0,0,0.000,0.000,0.000,0.000,
GPU,0,57.200,35819911831,0,0,0.000,0.000,0.000,0.000,
GPU,0,57.200,35819911831,0,0,0.000,0.000,0.000,0.000,
GPU,0,57.200,35819911831,0,0,0.000,0.000,0.000,0.000,
GPU,0,57.200,35819911831,0,0,0.000,0.000,0.000,0.000,
GPU,0,57.200,35819911831,0,0,0.000,0.000,0.000,0.000,
GPU,0,57.200,35819911831,0,0,0.000,0.000,0.000,0.000,
GPU,0,57.200,35819911831,0,0,0.000,0.000,0.000,0.000,
GPU,0,57.200,35819911831,0,0,0.000,0.000,0.000,0.000,
GPU,0,57.200,35819911831,0,0,0.000,0.000,0.000,0.000,
GPU,0,57.266,35819911831,0,0,0.000,0.000,0.000,0.000,
GPU,0,57.266,35819911831,0,0,0.000,0.000,0.000,0.000,
GPU,0,57.266,35819911831,0,0,0.000,0.000,0.000,0.000,
GPU,0,57.266,35819911831,0,0,0.000,0.000,0.000,0.000,
GPU,0,57.266,35819911831,0,0,0.000,0.000,0.000,0.000,
GPU,0,57.266,35819911831,0,0,0.000,0.000,0.000,0.000,
GPU,0,57.266,35819911831,0,0,0.000,0.000,0.000,0.000,
GPU,0,57.266,35819911831,0,0,0.000,0.000,0.000,0.000,
GPU,0,57.266,35819911831,0,0,0.000,0.000,0.000,0.000,
GPU,0,57.266,35819911831,0,0,0.000,0.000,0.000,0.000,
GPU,0,57.266,35819911831,0,0,0.000,0.000,0.000,0.000,
GPU,0,57.266,35819911831,0,0,0.000,0.000,0.000,0.000,
GPU,0,57.266,35819911831,0,0,0.000,0.000,0.000,0.000,
GPU,0,57.266,35819911831,0,0,0.000,0.000,0.000,0.000,
GPU,0,57.266,35819911831,0,0,0.000,0.000,0.000,0.000,
GPU,0,57.266,35819911831,0,0,0.000,0.000,0.000,0.000,
GPU,0,57.266,35819911831,0,0,0.000,0.000,0.000,0.000,
GPU,0,57.266,35819911831,0,0,0.000,0.000,0.000,0.000,
GPU,0,57.266,35819911831,0,0,0.000,0.000,0.000,0.000,
GPU,0,57.266,35819911831,0,0,0.000,0.000,0.000,0.000,
GPU,0,57.266,35819911831,0,0,0.000,0.000,0.000,0.000,
GPU,0,57.266,35819911831,0,0,0.000,0.000,0.000,0.000,
GPU,0,57.266,35819911831,0,0,0.000,0.000,0.000,0.000,
GPU,0,57.266,35819911831,0,0,0.000,0.000,0.000,0.000,
GPU,0,57.266,35819911831,0,0,0.000,0.000,0.000,0.000,
GPU,0,57.266,35819911831,0,0,0.000,0.000,0.000,0.000,
GPU,0,57.266,35819911831,0,0,0.000,0.000,0.000,0.000,
GPU,0,57.266,35819911831,0,0,0.000,0.000,0.000,0.000,
GPU,0,57.266,35819911831,0,0,0.000,0.000,0.000,0.000,
GPU,0,57.266,35819911831,0,0,0.000,0.000,0.000,0.000,
GPU,0,57.266,35819911831,0,0,0.000,0.000,0.000,0.000,
GPU,0,57.266,35819911831,0,0,0.000,0.000,0.000,0.000,
GPU,0,57.266,35819911831,0,0,0.000,0.000,0.000,0.000,
GPU,0,57.266,35819911831,0,0,0.000,0.000,0.000,0.000,
GPU,0,57.266,35819911831,0,0,0.000,0.000,0.000,0.000,
GPU,0,57.266,35819911831,0,0,0.000,0.000,0.000,0.000,
GPU,0,57.266,35819911831,0,0,0.000,0.000,0.000,0.000,
GPU,0,57.266,35819911831,0,0,0.000,0.000,0.000,0.000,
GPU,0,57.266,35819911831,0,0,0.000,0.000,0.000,0.000,
GPU,0,57.266,35819911831,0,0,0.000,0.000,0.000,0.000,
GPU,0,57.266,35819911831,0,0,0.000,0.000,0.000,0.000,
GPU,0,57.266,35819911831,0,0,0.000,0.000,0.000,0.000,
GPU,0,57.266,35819911831,0,0,0.000,0.000,0.000,0.000,
GPU,0,57.266,35819911831,0,0,0.000,0.000,0.000,0.000,
GPU,0,57.266,35819911831,0,0,0.000,0.000,0.000,0.000,
GPU,0,57.266,35819911831,0,0,0.000,0.000,0.000,0.000,
GPU,0,57.266,35819911831,0,0,0.000,0.000,0.000,0.000,
GPU,0,57.266,35819911831,0,0,0.000,0.000,0.000,0.000,
GPU,0,57.266,35819911831,0,0,0.000,0.000,0.000,0.000,
GPU,0,57.266,35819911831,0,0,0.000,0.000,0.000,0.000,
GPU,0,57.266,35819911831,0,0,0.000,0.000,0.000,0.000,
GPU,0,57.266,35819917602,0,0,0.000,0.000,0.000,0.000,
GPU,0,57.266,35819917602,0,0,0.000,0.000,0.000,0.000,
GPU,0,57.266,35819917602,0,0,0.000,0.000,0.000,0.000,
GPU,0,57.266,35819917602,0,0,0.000,0.000,0.000,0.000,
GPU,0,57.266,35819917602,0,0,0.000,0.000,0.000,0.000,
GPU,0,57.266,35819917602,0,0,0.000,0.000,0.000,0.000,
GPU,0,57.266,35819917602,0,0,0.000,0.000,0.000,0.000,
GPU,0,57.266,35819917602,0,0,0.000,0.000,0.000,0.000,
GPU,0,57.266,35819917602,0,0,0.000,0.000,0.000,0.000,
GPU,0,57.266,35819917602,0,0,0.000,0.000,0.000,0.000,
GPU,0,57.266,35819917602,0,0,0.000,0.000,0.000,0.000,
GPU,0,57.266,35819917602,0,0,0.000,0.000,0.000,0.000,
GPU,0,57.266,35819917602,0,0,0.000,0.000,0.000,0.000,
GPU,0,57.266,35819917602,0,0,0.000,0.000,0.000,0.000,
GPU,0,57.266,35819917602,0,0,0.000,0.000,0.000,0.000,
GPU,0,57.266,35819917602,0,0,0.000,0.000,0.000,0.000,
GPU,0,57.266,35819917602,0,0,0.000,0.000,0.000,0.000,
GPU,0,57.266,35819917602,0,0,0.000,0.000,0.000,0.000,
GPU,0,57.266,35819917602,0,0,0.000,0.000,0.000,0.000,
GPU,0,57.266,35819917602,0,0,0.000,0.000,0.000,0.000,
GPU,0,57.266,35819917602,0,0,0.000,0.000,0.000,0.000,
GPU,0,57.266,35819917602,0,0,0.000,0.000,0.000,0.000,
GPU,0,57.266,35819917602,0,0,0.000,0.000,0.000,0.000,
GPU,0,57.266,35819917602,0,0,0.000,0.000,0.000,0.000,
GPU,0,57.266,35819917602,0,0,0.000,0.000,0.000,0.000,
GPU,0,57.266,35819917602,0,0,0.000,0.000,0.000,0.000,
GPU,0,57.266,35819917602,0,0,0.000,0.000,0.000,0.000,
GPU,0,57.266,35819917602,0,0,0.000,0.000,0.000,0.000,
GPU,0,57.266,35819917602,0,0,0.000,0.000,0.000,0.000,
GPU,0,57.266,35819917602,0,0,0.000,0.000,0.000,0.000,
GPU,0,57.266,35819917602,0,0,0.000,0.000,0.000,0.000,
GPU,0,57.266,35819917602,0,0,0.000,0.000,0.000,0.000,
GPU,0,57.266,35819917602,0,0,0.000,0.000,0.000,0.000,
GPU,0,57.266,35819917602,0,0,0.000,0.000,0.000,0.000,
GPU,0,57.266,35819917602,0,0,0.000,0.000,0.000,0.000,
GPU,0,57.266,35819917602,0,0,0.000,0.000,0.000,0.000,
GPU,0,57.266,35819917602,0,0,0.000,0.000,0.000,0.000,
GPU,0,57.266,35819917602,0,0,0.000,0.000,0.000,0.000,
GPU,0,57.266,35819917602,0,0,0.000,0.000,0.000,0.000,
GPU,0,57.266,35819917602,0,0,0.000,0.000,0.000,0.000,
GPU,0,57.266,35819917602,0,0,0.000,0.000,0.000,0.000,
GPU,0,57.266,35819917602,0,0,0.000,0.000,0.000,0.000,
GPU,0,57.266,35819917602,0,0,0.000,0.000,0.000,0.000,
GPU,0,57.266,35819917602,0,0,0.000,0.000,0.000,0.000,
GPU,0,57.266,35819917602,0,0,0.000,0.000,0.000,0.000,
GPU,0,57.266,35819917602,0,0,0.000,0.000,0.000,0.000,
GPU,0,57.266,35819917602,0,0,0.000,0.000,0.000,0.000,
GPU,0,57.266,35819917602,0,0,0.000,0.000,0.000,0.000,
GPU,0,57.266,35819917602,0,0,0.000,0.000,0.000,0.000,
GPU,0,57.266,35819917602,0,0,0.000,0.000,0.000,0.000,
GPU,0,57.266,35819917602,0,0,0.000,0.000,0.000,0.000,
GPU,0,57.266,35819917602,0,0,0.000,0.000,0.000,0.000,
GPU,0,57.266,35819917602,0,0,0.000,0.000,0.000,0.000,
GPU,0,57.266,35819917602,0,0,0.000,0.000,0.000,0.000,
GPU,0,57.266,35819917602,0,0,0.000,0.000,0.000,0.000,
GPU,0,57.266,35819917602,0,0,0.000,0.000,0.000,0.000,
GPU,0,57.266,35819917602,0,0,0.000,0.000,0.000,0.000,
GPU,0,57.266,35819917602,0,0,0.000,0.000,0.000,0.000,
GPU,0,57.266,35819917602,0,0,0.000,0.000,0.000,0.000,
GPU,0,57.266,35819917602,0,0,0.000,0.000,0.000,0.000,
GPU,0,57.266,35819917602,0,0,0.000,0.000,0.000,0.000,
GPU,0,57.266,35819917602,0,0,0.000,0.000,0.000,0.000,
GPU,0,57.266,35819917602,0,0,0.000,0.000,0.000,0.000,
GPU,0,57.266,35819917602,0,0,0.000,0.000,0.000,0.000,
GPU,0,57.266,35819917602,0,0,0.000,0.000,0.000,0.000,
GPU,0,57.266,35819917602,0,0,0.000,0.000,0.000,0.000,
GPU,0,57.266,35819917602,0,0,0.000,0.000,0.000,0.000,
GPU,0,57.266,35819917602,0,0,0.000,0.000,0.000,0.000,
GPU,0,57.266,35819917602,0,0,0.000,0.000,0.000,0.000,
GPU,0,57.266,35819917602,0,0,0.000,0.000,0.000,0.000,
GPU,0,57.266,35819917602,0,0,0.000,0.000,0.000,0.000,
GPU,0,57.266,35819923364,0,0,0.000,0.000,0.000,0.000,
GPU,0,57.266,35819923364,0,0,0.000,0.000,0.000,0.000,
GPU,0,57.266,35819923364,0,0,0.000,0.000,0.000,0.000,
GPU,0,57.266,35819923364,0,0,0.000,0.000,0.000,0.000,
GPU,0,57.266,35819923364,0,0,0.000,0.000,0.000,0.000,
GPU,0,57.266,35819923364,0,0,0.000,0.000,0.000,0.000,
GPU,0,57.266,35819923364,0,0,0.000,0.000,0.000,0.000,
GPU,0,57.266,35819923364,0,0,0.000,0.000,0.000,0.000,
GPU,0,57.266,35819923364,0,0,0.000,0.000,0.000,0.000,
GPU,0,57.266,35819923364,0,0,0.000,0.000,0.000,0.000,
GPU,0,57.266,35819923364,0,0,0.000,0.000,0.000,0.000,
GPU,0,57.266,35819923364,0,0,0.000,0.000,0.000,0.000,
GPU,0,57.266,35819923364,0,0,0.000,0.000,0.000,0.000,
GPU,0,57.266,35819923364,0,0,0.000,0.000,0.000,0.000,
GPU,0,57.266,35819923364,0,0,0.000,0.000,0.000,0.000,
GPU,0,57.266,35819923364,0,0,0.000,0.000,0.000,0.000,
GPU,0,57.266,35819923364,0,0,0.000,0.000,0.000,0.000,
GPU,0,57.266,35819923364,0,0,0.000,0.000,0.000,0.000,
GPU,0,57.266,35819923364,0,0,0.000,0.000,0.000,0.000,
GPU,0,57.266,35819923364,0,0,0.000,0.000,0.000,0.000,
GPU,0,57.266,35819923364,0,0,0.000,0.000,0.000,0.000,
GPU,0,57.266,35819923364,0,0,0.000,0.000,0.000,0.000,
GPU,0,57.266,35819923364,0,0,0.000,0.000,0.000,0.000,
GPU,0,57.266,35819923364,0,0,0.000,0.000,0.000,0.000,
GPU,0,57.266,35819923364,0,0,0.000,0.000,0.000,0.000,
GPU,0,57.266,35819923364,0,0,0.000,0.000,0.000,0.000,
GPU,0,57.266,35819923364,0,0,0.000,0.000,0.000,0.000,
GPU,0,57.266,35819923364,0,0,0.000,0.000,0.000,0.000,
GPU,0,57.266,35819923364,0,0,0.000,0.000,0.000,0.000,
GPU,0,57.266,35819923364,0,0,0.000,0.000,0.000,0.000,
GPU,0,57.266,35819923364,0,0,0.000,0.000,0.000,0.000,
GPU,0,57.266,35819923364,0,0,0.000,0.000,0.000,0.000,
GPU,0,57.266,35819923364,0,0,0.000,0.000,0.000,0.000,
GPU,0,57.266,35819923364,0,0,0.000,0.000,0.000,0.000,
GPU,0,57.266,35819923364,0,0,0.000,0.000,0.000,0.000,
GPU,0,57.266,35819923364,0,0,0.000,0.000,0.000,0.000,
GPU,0,57.266,35819923364,0,0,0.000,0.000,0.000,0.000,
GPU,0,57.266,35819923364,0,0,0.000,0.000,0.000,0.000,
GPU,0,57.266,35819923364,0,0,0.000,0.000,0.000,0.000,
GPU,0,57.266,35819923364,0,0,0.000,0.000,0.000,0.000,
GPU,0,57.266,35819923364,0,0,0.000,0.000,0.000,0.000,
GPU,0,57.266,35819923364,0,0,0.000,0.000,0.000,0.000,
GPU,0,57.266,35819923364,0,0,0.000,0.000,0.000,0.000,
GPU,0,57.266,35819923364,0,0,0.000,0.000,0.000,0.000,
GPU,0,57.266,35819923364,0,0,0.000,0.000,0.000,0.000,
GPU,0,57.266,35819923364,0,0,0.000,0.000,0.000,0.000,
GPU,0,57.266,35819923364,0,0,0.000,0.000,0.000,0.000,
GPU,0,57.266,35819923364,0,0,0.000,0.000,0.000,0.000,
GPU,0,57.266,35819923364,0,0,0.000,0.000,0.000,0.000,
GPU,0,57.266,35819923364,0,0,0.000,0.000,0.000,0.000,
GPU,0,57.266,35819923364,0,0,0.000,0.000,0.000,0.000,
GPU,0,57.266,35819923364,0,0,0.000,0.000,0.000,0.000,
GPU,0,57.266,35819923364,0,0,0.000,0.000,0.000,0.000,
GPU,0,57.266,35819923364,0,0,0.000,0.000,0.000,0.000,
GPU,0,57.266,35819923364,0,0,0.000,0.000,0.000,0.000,
GPU,0,57.266,35819923364,0,0,0.000,0.000,0.000,0.000,
GPU,0,57.266,35819923364,0,0,0.000,0.000,0.000,0.000,
GPU,0,57.266,35819923364,0,0,0.000,0.000,0.000,0.000,
GPU,0,57.266,35819923364,0,0,0.000,0.000,0.000,0.000,
GPU,0,57.266,35819923364,0,0,0.000,0.000,0.000,0.000,
GPU,0,57.266,35819923364,0,0,0.000,0.000,0.000,0.000,
GPU,0,57.266,35819923364,0,0,0.000,0.000,0.000,0.000,
GPU,0,57.266,35819923364,0,0,0.000,0.000,0.000,0.000,
GPU,0,57.266,35819923364,0,0,0.000,0.000,0.000,0.000,
GPU,0,57.266,35819923364,0,0,0.000,0.000,0.000,0.000,
GPU,0,57.266,35819929145,0,0,0.000,0.000,0.000,0.000,
GPU,0,57.266,35819929145,0,0,0.000,0.000,0.000,0.000,
GPU,0,57.266,35819929145,0,0,0.000,0.000,0.000,0.000,
GPU,0,57.266,35819929145,0,0,0.000,0.000,0.000,0.000,
GPU,0,57.266,35819929145,0,0,0.000,0.000,0.000,0.000,
GPU,0,57.266,35819929145,0,0,0.000,0.000,0.000,0.000,
GPU,0,57.266,35819929145,0,0,0.000,0.000,0.000,0.000,
GPU,0,57.266,35819929145,0,0,0.000,0.000,0.000,0.000,
GPU,0,57.266,35819929145,0,0,0.000,0.000,0.000,0.000,
GPU,0,57.266,35819929145,0,0,0.000,0.000,0.000,0.000,
GPU,0,57.266,35819929145,0,0,0.000,0.000,0.000,0.000,
GPU,0,57.266,35819929145,0,0,0.000,0.000,0.000,0.000,
GPU,0,57.266,35819929145,0,0,0.000,0.000,0.000,0.000,
GPU,0,57.266,35819929145,0,0,0.000,0.000,0.000,0.000,
GPU,0,57.266,35819929145,0,0,0.000,0.000,0.000,0.000,
GPU,0,57.266,35819929145,0,0,0.000,0.000,0.000,0.000,
GPU,0,57.266,35819929145,0,0,0.000,0.000,0.000,0.000,
GPU,0,57.266,35819929145,0,0,0.000,0.000,0.000,0.000,
GPU,0,57.266,35819929145,0,0,0.000,0.000,0.000,0.000,
GPU,0,57.266,35819929145,0,0,0.000,0.000,0.000,0.000,
GPU,0,57.266,35819929145,0,0,0.000,0.000,0.000,0.000,
GPU,0,57.510,35819929145,0,0,0.000,0.000,0.000,0.000,
GPU,0,57.510,35819929145,0,0,0.000,0.000,0.000,0.000,
GPU,0,57.510,35819929145,0,0,0.000,0.000,0.000,0.000,
GPU,0,57.510,35819929145,0,0,0.000,0.000,0.000,0.000,
GPU,0,57.510,35819929145,0,0,0.000,0.000,0.000,0.000,
GPU,0,57.510,35819929145,0,0,0.000,0.000,0.000,0.000,
GPU,0,57.510,35819929145,0,0,0.000,0.000,0.000,0.000,
GPU,0,57.510,35819929145,0,0,0.000,0.000,0.000,0.000,
GPU,0,57.510,35819929145,0,0,0.000,0.000,0.000,0.000,
GPU,0,57.510,35819929145,0,0,0.000,0.000,0.000,0.000,
GPU,0,57.510,35819929145,0,0,0.000,0.000,0.000,0.000,
GPU,0,57.510,35819929145,0,0,0.000,0.000,0.000,0.000,
GPU,0,57.510,35819929145,0,0,0.000,0.000,0.000,0.000,
GPU,0,57.510,35819929145,0,0,0.000,0.000,0.000,0.000,
GPU,0,57.510,35819929145,0,0,0.000,0.000,0.000,0.000,
GPU,0,57.510,35819929145,0,0,0.000,0.000,0.000,0.000,
GPU,0,57.510,35819929145,0,0,0.000,0.000,0.000,0.000,
GPU,0,57.510,35819929145,0,0,0.000,0.000,0.000,0.000,
GPU,0,57.510,35819929145,0,0,0.000,0.000,0.000,0.000,
GPU,0,57.510,35819929145,0,0,0.000,0.000,0.000,0.000,
GPU,0,57.510,35819929145,0,0,0.000,0.000,0.000,0.000,
GPU,0,57.510,35819929145,0,0,0.000,0.000,0.000,0.000,
GPU,0,57.510,35819929145,0,0,0.000,0.000,0.000,0.000,
GPU,0,57.510,35819929145,0,0,0.000,0.000,0.000,0.000,
GPU,0,57.510,35819929145,0,0,0.000,0.000,0.000,0.000,
GPU,0,57.510,35819929145,0,0,0.000,0.000,0.000,0.000,
GPU,0,57.510,35819929145,0,0,0.000,0.000,0.000,0.000,
GPU,0,57.510,35819929145,0,0,0.000,0.000,0.000,0.000,
GPU,0,57.510,35819929145,0,0,0.000,0.000,0.000,0.000,
GPU,0,57.510,35819929145,0,0,0.000,0.000,0.000,0.000,
GPU,0,57.510,35819929145,0,0,0.000,0.000,0.000,0.000,
GPU,0,57.510,35819929145,0,0,0.000,0.000,0.000,0.000,
GPU,0,57.510,35819929145,0,0,0.000,0.000,0.000,0.000,
GPU,0,57.510,35819929145,0,0,0.000,0.000,0.000,0.000,
GPU,0,57.510,35819929145,0,0,0.000,0.000,0.000,0.000,
GPU,0,57.510,35819929145,0,0,0.000,0.000,0.000,0.000,
GPU,0,57.510,35819929145,0,0,0.000,0.000,0.000,0.000,
GPU,0,57.510,35819929145,0,0,0.000,0.000,0.000,0.000,
GPU,0,57.510,35819929145,0,0,0.000,0.000,0.000,0.000,
GPU,0,57.510,35819929145,0,0,0.000,0.000,0.000,0.000,
GPU,0,57.510,35819929145,0,0,0.000,0.000,0.000,0.000,
GPU,0,57.510,35819929145,0,0,0.000,0.000,0.000,0.000,
GPU,0,57.510,35819929145,0,0,0.000,0.000,0.000,0.000,
GPU,0,57.510,35819929145,0,0,0.000,0.000,0.000,0.000,
GPU,0,57.510,35819929145,0,0,0.000,0.000,0.000,0.000,
GPU,0,57.510,35819929145,0,0,0.000,0.000,0.000,0.000,
GPU,0,57.510,35819929145,0,0,0.000,0.000,0.000,0.000,
GPU,0,57.510,35819929145,0,0,0.000,0.000,0.000,0.000,
GPU,0,57.510,35819929145,0,0,0.000,0.000,0.000,0.000,
GPU,0,57.510,35819929145,0,0,0.000,0.000,0.000,0.000,
GPU,0,57.510,35819929145,0,0,0.000,0.000,0.000,0.000,
GPU,0,57.510,35819929145,0,0,0.000,0.000,0.000,0.000,
GPU,0,57.510,35819935002,0,0,0.000,0.000,0.000,0.000,
GPU,0,57.510,35819935002,0,0,0.000,0.000,0.000,0.000,
GPU,0,57.510,35819935002,0,0,0.000,0.000,0.000,0.000,
GPU,0,57.510,35819935002,0,0,0.000,0.000,0.000,0.000,
GPU,0,57.510,35819935002,0,0,0.000,0.000,0.000,0.000,
GPU,0,57.510,35819935002,0,0,0.000,0.000,0.000,0.000,
GPU,0,57.510,35819935002,0,0,0.000,0.000,0.000,0.000,
GPU,0,57.510,35819935002,0,0,0.000,0.000,0.000,0.000,
GPU,0,57.510,35819935002,0,0,0.000,0.000,0.000,0.000,
GPU,0,57.510,35819935002,0,0,0.000,0.000,0.000,0.000,
GPU,0,57.510,35819935002,0,0,0.000,0.000,0.000,0.000,
GPU,0,57.510,35819935002,0,0,0.000,0.000,0.000,0.000,
GPU,0,57.510,35819935002,0,0,0.000,0.000,0.000,0.000,
GPU,0,57.510,35819935002,0,0,0.000,0.000,0.000,0.000,
GPU,0,57.510,35819935002,0,0,0.000,0.000,0.000,0.000,
GPU,0,57.510,35819935002,0,0,0.000,0.000,0.000,0.000,
GPU,0,57.510,35819935002,0,0,0.000,0.000,0.000,0.000,
GPU,0,57.510,35819935002,0,0,0.000,0.000,0.000,0.000,
GPU,0,57.510,35819935002,0,0,0.000,0.000,0.000,0.000,
GPU,0,57.510,35819935002,0,0,0.000,0.000,0.000,0.000,
GPU,0,57.200,35819935002,0,0,0.000,0.000,0.000,0.000,
GPU,0,57.200,35819935002,0,0,0.000,0.000,0.000,0.000,
GPU,0,57.200,35819935002,0,0,0.000,0.000,0.000,0.000,
GPU,0,57.200,35819935002,0,0,0.000,0.000,0.000,0.000,
GPU,0,57.200,35819935002,0,0,0.000,0.000,0.000,0.000,
GPU,0,57.200,35819935002,0,0,0.000,0.000,0.000,0.000,
GPU,0,57.200,35819935002,0,0,0.000,0.000,0.000,0.000,
GPU,0,57.200,35819935002,0,0,0.000,0.000,0.000,0.000,
GPU,0,57.200,35819935002,0,0,0.000,0.000,0.000,0.000,
GPU,0,57.200,35819935002,0,0,0.000,0.000,0.000,0.000,
GPU,0,57.200,35819935002,0,0,0.000,0.000,0.000,0.000,
GPU,0,57.200,35819935002,0,0,0.000,0.000,0.000,0.000,
GPU,0,57.200,35819935002,0,0,0.000,0.000,0.000,0.000,
GPU,0,57.200,35819935002,0,0,0.000,0.000,0.000,0.000,
GPU,0,57.200,35819935002,0,0,0.000,0.000,0.000,0.000,
GPU,0,57.200,35819935002,0,0,0.000,0.000,0.000,0.000,
GPU,0,57.200,35819935002,0,0,0.000,0.000,0.000,0.000,
GPU,0,57.200,35819935002,0,0,0.000,0.000,0.000,0.000,
GPU,0,57.200,35819935002,0,0,0.000,0.000,0.000,0.000,
GPU,0,57.200,35819935002,0,0,0.000,0.000,0.000,0.000,
GPU,0,57.200,35819935002,0,0,0.000,0.000,0.000,0.000,
GPU,0,57.200,35819935002,0,0,0.000,0.000,0.000,0.000,
GPU,0,57.200,35819935002,0,0,0.000,0.000,0.000,0.000,
GPU,0,57.200,35819935002,0,0,0.000,0.000,0.000,0.000,
GPU,0,57.200,35819935002,0,0,0.000,0.000,0.000,0.000,
GPU,0,57.200,35819935002,0,0,0.000,0.000,0.000,0.000,
GPU,0,57.200,35819935002,0,0,0.000,0.000,0.000,0.000,
GPU,0,57.200,35819935002,0,0,0.000,0.000,0.000,0.000,
GPU,0,57.200,35819935002,0,0,0.000,0.000,0.000,0.000,
GPU,0,57.200,35819935002,0,0,0.000,0.000,0.000,0.000,
GPU,0,57.200,35819935002,0,0,0.000,0.000,0.000,0.000,
GPU,0,57.200,35819935002,0,0,0.000,0.000,0.000,0.000,
GPU,0,57.200,35819935002,0,0,0.000,0.000,0.000,0.000,
GPU,0,57.200,35819935002,0,0,0.000,0.000,0.000,0.000,
GPU,0,57.200,35819935002,0,0,0.000,0.000,0.000,0.000,
GPU,0,57.200,35819935002,0,0,0.000,0.000,0.000,0.000,
GPU,0,57.200,35819935002,0,0,0.000,0.000,0.000,0.000,
GPU,0,57.200,35819935002,0,0,0.000,0.000,0.000,0.000,
GPU,0,57.200,35819935002,0,0,0.000,0.000,0.000,0.000,
GPU,0,57.200,35819935002,0,0,0.000,0.000,0.000,0.000,
GPU,0,57.200,35819935002,0,0,0.000,0.000,0.000,0.000,
GPU,0,57.200,35819935002,0,0,0.000,0.000,0.000,0.000,
GPU,0,57.200,35819935002,0,0,0.000,0.000,0.000,0.000,
GPU,0,57.200,35819935002,0,0,0.000,0.000,0.000,0.000,
GPU,0,57.200,35819935002,0,0,0.000,0.000,0.000,0.000,
GPU,0,57.200,35819935002,0,0,0.000,0.000,0.000,0.000,
GPU,0,57.200,35819935002,0,0,0.000,0.000,0.000,0.000,
GPU,0,57.200,35819935002,0,0,0.000,0.000,0.000,0.000,
GPU,0,57.200,35819940777,0,0,0.000,0.000,0.000,0.000,
GPU,0,57.200,35819940777,0,0,0.000,0.000,0.000,0.000,
GPU,0,57.200,35819940777,0,0,0.000,0.000,0.000,0.000,
GPU,0,57.200,35819940777,0,0,0.000,0.000,0.000,0.000,
GPU,0,57.200,35819940777,0,0,0.000,0.000,0.000,0.000,
GPU,0,57.200,35819940777,0,0,0.000,0.000,0.000,0.000,
GPU,0,57.200,35819940777,0,0,0.000,0.000,0.000,0.000,
GPU,0,57.200,35819940777,0,0,0.000,0.000,0.000,0.000,
GPU,0,57.200,35819940777,0,0,0.000,0.000,0.000,0.000,
GPU,0,57.200,35819940777,0,0,0.000,0.000,0.000,0.000,
GPU,0,57.200,35819940777,0,0,0.000,0.000,0.000,0.000,
GPU,0,57.200,35819940777,0,0,0.000,0.000,0.000,0.000,
GPU,0,57.200,35819940777,0,0,0.000,0.000,0.000,0.000,
GPU,0,57.200,35819940777,0,0,0.000,0.000,0.000,0.000,
GPU,0,57.200,35819940777,0,0,0.000,0.000,0.000,0.000,
GPU,0,57.200,35819940777,0,0,0.000,0.000,0.000,0.000,
GPU,0,57.200,35819940777,0,0,0.000,0.000,0.000,0.000,
GPU,0,57.200,35819940777,0,0,0.000,0.000,0.000,0.000,
GPU,0,57.200,35819940777,0,0,0.000,0.000,0.000,0.000,
GPU,0,57.200,35819940777,0,0,0.000,0.000,0.000,0.000,
GPU,0,57.200,35819940777,0,0,0.000,0.000,0.000,0.000,
GPU,0,57.200,35819940777,0,0,0.000,0.000,0.000,0.000,
GPU,0,57.200,35819940777,0,0,0.000,0.000,0.000,0.000,
GPU,0,57.200,35819940777,0,0,0.000,0.000,0.000,0.000,
GPU,0,57.200,35819940777,0,0,0.000,0.000,0.000,0.000,
GPU,0,57.200,35819940777,0,0,0.000,0.000,0.000,0.000,
GPU,0,57.200,35819940777,0,0,0.000,0.000,0.000,0.000,
GPU,0,57.200,35819940777,0,0,0.000,0.000,0.000,0.000,
GPU,0,57.200,35819940777,0,0,0.000,0.000,0.000,0.000,
GPU,0,57.200,35819940777,0,0,0.000,0.000,0.000,0.000,
GPU,0,57.200,35819940777,0,0,0.000,0.000,0.000,0.000,
GPU,0,57.200,35819940777,0,0,0.000,0.000,0.000,0.000,
GPU,0,57.200,35819940777,0,0,0.000,0.000,0.000,0.000,
GPU,0,57.200,35819940777,0,0,0.000,0.000,0.000,0.000,
GPU,0,57.200,35819940777,0,0,0.000,0.000,0.000,0.000,
GPU,0,57.200,35819940777,0,0,0.000,0.000,0.000,0.000,
GPU,0,57.200,35819940777,0,0,0.000,0.000,0.000,0.000,
GPU,0,57.200,35819940777,0,0,0.000,0.000,0.000,0.000,
GPU,0,57.200,35819940777,0,0,0.000,0.000,0.000,0.000,
GPU,0,57.200,35819940777,0,0,0.000,0.000,0.000,0.000,
GPU,0,57.200,35819940777,0,0,0.000,0.000,0.000,0.000,
GPU,0,57.200,35819940777,0,0,0.000,0.000,0.000,0.000,
GPU,0,57.200,35819940777,0,0,0.000,0.000,0.000,0.000,
GPU,0,57.200,35819940777,0,0,0.000,0.000,0.000,0.000,
GPU,0,57.200,35819940777,0,0,0.000,0.000,0.000,0.000,
GPU,0,57.200,35819940777,0,0,0.000,0.000,0.000,0.000,
GPU,0,57.200,35819940777,0,0,0.000,0.000,0.000,0.000,
GPU,0,57.200,35819940777,0,0,0.000,0.000,0.000,0.000,
GPU,0,57.200,35819940777,0,0,0.000,0.000,0.000,0.000,
GPU,0,57.200,35819940777,0,0,0.000,0.000,0.000,0.000,
GPU,0,57.200,35819940777,0,0,0.000,0.000,0.000,0.000,
GPU,0,57.200,35819940777,0,0,0.000,0.000,0.000,0.000,
GPU,0,57.200,35819940777,0,0,0.000,0.000,0.000,0.000,
GPU,0,57.200,35819940777,0,0,0.000,0.000,0.000,0.000,
GPU,0,57.200,35819940777,0,0,0.000,0.000,0.000,0.000,
GPU,0,57.200,35819940777,0,0,0.000,0.000,0.000,0.000,
GPU,0,57.200,35819940777,0,0,0.000,0.000,0.000,0.000,
GPU,0,57.200,35819940777,0,0,0.000,0.000,0.000,0.000,
GPU,0,57.200,35819940777,0,0,0.000,0.000,0.000,0.000,
GPU,0,57.200,35819940777,0,0,0.000,0.000,0.000,0.000,
GPU,0,57.200,35819940777,0,0,0.000,0.000,0.000,0.000,
GPU,0,57.200,35819940777,0,0,0.000,0.000,0.000,0.000,
GPU,0,57.200,35819940777,0,0,0.000,0.000,0.000,0.000,
GPU,0,57.200,35819940777,0,0,0.000,0.000,0.000,0.000,
GPU,0,57.200,35819940777,0,0,0.000,0.000,0.000,0.000,
GPU,0,57.200,35819940777,0,0,0.000,0.000,0.000,0.000,
GPU,0,57.200,35819946455,0,0,0.000,0.000,0.000,0.000,
GPU,0,57.200,35819946455,0,0,0.000,0.000,0.000,0.000,
GPU,0,57.200,35819946455,0,0,0.000,0.000,0.000,0.000,
GPU,0,57.200,35819946455,0,0,0.000,0.000,0.000,0.000,
GPU,0,57.200,35819946455,0,0,0.000,0.000,0.000,0.000,
GPU,0,57.200,35819946455,0,0,0.000,0.000,0.000,0.000,
GPU,0,57.200,35819946455,0,0,0.000,0.000,0.000,0.000,
GPU,0,57.200,35819946455,0,0,0.000,0.000,0.000,0.000,
GPU,0,57.200,35819946455,0,0,0.000,0.000,0.000,0.000,
GPU,0,57.200,35819946455,0,0,0.000,0.000,0.000,0.000,
GPU,0,57.200,35819946455,0,0,0.000,0.000,0.000,0.000,
GPU,0,57.200,35819946455,0,0,0.000,0.000,0.000,0.000,
GPU,0,57.200,35819946455,0,0,0.000,0.000,0.000,0.000,
GPU,0,57.200,35819946455,0,0,0.000,0.000,0.000,0.000,
GPU,0,57.200,35819946455,0,0,0.000,0.000,0.000,0.000,
GPU,0,57.200,35819946455,0,0,0.000,0.000,0.000,0.000,
GPU,0,57.200,35819946455,0,0,0.000,0.000,0.000,0.000,
GPU,0,57.200,35819946455,0,0,0.000,0.000,0.000,0.000,
GPU,0,57.200,35819946455,0,0,0.000,0.000,0.000,0.000,
GPU,0,57.200,35819946455,0,0,0.000,0.000,0.000,0.000,
GPU,0,57.200,35819946455,0,0,0.000,0.000,0.000,0.000,
GPU,0,57.266,35819946455,0,0,0.000,0.000,0.000,0.000,
GPU,0,57.266,35819946455,0,0,0.000,0.000,0.000,0.000,
GPU,0,57.266,35819946455,0,0,0.000,0.000,0.000,0.000,
GPU,0,57.266,35819946455,0,0,0.000,0.000,0.000,0.000,
GPU,0,57.266,35819946455,0,0,0.000,0.000,0.000,0.000,
GPU,0,57.266,35819946455,0,0,0.000,0.000,0.000,0.000,
GPU,0,57.266,35819946455,0,0,0.000,0.000,0.000,0.000,
GPU,0,57.266,35819946455,0,0,0.000,0.000,0.000,0.000,
GPU,0,57.266,35819946455,0,0,0.000,0.000,0.000,0.000,
GPU,0,57.266,35819946455,0,0,0.000,0.000,0.000,0.000,
GPU,0,57.266,35819946455,0,0,0.000,0.000,0.000,0.000,
GPU,0,57.266,35819946455,0,0,0.000,0.000,0.000,0.000,
GPU,0,57.266,35819946455,0,0,0.000,0.000,0.000,0.000,
GPU,0,57.266,35819946455,0,0,0.000,0.000,0.000,0.000,
GPU,0,57.266,35819946455,0,0,0.000,0.000,0.000,0.000,
GPU,0,57.266,35819946455,0,0,0.000,0.000,0.000,0.000,
GPU,0,57.266,35819946455,0,0,0.000,0.000,0.000,0.000,
GPU,0,57.266,35819946455,0,0,0.000,0.000,0.000,0.000,
GPU,0,57.266,35819946455,0,0,0.000,0.000,0.000,0.000,
GPU,0,57.266,35819946455,0,0,0.000,0.000,0.000,0.000,
GPU,0,57.266,35819946455,0,0,0.000,0.000,0.000,0.000,
GPU,0,57.266,35819946455,0,0,0.000,0.000,0.000,0.000,
GPU,0,57.266,35819946455,0,0,0.000,0.000,0.000,0.000,
GPU,0,57.266,35819946455,0,0,0.000,0.000,0.000,0.000,
GPU,0,57.266,35819946455,0,0,0.000,0.000,0.000,0.000,
GPU,0,57.266,35819946455,0,0,0.000,0.000,0.000,0.000,
GPU,0,57.266,35819946455,0,0,0.000,0.000,0.000,0.000,
GPU,0,57.266,35819946455,0,0,0.000,0.000,0.000,0.000,
GPU,0,57.266,35819946455,0,0,0.000,0.000,0.000,0.000,
GPU,0,57.266,35819946455,0,0,0.000,0.000,0.000,0.000,
GPU,0,57.266,35819946455,0,0,0.000,0.000,0.000,0.000,
GPU,0,57.266,35819946455,0,0,0.000,0.000,0.000,0.000,
GPU,0,57.266,35819946455,0,0,0.000,0.000,0.000,0.000,
GPU,0,57.266,35819946455,0,0,0.000,0.000,0.000,0.000,
GPU,0,57.266,35819946455,0,0,0.000,0.000,0.000,0.000,
GPU,0,57.266,35819946455,0,0,0.000,0.000,0.000,0.000,
GPU,0,57.266,35819946455,0,0,0.000,0.000,0.000,0.000,
GPU,0,57.266,35819946455,0,0,0.000,0.000,0.000,0.000,
GPU,0,57.266,35819946455,0,0,0.000,0.000,0.000,0.000,
GPU,0,57.266,35819946455,0,0,0.000,0.000,0.000,0.000,
GPU,0,57.266,35819946455,0,0,0.000,0.000,0.000,0.000,
GPU,0,57.266,35819946455,0,0,0.000,0.000,0.000,0.000,
GPU,0,57.266,35819946455,0,0,0.000,0.000,0.000,0.000,
GPU,0,57.266,35819946455,0,0,0.000,0.000,0.000,0.000,
GPU,0,57.266,35819946455,0,0,0.000,0.000,0.000,0.000,
GPU,0,57.266,35819946455,0,0,0.000,0.000,0.000,0.000,
GPU,0,57.266,35819946455,0,0,0.000,0.000,0.000,0.000,
GPU,0,57.266,35819946455,0,0,0.000,0.000,0.000,0.000,
GPU,0,57.266,35819946455,0,0,0.000,0.000,0.000,0.000,
GPU,0,57.266,35819952274,0,0,0.000,0.000,0.000,0.000,
GPU,0,57.266,35819952274,0,0,0.000,0.000,0.000,0.000,
GPU,0,57.266,35819952274,0,0,0.000,0.000,0.000,0.000,
GPU,0,57.266,35819952274,0,0,0.000,0.000,0.000,0.000,
GPU,0,57.266,35819952274,0,0,0.000,0.000,0.000,0.000,
GPU,0,57.266,35819952274,0,0,0.000,0.000,0.000,0.000,
GPU,0,57.266,35819952274,0,0,0.000,0.000,0.000,0.000,
GPU,0,57.266,35819952274,0,0,0.000,0.000,0.000,0.000,
GPU,0,57.266,35819952274,0,0,0.000,0.000,0.000,0.000,
GPU,0,57.266,35819952274,0,0,0.000,0.000,0.000,0.000,
GPU,0,57.266,35819952274,0,0,0.000,0.000,0.000,0.000,
GPU,0,57.266,35819952274,0,0,0.000,0.000,0.000,0.000,
GPU,0,57.266,35819952274,0,0,0.000,0.000,0.000,0.000,
GPU,0,57.266,35819952274,0,0,0.000,0.000,0.000,0.000,
GPU,0,57.266,35819952274,0,0,0.000,0.000,0.000,0.000,
GPU,0,57.266,35819952274,0,0,0.000,0.000,0.000,0.000,
GPU,0,57.266,35819952274,0,0,0.000,0.000,0.000,0.000,
GPU,0,57.266,35819952274,0,0,0.000,0.000,0.000,0.000,
GPU,0,57.266,35819952274,0,0,0.000,0.000,0.000,0.000,
GPU,0,57.266,35819952274,0,0,0.000,0.000,0.000,0.000,
GPU,0,57.266,35819952274,0,0,0.000,0.000,0.000,0.000,
GPU,0,57.444,35819952274,0,0,0.000,0.000,0.000,0.000,
GPU,0,57.444,35819952274,0,0,0.000,0.000,0.000,0.000,
GPU,0,57.444,35819952274,0,0,0.000,0.000,0.000,0.000,
GPU,0,57.444,35819952274,0,0,0.000,0.000,0.000,0.000,
GPU,0,57.444,35819952274,0,0,0.000,0.000,0.000,0.000,
GPU,0,57.444,35819952274,0,0,0.000,0.000,0.000,0.000,
GPU,0,57.444,35819952274,0,0,0.000,0.000,0.000,0.000,
GPU,0,57.444,35819952274,0,0,0.000,0.000,0.000,0.000,
GPU,0,57.444,35819952274,0,0,0.000,0.000,0.000,0.000,
GPU,0,57.444,35819952274,0,0,0.000,0.000,0.000,0.000,
GPU,0,57.444,35819952274,0,0,0.000,0.000,0.000,0.000,
GPU,0,57.444,35819952274,0,0,0.000,0.000,0.000,0.000,
GPU,0,57.444,35819952274,0,0,0.000,0.000,0.000,0.000,
GPU,0,57.444,35819952274,0,0,0.000,0.000,0.000,0.000,
GPU,0,57.444,35819952274,0,0,0.000,0.000,0.000,0.000,
GPU,0,57.444,35819952274,0,0,0.000,0.000,0.000,0.000,
GPU,0,57.444,35819952274,0,0,0.000,0.000,0.000,0.000,
GPU,0,57.444,35819952274,0,0,0.000,0.000,0.000,0.000,
GPU,0,57.444,35819952274,0,0,0.000,0.000,0.000,0.000,
GPU,0,57.444,35819952274,0,0,0.000,0.000,0.000,0.000,
GPU,0,57.444,35819952274,0,0,0.000,0.000,0.000,0.000,
GPU,0,57.444,35819952274,0,0,0.000,0.000,0.000,0.000,
GPU,0,57.444,35819952274,0,0,0.000,0.000,0.000,0.000,
GPU,0,57.444,35819952274,0,0,0.000,0.000,0.000,0.000,
GPU,0,57.444,35819952274,0,0,0.000,0.000,0.000,0.000,
GPU,0,57.444,35819952274,0,0,0.000,0.000,0.000,0.000,
GPU,0,57.444,35819952274,0,0,0.000,0.000,0.000,0.000,
GPU,0,57.444,35819952274,0,0,0.000,0.000,0.000,0.000,
GPU,0,57.444,35819952274,0,0,0.000,0.000,0.000,0.000,
GPU,0,57.444,35819952274,0,0,0.000,0.000,0.000,0.000,
GPU,0,57.444,35819952274,0,0,0.000,0.000,0.000,0.000,
GPU,0,57.444,35819952274,0,0,0.000,0.000,0.000,0.000,
GPU,0,57.444,35819952274,0,0,0.000,0.000,0.000,0.000,
GPU,0,57.444,35819952274,0,0,0.000,0.000,0.000,0.000,
GPU,0,57.444,35819952274,0,0,0.000,0.000,0.000,0.000,
GPU,0,57.444,35819952274,0,0,0.000,0.000,0.000,0.000,
GPU,0,57.444,35819952274,0,0,0.000,0.000,0.000,0.000,
GPU,0,57.444,35819952274,0,0,0.000,0.000,0.000,0.000,
GPU,0,57.444,35819952274,0,0,0.000,0.000,0.000,0.000,
GPU,0,57.444,35819952274,0,0,0.000,0.000,0.000,0.000,
GPU,0,57.444,35819952274,0,0,0.000,0.000,0.000,0.000,
GPU,0,57.444,35819952274,0,0,0.000,0.000,0.000,0.000,
GPU,0,57.444,35819952274,0,0,0.000,0.000,0.000,0.000,
GPU,0,57.444,35819952274,0,0,0.000,0.000,0.000,0.000,
GPU,0,57.444,35819952274,0,0,0.000,0.000,0.000,0.000,
GPU,0,57.444,35819958000,0,0,0.000,0.000,0.000,0.000,
GPU,0,57.444,35819958000,0,0,0.000,0.000,0.000,0.000,
GPU,0,57.444,35819958000,0,0,0.000,0.000,0.000,0.000,
GPU,0,57.444,35819958000,0,0,0.000,0.000,0.000,0.000,
GPU,0,57.444,35819958000,0,0,0.000,0.000,0.000,0.000,
GPU,0,57.444,35819958000,0,0,0.000,0.000,0.000,0.000,
GPU,0,57.444,35819958000,0,0,0.000,0.000,0.000,0.000,
GPU,0,57.444,35819958000,0,0,0.000,0.000,0.000,0.000,
GPU,0,57.444,35819958000,0,0,0.000,0.000,0.000,0.000,
GPU,0,57.444,35819958000,0,0,0.000,0.000,0.000,0.000,
GPU,0,57.444,35819958000,0,0,0.000,0.000,0.000,0.000,
GPU,0,57.444,35819958000,0,0,0.000,0.000,0.000,0.000,
GPU,0,57.444,35819958000,0,0,0.000,0.000,0.000,0.000,
GPU,0,57.444,35819958000,0,0,0.000,0.000,0.000,0.000,
GPU,0,57.444,35819958000,0,0,0.000,0.000,0.000,0.000,
GPU,0,57.444,35819958000,0,0,0.000,0.000,0.000,0.000,
GPU,0,57.444,35819958000,0,0,0.000,0.000,0.000,0.000,
GPU,0,57.444,35819958000,0,0,0.000,0.000,0.000,0.000,
GPU,0,57.444,35819958000,0,0,0.000,0.000,0.000,0.000,
GPU,0,57.444,35819958000,0,0,0.000,0.000,0.000,0.000,
GPU,0,57.200,35819958000,0,0,0.000,0.000,0.000,0.000,
GPU,0,57.200,35819958000,0,0,0.000,0.000,0.000,0.000,
GPU,0,57.200,35819958000,0,0,0.000,0.000,0.000,0.000,
GPU,0,57.200,35819958000,0,0,0.000,0.000,0.000,0.000,
GPU,0,57.200,35819958000,0,0,0.000,0.000,0.000,0.000,
GPU,0,57.200,35819958000,0,0,0.000,0.000,0.000,0.000,
GPU,0,57.200,35819958000,0,0,0.000,0.000,0.000,0.000,
GPU,0,57.200,35819958000,0,0,0.000,0.000,0.000,0.000,
GPU,0,57.200,35819958000,0,0,0.000,0.000,0.000,0.000,
GPU,0,57.200,35819958000,0,0,0.000,0.000,0.000,0.000,
GPU,0,57.200,35819958000,0,0,0.000,0.000,0.000,0.000,
GPU,0,57.200,35819958000,0,0,0.000,0.000,0.000,0.000,
GPU,0,57.200,35819958000,0,0,0.000,0.000,0.000,0.000,
GPU,0,57.200,35819958000,0,0,0.000,0.000,0.000,0.000,
GPU,0,57.200,35819958000,0,0,0.000,0.000,0.000,0.000,
GPU,0,57.200,35819958000,0,0,0.000,0.000,0.000,0.000,
GPU,0,57.200,35819958000,0,0,0.000,0.000,0.000,0.000,
GPU,0,57.200,35819958000,0,0,0.000,0.000,0.000,0.000,
GPU,0,57.200,35819958000,0,0,0.000,0.000,0.000,0.000,
GPU,0,57.200,35819958000,0,0,0.000,0.000,0.000,0.000,
GPU,0,57.200,35819958000,0,0,0.000,0.000,0.000,0.000,
GPU,0,57.200,35819958000,0,0,0.000,0.000,0.000,0.000,
GPU,0,57.200,35819958000,0,0,0.000,0.000,0.000,0.000,
GPU,0,57.200,35819958000,0,0,0.000,0.000,0.000,0.000,
GPU,0,57.200,35819958000,0,0,0.000,0.000,0.000,0.000,
GPU,0,57.200,35819958000,0,0,0.000,0.000,0.000,0.000,
GPU,0,57.200,35819958000,0,0,0.000,0.000,0.000,0.000,
GPU,0,57.200,35819958000,0,0,0.000,0.000,0.000,0.000,
GPU,0,57.200,35819958000,0,0,0.000,0.000,0.000,0.000,
GPU,0,57.200,35819958000,0,0,0.000,0.000,0.000,0.000,
GPU,0,57.200,35819958000,0,0,0.000,0.000,0.000,0.000,
GPU,0,57.200,35819958000,0,0,0.000,0.000,0.000,0.000,
GPU,0,57.200,35819958000,0,0,0.000,0.000,0.000,0.000,
GPU,0,57.200,35819958000,0,0,0.000,0.000,0.000,0.000,
GPU,0,57.200,35819958000,0,0,0.000,0.000,0.000,0.000,
GPU,0,57.200,35819958000,0,0,0.000,0.000,0.000,0.000,
GPU,0,57.200,35819958000,0,0,0.000,0.000,0.000,0.000,
GPU,0,57.200,35819958000,0,0,0.000,0.000,0.000,0.000,
GPU,0,57.200,35819958000,0,0,0.000,0.000,0.000,0.000,
GPU,0,57.200,35819958000,0,0,0.000,0.000,0.000,0.000,
GPU,0,57.200,35819958000,0,0,0.000,0.000,0.000,0.000,
GPU,0,57.200,35819958000,0,0,0.000,0.000,0.000,0.000,
GPU,0,57.200,35819958000,0,0,0.000,0.000,0.000,0.000,
GPU,0,57.200,35819958000,0,0,0.000,0.000,0.000,0.000,
GPU,0,57.200,35819958000,0,0,0.000,0.000,0.000,0.000,
GPU,0,57.200,35819958000,0,0,0.000,0.000,0.000,0.000,
GPU,0,57.200,35819958000,0,0,0.000,0.000,0.000,0.000,
GPU,0,57.200,35819958000,0,0,0.000,0.000,0.000,0.000,
GPU,0,57.200,35819963780,0,0,0.000,0.000,0.000,0.000,
GPU,0,57.200,35819963780,0,0,0.000,0.000,0.000,0.000,
GPU,0,57.200,35819963780,0,0,0.000,0.000,0.000,0.000,
GPU,0,57.200,35819963780,0,0,0.000,0.000,0.000,0.000,
GPU,0,57.200,35819963780,0,0,0.000,0.000,0.000,0.000,
GPU,0,57.200,35819963780,0,0,0.000,0.000,0.000,0.000,
GPU,0,57.200,35819963780,0,0,0.000,0.000,0.000,0.000,
GPU,0,57.200,35819963780,0,0,0.000,0.000,0.000,0.000,
GPU,0,57.200,35819963780,0,0,0.000,0.000,0.000,0.000,
GPU,0,57.200,35819963780,0,0,0.000,0.000,0.000,0.000,
GPU,0,57.200,35819963780,0,0,0.000,0.000,0.000,0.000,
GPU,0,57.200,35819963780,0,0,0.000,0.000,0.000,0.000,
GPU,0,57.200,35819963780,0,0,0.000,0.000,0.000,0.000,
GPU,0,57.200,35819963780,0,0,0.000,0.000,0.000,0.000,
GPU,0,57.200,35819963780,0,0,0.000,0.000,0.000,0.000,
GPU,0,57.200,35819963780,0,0,0.000,0.000,0.000,0.000,
GPU,0,57.200,35819963780,0,0,0.000,0.000,0.000,0.000,
GPU,0,57.200,35819963780,0,0,0.000,0.000,0.000,0.000,
GPU,0,57.200,35819963780,0,0,0.000,0.000,0.000,0.000,
GPU,0,57.200,35819963780,0,0,0.000,0.000,0.000,0.000,
GPU,0,57.200,35819963780,0,0,0.000,0.000,0.000,0.000,
GPU,0,57.200,35819963780,0,0,0.000,0.000,0.000,0.000,
GPU,0,57.266,35819963780,0,0,0.000,0.000,0.000,0.000,
GPU,0,57.266,35819963780,0,0,0.000,0.000,0.000,0.000,
GPU,0,57.266,35819963780,0,0,0.000,0.000,0.000,0.000,
GPU,0,57.266,35819963780,0,0,0.000,0.000,0.000,0.000,
GPU,0,57.266,35819963780,0,0,0.000,0.000,0.000,0.000,
GPU,0,57.266,35819963780,0,0,0.000,0.000,0.000,0.000,
GPU,0,57.266,35819963780,0,0,0.000,0.000,0.000,0.000,
GPU,0,57.266,35819963780,0,0,0.000,0.000,0.000,0.000,
GPU,0,57.266,35819963780,0,0,0.000,0.000,0.000,0.000,
GPU,0,57.266,35819963780,0,0,0.000,0.000,0.000,0.000,
GPU,0,57.266,35819963780,0,0,0.000,0.000,0.000,0.000,
GPU,0,57.266,35819963780,0,0,0.000,0.000,0.000,0.000,
GPU,0,57.266,35819963780,0,0,0.000,0.000,0.000,0.000,
GPU,0,57.266,35819963780,0,0,0.000,0.000,0.000,0.000,
GPU,0,57.266,35819963780,0,0,0.000,0.000,0.000,0.000,
GPU,0,57.266,35819963780,0,0,0.000,0.000,0.000,0.000,
GPU,0,57.266,35819963780,0,0,0.000,0.000,0.000,0.000,
GPU,0,57.266,35819963780,0,0,0.000,0.000,0.000,0.000,
GPU,0,57.266,35819963780,0,0,0.000,0.000,0.000,0.000,
GPU,0,57.266,35819963780,0,0,0.000,0.000,0.000,0.000,
GPU,0,57.266,35819963780,0,0,0.000,0.000,0.000,0.000,
GPU,0,57.266,35819963780,0,0,0.000,0.000,0.000,0.000,
GPU,0,57.266,35819963780,0,0,0.000,0.000,0.000,0.000,
GPU,0,57.266,35819963780,0,0,0.000,0.000,0.000,0.000,
GPU,0,57.266,35819963780,0,0,0.000,0.000,0.000,0.000,
GPU,0,57.266,35819963780,0,0,0.000,0.000,0.000,0.000,
GPU,0,57.266,35819963780,0,0,0.000,0.000,0.000,0.000,
GPU,0,57.266,35819963780,0,0,0.000,0.000,0.000,0.000,
GPU,0,57.266,35819963780,0,0,0.000,0.000,0.000,0.000,
GPU,0,57.266,35819963780,0,0,0.000,0.000,0.000,0.000,
GPU,0,57.266,35819963780,0,0,0.000,0.000,0.000,0.000,
GPU,0,57.266,35819963780,0,0,0.000,0.000,0.000,0.000,
GPU,0,57.266,35819963780,0,0,0.000,0.000,0.000,0.000,
GPU,0,57.266,35819963780,0,0,0.000,0.000,0.000,0.000,
GPU,0,57.266,35819963780,0,0,0.000,0.000,0.000,0.000,
GPU,0,57.266,35819963780,0,0,0.000,0.000,0.000,0.000,
GPU,0,57.266,35819963780,0,0,0.000,0.000,0.000,0.000,
GPU,0,57.266,35819963780,0,0,0.000,0.000,0.000,0.000,
GPU,0,57.266,35819963780,0,0,0.000,0.000,0.000,0.000,
GPU,0,57.266,35819963780,0,0,0.000,0.000,0.000,0.000,
GPU,0,57.266,35819963780,0,0,0.000,0.000,0.000,0.000,
GPU,0,57.266,35819963780,0,0,0.000,0.000,0.000,0.000,
GPU,0,57.266,35819963780,0,0,0.000,0.000,0.000,0.000,
GPU,0,57.266,35819963780,0,0,0.000,0.000,0.000,0.000,
GPU,0,57.266,35819963780,0,0,0.000,0.000,0.000,0.000,
GPU,0,57.266,35819963780,0,0,0.000,0.000,0.000,0.000,
GPU,0,57.266,35819963780,0,0,0.000,0.000,0.000,0.000,
GPU,0,57.266,35819969549,0,0,0.000,0.000,0.000,0.000,
GPU,0,57.266,35819969549,0,0,0.000,0.000,0.000,0.000,
GPU,0,57.266,35819969549,0,0,0.000,0.000,0.000,0.000,
GPU,0,57.266,35819969549,0,0,0.000,0.000,0.000,0.000,
GPU,0,57.266,35819969549,0,0,0.000,0.000,0.000,0.000,
GPU,0,57.266,35819969549,0,0,0.000,0.000,0.000,0.000,
GPU,0,57.266,35819969549,0,0,0.000,0.000,0.000,0.000,
GPU,0,57.266,35819969549,0,0,0.000,0.000,0.000,0.000,
GPU,0,57.266,35819969549,0,0,0.000,0.000,0.000,0.000,
GPU,0,57.266,35819969549,0,0,0.000,0.000,0.000,0.000,
GPU,0,57.266,35819969549,0,0,0.000,0.000,0.000,0.000,
GPU,0,57.266,35819969549,0,0,0.000,0.000,0.000,0.000,
GPU,0,57.266,35819969549,0,0,0.000,0.000,0.000,0.000,
GPU,0,57.266,35819969549,0,0,0.000,0.000,0.000,0.000,
GPU,0,57.266,35819969549,0,0,0.000,0.000,0.000,0.000,
GPU,0,57.266,35819969549,0,0,0.000,0.000,0.000,0.000,
GPU,0,57.266,35819969549,0,0,0.000,0.000,0.000,0.000,
GPU,0,57.266,35819969549,0,0,0.000,0.000,0.000,0.000,
GPU,0,57.266,35819969549,0,0,0.000,0.000,0.000,0.000,
GPU,0,57.266,35819969549,0,0,0.000,0.000,0.000,0.000,
GPU,0,57.266,35819969549,0,0,0.000,0.000,0.000,0.000,
GPU,0,57.266,35819969549,0,0,0.000,0.000,0.000,0.000,
GPU,0,57.266,35819969549,0,0,0.000,0.000,0.000,0.000,
GPU,0,57.266,35819969549,0,0,0.000,0.000,0.000,0.000,
GPU,0,57.266,35819969549,0,0,0.000,0.000,0.000,0.000,
GPU,0,57.266,35819969549,0,0,0.000,0.000,0.000,0.000,
GPU,0,57.266,35819969549,0,0,0.000,0.000,0.000,0.000,
GPU,0,57.266,35819969549,0,0,0.000,0.000,0.000,0.000,
GPU,0,57.266,35819969549,0,0,0.000,0.000,0.000,0.000,
GPU,0,57.266,35819969549,0,0,0.000,0.000,0.000,0.000,
GPU,0,57.266,35819969549,0,0,0.000,0.000,0.000,0.000,
GPU,0,57.266,35819969549,0,0,0.000,0.000,0.000,0.000,
GPU,0,57.266,35819969549,0,0,0.000,0.000,0.000,0.000,
GPU,0,57.266,35819969549,0,0,0.000,0.000,0.000,0.000,
GPU,0,57.266,35819969549,0,0,0.000,0.000,0.000,0.000,
GPU,0,57.266,35819969549,0,0,0.000,0.000,0.000,0.000,
GPU,0,57.266,35819969549,0,0,0.000,0.000,0.000,0.000,
GPU,0,57.266,35819969549,0,0,0.000,0.000,0.000,0.000,
GPU,0,57.266,35819969549,0,0,0.000,0.000,0.000,0.000,
GPU,0,57.266,35819969549,0,0,0.000,0.000,0.000,0.000,
GPU,0,57.266,35819969549,0,0,0.000,0.000,0.000,0.000,
GPU,0,57.266,35819969549,0,0,0.000,0.000,0.000,0.000,
GPU,0,57.266,35819969549,0,0,0.000,0.000,0.000,0.000,
GPU,0,57.266,35819969549,0,0,0.000,0.000,0.000,0.000,
GPU,0,57.266,35819969549,0,0,0.000,0.000,0.000,0.000,
GPU,0,57.266,35819969549,0,0,0.000,0.000,0.000,0.000,
GPU,0,57.266,35819969549,0,0,0.000,0.000,0.000,0.000,
GPU,0,57.266,35819969549,0,0,0.000,0.000,0.000,0.000,
GPU,0,57.266,35819969549,0,0,0.000,0.000,0.000,0.000,
GPU,0,57.266,35819969549,0,0,0.000,0.000,0.000,0.000,
GPU,0,57.266,35819969549,0,0,0.000,0.000,0.000,0.000,
GPU,0,57.266,35819969549,0,0,0.000,0.000,0.000,0.000,
GPU,0,57.266,35819969549,0,0,0.000,0.000,0.000,0.000,
GPU,0,57.266,35819969549,0,0,0.000,0.000,0.000,0.000,
GPU,0,57.266,35819969549,0,0,0.000,0.000,0.000,0.000,
GPU,0,57.266,35819969549,0,0,0.000,0.000,0.000,0.000,
GPU,0,57.266,35819969549,0,0,0.000,0.000,0.000,0.000,
GPU,0,57.266,35819969549,0,0,0.000,0.000,0.000,0.000,
GPU,0,57.266,35819969549,0,0,0.000,0.000,0.000,0.000,
GPU,0,57.266,35819969549,0,0,0.000,0.000,0.000,0.000,
GPU,0,57.266,35819969549,0,0,0.000,0.000,0.000,0.000,
GPU,0,57.266,35819969549,0,0,0.000,0.000,0.000,0.000,
GPU,0,57.266,35819969549,0,0,0.000,0.000,0.000,0.000,
GPU,0,57.266,35819969549,0,0,0.000,0.000,0.000,0.000,
GPU,0,57.266,35819969549,0,0,0.000,0.000,0.000,0.000,
GPU,0,57.266,35819969549,0,0,0.000,0.000,0.000,0.000,
GPU,0,57.266,35819969549,0,0,0.000,0.000,0.000,0.000,
GPU,0,57.266,35819969549,0,0,0.000,0.000,0.000,0.000,
GPU,0,57.266,35819969549,0,0,0.000,0.000,0.000,0.000,
GPU,0,57.266,35819969549,0,0,0.000,0.000,0.000,0.000,
GPU,0,57.266,35819969549,0,0,0.000,0.000,0.000,0.000,
GPU,0,57.266,35819975354,0,0,0.000,0.000,0.000,0.000,
GPU,0,57.266,35819975354,0,0,0.000,0.000,0.000,0.000,
GPU,0,57.266,35819975354,0,0,0.000,0.000,0.000,0.000,
GPU,0,57.266,35819975354,0,0,0.000,0.000,0.000,0.000,
GPU,0,57.266,35819975354,0,0,0.000,0.000,0.000,0.000,
GPU,0,57.266,35819975354,0,0,0.000,0.000,0.000,0.000,
GPU,0,57.266,35819975354,0,0,0.000,0.000,0.000,0.000,
GPU,0,57.266,35819975354,0,0,0.000,0.000,0.000,0.000,
GPU,0,57.266,35819975354,0,0,0.000,0.000,0.000,0.000,
GPU,0,57.266,35819975354,0,0,0.000,0.000,0.000,0.000,
GPU,0,57.266,35819975354,0,0,0.000,0.000,0.000,0.000,
GPU,0,57.266,35819975354,0,0,0.000,0.000,0.000,0.000,
GPU,0,57.266,35819975354,0,0,0.000,0.000,0.000,0.000,
GPU,0,57.266,35819975354,0,0,0.000,0.000,0.000,0.000,
GPU,0,57.266,35819975354,0,0,0.000,0.000,0.000,0.000,
GPU,0,57.266,35819975354,0,0,0.000,0.000,0.000,0.000,
GPU,0,57.266,35819975354,0,0,0.000,0.000,0.000,0.000,
GPU,0,57.266,35819975354,0,0,0.000,0.000,0.000,0.000,
GPU,0,57.266,35819975354,0,0,0.000,0.000,0.000,0.000,
GPU,0,57.266,35819975354,0,0,0.000,0.000,0.000,0.000,
GPU,0,57.266,35819975354,0,0,0.000,0.000,0.000,0.000,
GPU,0,57.266,35819975354,0,0,0.000,0.000,0.000,0.000,
GPU,0,57.266,35819975354,0,0,0.000,0.000,0.000,0.000,
GPU,0,57.266,35819975354,0,0,0.000,0.000,0.000,0.000,
GPU,0,57.266,35819975354,0,0,0.000,0.000,0.000,0.000,
GPU,0,57.266,35819975354,0,0,0.000,0.000,0.000,0.000,
GPU,0,57.510,35819975354,0,0,0.000,0.000,0.000,0.000,
GPU,0,57.510,35819975354,0,0,0.000,0.000,0.000,0.000,
GPU,0,57.510,35819975354,0,0,0.000,0.000,0.000,0.000,
GPU,0,57.510,35819975354,0,0,0.000,0.000,0.000,0.000,
GPU,0,57.510,35819975354,0,0,0.000,0.000,0.000,0.000,
GPU,0,57.510,35819975354,0,0,0.000,0.000,0.000,0.000,
GPU,0,57.510,35819975354,0,0,0.000,0.000,0.000,0.000,
GPU,0,57.510,35819975354,0,0,0.000,0.000,0.000,0.000,
GPU,0,57.510,35819975354,0,0,0.000,0.000,0.000,0.000,
GPU,0,57.510,35819975354,0,0,0.000,0.000,0.000,0.000,
GPU,0,57.510,35819975354,0,0,0.000,0.000,0.000,0.000,
GPU,0,57.510,35819975354,0,0,0.000,0.000,0.000,0.000,
GPU,0,57.510,35819975354,0,0,0.000,0.000,0.000,0.000,
GPU,0,57.510,35819975354,0,0,0.000,0.000,0.000,0.000,
GPU,0,57.510,35819975354,0,0,0.000,0.000,0.000,0.000,
GPU,0,57.510,35819975354,0,0,0.000,0.000,0.000,0.000,
GPU,0,57.510,35819975354,0,0,0.000,0.000,0.000,0.000,
GPU,0,57.510,35819975354,0,0,0.000,0.000,0.000,0.000,
GPU,0,57.510,35819975354,0,0,0.000,0.000,0.000,0.000,
GPU,0,57.510,35819975354,0,0,0.000,0.000,0.000,0.000,
GPU,0,57.510,35819975354,0,0,0.000,0.000,0.000,0.000,
GPU,0,57.510,35819975354,0,0,0.000,0.000,0.000,0.000,
GPU,0,57.510,35819975354,0,0,0.000,0.000,0.000,0.000,
GPU,0,57.510,35819975354,0,0,0.000,0.000,0.000,0.000,
GPU,0,57.510,35819975354,0,0,0.000,0.000,0.000,0.000,
GPU,0,57.510,35819975354,0,0,0.000,0.000,0.000,0.000,
GPU,0,57.510,35819975354,0,0,0.000,0.000,0.000,0.000,
GPU,0,57.510,35819975354,0,0,0.000,0.000,0.000,0.000,
GPU,0,57.510,35819975354,0,0,0.000,0.000,0.000,0.000,
GPU,0,57.510,35819975354,0,0,0.000,0.000,0.000,0.000,
GPU,0,57.510,35819975354,0,0,0.000,0.000,0.000,0.000,
GPU,0,57.510,35819975354,0,0,0.000,0.000,0.000,0.000,
GPU,0,57.510,35819975354,0,0,0.000,0.000,0.000,0.000,
GPU,0,57.510,35819975354,0,0,0.000,0.000,0.000,0.000,
GPU,0,57.510,35819975354,0,0,0.000,0.000,0.000,0.000,
GPU,0,57.510,35819975354,0,0,0.000,0.000,0.000,0.000,
GPU,0,57.510,35819975354,0,0,0.000,0.000,0.000,0.000,
GPU,0,57.510,35819975354,0,0,0.000,0.000,0.000,0.000,
GPU,0,57.510,35819975354,0,0,0.000,0.000,0.000,0.000,
GPU,0,57.510,35819975354,0,0,0.000,0.000,0.000,0.000,
GPU,0,57.510,35819975354,0,0,0.000,0.000,0.000,0.000,
GPU,0,57.510,35819981091,0,0,0.000,0.000,0.000,0.000,
GPU,0,57.510,35819981091,0,0,0.000,0.000,0.000,0.000,
GPU,0,57.510,35819981091,0,0,0.000,0.000,0.000,0.000,
GPU,0,57.510,35819981091,0,0,0.000,0.000,0.000,0.000,
GPU,0,57.510,35819981091,0,0,0.000,0.000,0.000,0.000,
GPU,0,57.510,35819981091,0,0,0.000,0.000,0.000,0.000,
GPU,0,57.510,35819981091,0,0,0.000,0.000,0.000,0.000,
GPU,0,57.510,35819981091,0,0,0.000,0.000,0.000,0.000,
GPU,0,57.510,35819981091,0,0,0.000,0.000,0.000,0.000,
GPU,0,57.510,35819981091,0,0,0.000,0.000,0.000,0.000,
GPU,0,57.510,35819981091,0,0,0.000,0.000,0.000,0.000,
GPU,0,57.510,35819981091,0,0,0.000,0.000,0.000,0.000,
GPU,0,57.510,35819981091,0,0,0.000,0.000,0.000,0.000,
GPU,0,57.510,35819981091,0,0,0.000,0.000,0.000,0.000,
GPU,0,57.510,35819981091,0,0,0.000,0.000,0.000,0.000,
GPU,0,57.510,35819981091,0,0,0.000,0.000,0.000,0.000,
GPU,0,57.510,35819981091,0,0,0.000,0.000,0.000,0.000,
GPU,0,57.510,35819981091,0,0,0.000,0.000,0.000,0.000,
GPU,0,57.510,35819981091,0,0,0.000,0.000,0.000,0.000,
GPU,0,57.510,35819981091,0,0,0.000,0.000,0.000,0.000,
GPU,0,57.510,35819981091,0,0,0.000,0.000,0.000,0.000,
GPU,0,57.510,35819981091,0,0,0.000,0.000,0.000,0.000,
GPU,0,57.510,35819981091,0,0,0.000,0.000,0.000,0.000,
GPU,0,57.510,35819981091,0,0,0.000,0.000,0.000,0.000,
GPU,0,57.510,35819981091,0,0,0.000,0.000,0.000,0.000,
GPU,0,57.510,35819981091,0,0,0.000,0.000,0.000,0.000,
GPU,0,57.510,35819981091,0,0,0.000,0.000,0.000,0.000,
GPU,0,57.510,35819981091,0,0,0.000,0.000,0.000,0.000,
GPU,0,57.266,35819981091,0,0,0.000,0.000,0.000,0.000,
GPU,0,57.266,35819981091,0,0,0.000,0.000,0.000,0.000,
GPU,0,57.266,35819981091,0,0,0.000,0.000,0.000,0.000,
GPU,0,57.266,35819981091,0,0,0.000,0.000,0.000,0.000,
GPU,0,57.266,35819981091,0,0,0.000,0.000,0.000,0.000,
GPU,0,57.266,35819981091,0,0,0.000,0.000,0.000,0.000,
GPU,0,57.266,35819981091,0,0,0.000,0.000,0.000,0.000,
GPU,0,57.266,35819981091,0,0,0.000,0.000,0.000,0.000,
GPU,0,57.266,35819981091,0,0,0.000,0.000,0.000,0.000,
GPU,0,57.266,35819981091,0,0,0.000,0.000,0.000,0.000,
GPU,0,57.266,35819981091,0,0,0.000,0.000,0.000,0.000,
GPU,0,57.266,35819981091,0,0,0.000,0.000,0.000,0.000,
GPU,0,57.266,35819981091,0,0,0.000,0.000,0.000,0.000,
GPU,0,57.266,35819981091,0,0,0.000,0.000,0.000,0.000,
GPU,0,57.266,35819981091,0,0,0.000,0.000,0.000,0.000,
GPU,0,57.266,35819981091,0,0,0.000,0.000,0.000,0.000,
GPU,0,57.266,35819981091,0,0,0.000,0.000,0.000,0.000,
GPU,0,57.266,35819981091,0,0,0.000,0.000,0.000,0.000,
GPU,0,57.266,35819981091,0,0,0.000,0.000,0.000,0.000,
GPU,0,57.266,35819981091,0,0,0.000,0.000,0.000,0.000,
GPU,0,57.266,35819981091,0,0,0.000,0.000,0.000,0.000,
GPU,0,57.266,35819981091,0,0,0.000,0.000,0.000,0.000,
GPU,0,57.266,35819981091,0,0,0.000,0.000,0.000,0.000,
GPU,0,57.266,35819981091,0,0,0.000,0.000,0.000,0.000,
GPU,0,57.266,35819981091,0,0,0.000,0.000,0.000,0.000,
GPU,0,57.266,35819981091,0,0,0.000,0.000,0.000,0.000,
GPU,0,57.266,35819981091,0,0,0.000,0.000,0.000,0.000,
GPU,0,57.266,35819981091,0,0,0.000,0.000,0.000,0.000,
GPU,0,57.266,35819981091,0,0,0.000,0.000,0.000,0.000,
GPU,0,57.266,35819981091,0,0,0.000,0.000,0.000,0.000,
GPU,0,57.266,35819981091,0,0,0.000,0.000,0.000,0.000,
GPU,0,57.266,35819981091,0,0,0.000,0.000,0.000,0.000,
GPU,0,57.266,35819981091,0,0,0.000,0.000,0.000,0.000,
GPU,0,57.266,35819981091,0,0,0.000,0.000,0.000,0.000,
GPU,0,57.266,35819981091,0,0,0.000,0.000,0.000,0.000,
GPU,0,57.266,35819981091,0,0,0.000,0.000,0.000,0.000,
GPU,0,57.266,35819981091,0,0,0.000,0.000,0.000,0.000,
GPU,0,57.266,35819981091,0,0,0.000,0.000,0.000,0.000,
GPU,0,57.266,35819981091,0,0,0.000,0.000,0.000,0.000,
GPU,0,57.266,35819981091,0,0,0.000,0.000,0.000,0.000,
GPU,0,57.266,35819981091,0,0,0.000,0.000,0.000,0.000,
GPU,0,57.266,35819986913,0,0,0.000,0.000,0.000,0.000,
GPU,0,57.266,35819986913,0,0,0.000,0.000,0.000,0.000,
GPU,0,57.266,35819986913,0,0,0.000,0.000,0.000,0.000,
GPU,0,57.266,35819986913,0,0,0.000,0.000,0.000,0.000,
GPU,0,57.266,35819986913,0,0,0.000,0.000,0.000,0.000,
GPU,0,57.266,35819986913,0,0,0.000,0.000,0.000,0.000,
GPU,0,57.266,35819986913,0,0,0.000,0.000,0.000,0.000,
GPU,0,57.266,35819986913,0,0,0.000,0.000,0.000,0.000,
GPU,0,57.266,35819986913,0,0,0.000,0.000,0.000,0.000,
GPU,0,57.266,35819986913,0,0,0.000,0.000,0.000,0.000,
GPU,0,57.266,35819986913,0,0,0.000,0.000,0.000,0.000,
GPU,0,57.266,35819986913,0,0,0.000,0.000,0.000,0.000,
GPU,0,57.266,35819986913,0,0,0.000,0.000,0.000,0.000,
GPU,0,57.266,35819986913,0,0,0.000,0.000,0.000,0.000,
GPU,0,57.266,35819986913,0,0,0.000,0.000,0.000,0.000,
GPU,0,57.266,35819986913,0,0,0.000,0.000,0.000,0.000,
GPU,0,57.266,35819986913,0,0,0.000,0.000,0.000,0.000,
GPU,0,57.266,35819986913,0,0,0.000,0.000,0.000,0.000,
GPU,0,57.266,35819986913,0,0,0.000,0.000,0.000,0.000,
GPU,0,57.266,35819986913,0,0,0.000,0.000,0.000,0.000,
GPU,0,57.266,35819986913,0,0,0.000,0.000,0.000,0.000,
GPU,0,57.266,35819986913,0,0,0.000,0.000,0.000,0.000,
GPU,0,57.266,35819986913,0,0,0.000,0.000,0.000,0.000,
GPU,0,57.266,35819986913,0,0,0.000,0.000,0.000,0.000,
GPU,0,57.266,35819986913,0,0,0.000,0.000,0.000,0.000,
GPU,0,57.266,35819986913,0,0,0.000,0.000,0.000,0.000,
GPU,0,57.266,35819986913,0,0,0.000,0.000,0.000,0.000,
GPU,0,57.266,35819986913,0,0,0.000,0.000,0.000,0.000,
GPU,0,57.266,35819986913,0,0,0.000,0.000,0.000,0.000,
GPU,0,57.266,35819986913,0,0,0.000,0.000,0.000,0.000,
GPU,0,57.266,35819986913,0,0,0.000,0.000,0.000,0.000,
GPU,0,57.266,35819986913,0,0,0.000,0.000,0.000,0.000,
GPU,0,57.266,35819986913,0,0,0.000,0.000,0.000,0.000,
GPU,0,57.266,35819986913,0,0,0.000,0.000,0.000,0.000,
GPU,0,57.266,35819986913,0,0,0.000,0.000,0.000,0.000,
GPU,0,57.266,35819986913,0,0,0.000,0.000,0.000,0.000,
GPU,0,57.266,35819986913,0,0,0.000,0.000,0.000,0.000,
GPU,0,57.266,35819986913,0,0,0.000,0.000,0.000,0.000,
GPU,0,57.266,35819986913,0,0,0.000,0.000,0.000,0.000,
GPU,0,57.266,35819986913,0,0,0.000,0.000,0.000,0.000,
GPU,0,57.266,35819986913,0,0,0.000,0.000,0.000,0.000,
GPU,0,57.266,35819986913,0,0,0.000,0.000,0.000,0.000,
GPU,0,57.266,35819986913,0,0,0.000,0.000,0.000,0.000,
GPU,0,57.266,35819986913,0,0,0.000,0.000,0.000,0.000,
GPU,0,57.266,35819986913,0,0,0.000,0.000,0.000,0.000,
GPU,0,57.266,35819986913,0,0,0.000,0.000,0.000,0.000,
GPU,0,57.266,35819986913,0,0,0.000,0.000,0.000,0.000,
GPU,0,57.266,35819986913,0,0,0.000,0.000,0.000,0.000,
GPU,0,57.266,35819986913,0,0,0.000,0.000,0.000,0.000,
GPU,0,57.266,35819986913,0,0,0.000,0.000,0.000,0.000,
GPU,0,57.266,35819986913,0,0,0.000,0.000,0.000,0.000,
GPU,0,57.266,35819986913,0,0,0.000,0.000,0.000,0.000,
GPU,0,57.266,35819986913,0,0,0.000,0.000,0.000,0.000,
GPU,0,57.266,35819986913,0,0,0.000,0.000,0.000,0.000,
GPU,0,57.266,35819986913,0,0,0.000,0.000,0.000,0.000,
GPU,0,57.266,35819986913,0,0,0.000,0.000,0.000,0.000,
GPU,0,57.266,35819986913,0,0,0.000,0.000,0.000,0.000,
GPU,0,57.266,35819986913,0,0,0.000,0.000,0.000,0.000,
GPU,0,57.266,35819986913,0,0,0.000,0.000,0.000,0.000,
GPU,0,57.266,35819986913,0,0,0.000,0.000,0.000,0.000,
GPU,0,57.266,35819986913,0,0,0.000,0.000,0.000,0.000,
GPU,0,57.266,35819986913,0,0,0.000,0.000,0.000,0.000,
GPU,0,57.266,35819986913,0,0,0.000,0.000,0.000,0.000,
GPU,0,57.266,35819986913,0,0,0.000,0.000,0.000,0.000,
GPU,0,57.266,35819986913,0,0,0.000,0.000,0.000,0.000,
GPU,0,57.266,35819986913,0,0,0.000,0.000,0.000,0.000,
GPU,0,57.266,35819986913,0,0,0.000,0.000,0.000,0.000,
GPU,0,57.266,35819986913,0,0,0.000,0.000,0.000,0.000,
GPU,0,57.266,35819992664,0,0,0.000,0.000,0.000,0.000,
GPU,0,57.266,35819992664,0,0,0.000,0.000,0.000,0.000,
GPU,0,57.266,35819992664,0,0,0.000,0.000,0.000,0.000,
GPU,0,57.266,35819992664,0,0,0.000,0.000,0.000,0.000,
GPU,0,57.266,35819992664,0,0,0.000,0.000,0.000,0.000,
GPU,0,57.266,35819992664,0,0,0.000,0.000,0.000,0.000,
GPU,0,57.266,35819992664,0,0,0.000,0.000,0.000,0.000,
GPU,0,57.266,35819992664,0,0,0.000,0.000,0.000,0.000,
GPU,0,57.266,35819992664,0,0,0.000,0.000,0.000,0.000,
GPU,0,57.266,35819992664,0,0,0.000,0.000,0.000,0.000,
GPU,0,57.266,35819992664,0,0,0.000,0.000,0.000,0.000,
GPU,0,57.266,35819992664,0,0,0.000,0.000,0.000,0.000,
GPU,0,57.266,35819992664,0,0,0.000,0.000,0.000,0.000,
GPU,0,57.266,35819992664,0,0,0.000,0.000,0.000,0.000,
GPU,0,57.266,35819992664,0,0,0.000,0.000,0.000,0.000,
GPU,0,57.266,35819992664,0,0,0.000,0.000,0.000,0.000,
GPU,0,57.266,35819992664,0,0,0.000,0.000,0.000,0.000,
GPU,0,57.266,35819992664,0,0,0.000,0.000,0.000,0.000,
GPU,0,57.266,35819992664,0,0,0.000,0.000,0.000,0.000,
GPU,0,57.266,35819992664,0,0,0.000,0.000,0.000,0.000,
GPU,0,57.266,35819992664,0,0,0.000,0.000,0.000,0.000,
GPU,0,57.266,35819992664,0,0,0.000,0.000,0.000,0.000,
GPU,0,57.266,35819992664,0,0,0.000,0.000,0.000,0.000,
GPU,0,57.266,35819992664,0,0,0.000,0.000,0.000,0.000,
GPU,0,57.266,35819992664,0,0,0.000,0.000,0.000,0.000,
GPU,0,57.266,35819992664,0,0,0.000,0.000,0.000,0.000,
GPU,0,57.266,35819992664,0,0,0.000,0.000,0.000,0.000,
GPU,0,57.266,35819992664,0,0,0.000,0.000,0.000,0.000,
GPU,0,57.266,35819992664,0,0,0.000,0.000,0.000,0.000,
GPU,0,57.266,35819992664,0,0,0.000,0.000,0.000,0.000,
GPU,0,57.266,35819992664,0,0,0.000,0.000,0.000,0.000,
GPU,0,57.266,35819992664,0,0,0.000,0.000,0.000,0.000,
GPU,0,57.266,35819992664,0,0,0.000,0.000,0.000,0.000,
GPU,0,57.266,35819992664,0,0,0.000,0.000,0.000,0.000,
GPU,0,57.266,35819992664,0,0,0.000,0.000,0.000,0.000,
GPU,0,57.266,35819992664,0,0,0.000,0.000,0.000,0.000,
GPU,0,57.266,35819992664,0,0,0.000,0.000,0.000,0.000,
GPU,0,57.266,35819992664,0,0,0.000,0.000,0.000,0.000,
GPU,0,57.266,35819992664,0,0,0.000,0.000,0.000,0.000,
GPU,0,57.266,35819992664,0,0,0.000,0.000,0.000,0.000,
GPU,0,57.266,35819992664,0,0,0.000,0.000,0.000,0.000,
GPU,0,57.266,35819992664,0,0,0.000,0.000,0.000,0.000,
GPU,0,57.266,35819992664,0,0,0.000,0.000,0.000,0.000,
GPU,0,57.266,35819992664,0,0,0.000,0.000,0.000,0.000,
GPU,0,57.266,35819992664,0,0,0.000,0.000,0.000,0.000,
GPU,0,57.266,35819992664,0,0,0.000,0.000,0.000,0.000,
GPU,0,57.266,35819992664,0,0,0.000,0.000,0.000,0.000,
GPU,0,57.266,35819992664,0,0,0.000,0.000,0.000,0.000,
GPU,0,57.266,35819992664,0,0,0.000,0.000,0.000,0.000,
GPU,0,57.266,35819992664,0,0,0.000,0.000,0.000,0.000,
GPU,0,57.266,35819992664,0,0,0.000,0.000,0.000,0.000,
GPU,0,57.266,35819992664,0,0,0.000,0.000,0.000,0.000,
GPU,0,57.266,35819992664,0,0,0.000,0.000,0.000,0.000,
GPU,0,57.266,35819992664,0,0,0.000,0.000,0.000,0.000,
GPU,0,57.266,35819992664,0,0,0.000,0.000,0.000,0.000,
GPU,0,57.266,35819992664,0,0,0.000,0.000,0.000,0.000,
GPU,0,57.266,35819992664,0,0,0.000,0.000,0.000,0.000,
GPU,0,57.266,35819992664,0,0,0.000,0.000,0.000,0.000,
GPU,0,57.266,35819992664,0,0,0.000,0.000,0.000,0.000,
GPU,0,57.266,35819992664,0,0,0.000,0.000,0.000,0.000,
GPU,0,57.266,35819992664,0,0,0.000,0.000,0.000,0.000,
GPU,0,57.266,35819992664,0,0,0.000,0.000,0.000,0.000,
GPU,0,57.266,35819992664,0,0,0.000,0.000,0.000,0.000,
GPU,0,57.266,35819992664,0,0,0.000,0.000,0.000,0.000,
GPU,0,57.266,35819992664,0,0,0.000,0.000,0.000,0.000,
GPU,0,57.266,35819992664,0,0,0.000,0.000,0.000,0.000,
GPU,0,57.266,35819998411,0,0,0.000,0.000,0.000,0.000,
GPU,0,57.266,35819998411,0,0,0.000,0.000,0.000,0.000,
GPU,0,57.266,35819998411,0,0,0.000,0.000,0.000,0.000,
GPU,0,57.266,35819998411,0,0,0.000,0.000,0.000,0.000,
GPU,0,57.266,35819998411,0,0,0.000,0.000,0.000,0.000,
GPU,0,57.266,35819998411,0,0,0.000,0.000,0.000,0.000,
GPU,0,57.266,35819998411,0,0,0.000,0.000,0.000,0.000,
GPU,0,57.266,35819998411,0,0,0.000,0.000,0.000,0.000,
GPU,0,57.266,35819998411,0,0,0.000,0.000,0.000,0.000,
GPU,0,57.266,35819998411,0,0,0.000,0.000,0.000,0.000,
GPU,0,57.266,35819998411,0,0,0.000,0.000,0.000,0.000,
GPU,0,57.266,35819998411,0,0,0.000,0.000,0.000,0.000,
GPU,0,57.266,35819998411,0,0,0.000,0.000,0.000,0.000,
GPU,0,57.266,35819998411,0,0,0.000,0.000,0.000,0.000,
GPU,0,57.266,35819998411,0,0,0.000,0.000,0.000,0.000,
GPU,0,57.266,35819998411,0,0,0.000,0.000,0.000,0.000,
GPU,0,57.266,35819998411,0,0,0.000,0.000,0.000,0.000,
GPU,0,57.266,35819998411,0,0,0.000,0.000,0.000,0.000,
GPU,0,57.266,35819998411,0,0,0.000,0.000,0.000,0.000,
GPU,0,57.266,35819998411,0,0,0.000,0.000,0.000,0.000,
GPU,0,57.266,35819998411,0,0,0.000,0.000,0.000,0.000,
GPU,0,57.266,35819998411,0,0,0.000,0.000,0.000,0.000,
GPU,0,57.266,35819998411,0,0,0.000,0.000,0.000,0.000,
GPU,0,57.266,35819998411,0,0,0.000,0.000,0.000,0.000,
GPU,0,57.266,35819998411,0,0,0.000,0.000,0.000,0.000,
GPU,0,57.266,35819998411,0,0,0.000,0.000,0.000,0.000,
GPU,0,57.266,35819998411,0,0,0.000,0.000,0.000,0.000,
GPU,0,57.266,35819998411,0,0,0.000,0.000,0.000,0.000,
GPU,0,57.266,35819998411,0,0,0.000,0.000,0.000,0.000,
GPU,0,57.266,35819998411,0,0,0.000,0.000,0.000,0.000,
GPU,0,57.266,35819998411,0,0,0.000,0.000,0.000,0.000,
GPU,0,57.266,35819998411,0,0,0.000,0.000,0.000,0.000,
GPU,0,57.266,35819998411,0,0,0.000,0.000,0.000,0.000,
GPU,0,57.266,35819998411,0,0,0.000,0.000,0.000,0.000,
GPU,0,57.266,35819998411,0,0,0.000,0.000,0.000,0.000,
GPU,0,57.266,35819998411,0,0,0.000,0.000,0.000,0.000,
GPU,0,57.266,35819998411,0,0,0.000,0.000,0.000,0.000,
GPU,0,57.266,35819998411,0,0,0.000,0.000,0.000,0.000,
GPU,0,57.266,35819998411,0,0,0.000,0.000,0.000,0.000,
GPU,0,57.266,35819998411,0,0,0.000,0.000,0.000,0.000,
GPU,0,57.266,35819998411,0,0,0.000,0.000,0.000,0.000,
GPU,0,57.266,35819998411,0,0,0.000,0.000,0.000,0.000,
GPU,0,57.266,35819998411,0,0,0.000,0.000,0.000,0.000,
GPU,0,57.266,35819998411,0,0,0.000,0.000,0.000,0.000,
GPU,0,57.266,35819998411,0,0,0.000,0.000,0.000,0.000,
GPU,0,57.266,35819998411,0,0,0.000,0.000,0.000,0.000,
GPU,0,57.266,35819998411,0,0,0.000,0.000,0.000,0.000,
GPU,0,57.266,35819998411,0,0,0.000,0.000,0.000,0.000,
GPU,0,57.266,35819998411,0,0,0.000,0.000,0.000,0.000,
GPU,0,57.266,35819998411,0,0,0.000,0.000,0.000,0.000,
GPU,0,57.266,35819998411,0,0,0.000,0.000,0.000,0.000,
GPU,0,57.266,35819998411,0,0,0.000,0.000,0.000,0.000,
GPU,0,57.266,35819998411,0,0,0.000,0.000,0.000,0.000,
GPU,0,57.266,35819998411,0,0,0.000,0.000,0.000,0.000,
GPU,0,57.266,35819998411,0,0,0.000,0.000,0.000,0.000,
GPU,0,57.266,35819998411,0,0,0.000,0.000,0.000,0.000,
GPU,0,57.266,35819998411,0,0,0.000,0.000,0.000,0.000,
GPU,0,57.266,35819998411,0,0,0.000,0.000,0.000,0.000,
GPU,0,57.266,35819998411,0,0,0.000,0.000,0.000,0.000,
GPU,0,57.266,35819998411,0,0,0.000,0.000,0.000,0.000,
GPU,0,57.266,35819998411,0,0,0.000,0.000,0.000,0.000,
GPU,0,57.266,35819998411,0,0,0.000,0.000,0.000,0.000,
GPU,0,57.266,35819998411,0,0,0.000,0.000,0.000,0.000,
GPU,0,57.266,35819998411,0,0,0.000,0.000,0.000,0.000,
GPU,0,57.266,35819998411,0,0,0.000,0.000,0.000,0.000,
GPU,0,57.266,35819998411,0,0,0.000,0.000,0.000,0.000,
GPU,0,57.266,35819998411,0,0,0.000,0.000,0.000,0.000,
GPU,0,57.266,35819998411,0,0,0.000,0.000,0.000,0.000,
GPU,0,57.266,35819998411,0,0,0.000,0.000,0.000,0.000,
GPU,0,57.266,35819998411,0,0,0.000,0.000,0.000,0.000,
GPU,0,57.266,35820004199,0,0,0.000,0.000,0.000,0.000,
GPU,0,57.266,35820004199,0,0,0.000,0.000,0.000,0.000,
GPU,0,57.266,35820004199,0,0,0.000,0.000,0.000,0.000,
GPU,0,57.266,35820004199,0,0,0.000,0.000,0.000,0.000,
GPU,0,57.266,35820004199,0,0,0.000,0.000,0.000,0.000,
GPU,0,57.266,35820004199,0,0,0.000,0.000,0.000,0.000,
GPU,0,57.266,35820004199,0,0,0.000,0.000,0.000,0.000,
GPU,0,57.266,35820004199,0,0,0.000,0.000,0.000,0.000,
GPU,0,57.266,35820004199,0,0,0.000,0.000,0.000,0.000,
GPU,0,57.266,35820004199,0,0,0.000,0.000,0.000,0.000,
GPU,0,57.266,35820004199,0,0,0.000,0.000,0.000,0.000,
GPU,0,57.266,35820004199,0,0,0.000,0.000,0.000,0.000,
GPU,0,57.266,35820004199,0,0,0.000,0.000,0.000,0.000,
GPU,0,57.266,35820004199,0,0,0.000,0.000,0.000,0.000,
GPU,0,57.266,35820004199,0,0,0.000,0.000,0.000,0.000,
GPU,0,57.266,35820004199,0,0,0.000,0.000,0.000,0.000,
GPU,0,57.266,35820004199,0,0,0.000,0.000,0.000,0.000,
GPU,0,57.266,35820004199,0,0,0.000,0.000,0.000,0.000,
GPU,0,57.266,35820004199,0,0,0.000,0.000,0.000,0.000,
GPU,0,57.266,35820004199,0,0,0.000,0.000,0.000,0.000,
GPU,0,57.266,35820004199,0,0,0.000,0.000,0.000,0.000,
GPU,0,57.266,35820004199,0,0,0.000,0.000,0.000,0.000,
GPU,0,57.266,35820004199,0,0,0.000,0.000,0.000,0.000,
GPU,0,57.266,35820004199,0,0,0.000,0.000,0.000,0.000,
GPU,0,57.266,35820004199,0,0,0.000,0.000,0.000,0.000,
GPU,0,57.266,35820004199,0,0,0.000,0.000,0.000,0.000,
GPU,0,57.200,35820004199,0,0,0.000,0.000,0.000,0.000,
GPU,0,57.200,35820004199,0,0,0.000,0.000,0.000,0.000,
GPU,0,57.200,35820004199,0,0,0.000,0.000,0.000,0.000,
GPU,0,57.200,35820004199,0,0,0.000,0.000,0.000,0.000,
GPU,0,57.200,35820004199,0,0,0.000,0.000,0.000,0.000,
GPU,0,57.200,35820004199,0,0,0.000,0.000,0.000,0.000,
GPU,0,57.200,35820004199,0,0,0.000,0.000,0.000,0.000,
GPU,0,57.200,35820004199,0,0,0.000,0.000,0.000,0.000,
GPU,0,57.200,35820004199,0,0,0.000,0.000,0.000,0.000,
GPU,0,57.200,35820004199,0,0,0.000,0.000,0.000,0.000,
GPU,0,57.200,35820004199,0,0,0.000,0.000,0.000,0.000,
GPU,0,57.200,35820004199,0,0,0.000,0.000,0.000,0.000,
GPU,0,57.200,35820004199,0,0,0.000,0.000,0.000,0.000,
GPU,0,57.200,35820004199,0,0,0.000,0.000,0.000,0.000,
GPU,0,57.200,35820004199,0,0,0.000,0.000,0.000,0.000,
GPU,0,57.200,35820004199,0,0,0.000,0.000,0.000,0.000,
GPU,0,57.200,35820004199,0,0,0.000,0.000,0.000,0.000,
GPU,0,57.200,35820004199,0,0,0.000,0.000,0.000,0.000,
GPU,0,57.200,35820004199,0,0,0.000,0.000,0.000,0.000,
GPU,0,57.200,35820004199,0,0,0.000,0.000,0.000,0.000,
GPU,0,57.200,35820004199,0,0,0.000,0.000,0.000,0.000,
GPU,0,57.200,35820004199,0,0,0.000,0.000,0.000,0.000,
GPU,0,57.200,35820004199,0,0,0.000,0.000,0.000,0.000,
GPU,0,57.200,35820004199,0,0,0.000,0.000,0.000,0.000,
GPU,0,57.200,35820004199,0,0,0.000,0.000,0.000,0.000,
GPU,0,57.200,35820004199,0,0,0.000,0.000,0.000,0.000,
GPU,0,57.200,35820004199,0,0,0.000,0.000,0.000,0.000,
GPU,0,57.200,35820004199,0,0,0.000,0.000,0.000,0.000,
GPU,0,57.200,35820004199,0,0,0.000,0.000,0.000,0.000,
GPU,0,57.200,35820004199,0,0,0.000,0.000,0.000,0.000,
GPU,0,57.200,35820004199,0,0,0.000,0.000,0.000,0.000,
GPU,0,57.200,35820004199,0,0,0.000,0.000,0.000,0.000,
GPU,0,57.200,35820004199,0,0,0.000,0.000,0.000,0.000,
GPU,0,57.200,35820004199,0,0,0.000,0.000,0.000,0.000,
GPU,0,57.200,35820004199,0,0,0.000,0.000,0.000,0.000,
GPU,0,57.200,35820004199,0,0,0.000,0.000,0.000,0.000,
GPU,0,57.200,35820004199,0,0,0.000,0.000,0.000,0.000,
GPU,0,57.200,35820004199,0,0,0.000,0.000,0.000,0.000,
GPU,0,57.200,35820004199,0,0,0.000,0.000,0.000,0.000,
GPU,0,57.200,35820004199,0,0,0.000,0.000,0.000,0.000,
GPU,0,57.200,35820009950,0,0,0.000,0.000,0.000,0.000,
GPU,0,57.200,35820009950,0,0,0.000,0.000,0.000,0.000,
GPU,0,57.200,35820009950,0,0,0.000,0.000,0.000,0.000,
GPU,0,57.200,35820009950,0,0,0.000,0.000,0.000,0.000,
GPU,0,57.200,35820009950,0,0,0.000,0.000,0.000,0.000,
GPU,0,57.200,35820009950,0,0,0.000,0.000,0.000,0.000,
GPU,0,57.200,35820009950,0,0,0.000,0.000,0.000,0.000,
GPU,0,57.200,35820009950,0,0,0.000,0.000,0.000,0.000,
GPU,0,57.200,35820009950,0,0,0.000,0.000,0.000,0.000,
GPU,0,57.200,35820009950,0,0,0.000,0.000,0.000,0.000,
GPU,0,57.200,35820009950,0,0,0.000,0.000,0.000,0.000,
GPU,0,57.200,35820009950,0,0,0.000,0.000,0.000,0.000,
GPU,0,57.200,35820009950,0,0,0.000,0.000,0.000,0.000,
GPU,0,57.200,35820009950,0,0,0.000,0.000,0.000,0.000,
GPU,0,57.200,35820009950,0,0,0.000,0.000,0.000,0.000,
GPU,0,57.200,35820009950,0,0,0.000,0.000,0.000,0.000,
GPU,0,57.200,35820009950,0,0,0.000,0.000,0.000,0.000,
GPU,0,57.200,35820009950,0,0,0.000,0.000,0.000,0.000,
GPU,0,57.200,35820009950,0,0,0.000,0.000,0.000,0.000,
GPU,0,57.200,35820009950,0,0,0.000,0.000,0.000,0.000,
GPU,0,57.200,35820009950,0,0,0.000,0.000,0.000,0.000,
GPU,0,57.200,35820009950,0,0,0.000,0.000,0.000,0.000,
GPU,0,57.200,35820009950,0,0,0.000,0.000,0.000,0.000,
GPU,0,57.200,35820009950,0,0,0.000,0.000,0.000,0.000,
GPU,0,57.200,35820009950,0,0,0.000,0.000,0.000,0.000,
GPU,0,57.200,35820009950,0,0,0.000,0.000,0.000,0.000,
GPU,0,57.200,35820009950,0,0,0.000,0.000,0.000,0.000,
GPU,0,57.200,35820009950,0,0,0.000,0.000,0.000,0.000,
GPU,0,57.200,35820009950,0,0,0.000,0.000,0.000,0.000,
GPU,0,57.200,35820009950,0,0,0.000,0.000,0.000,0.000,
GPU,0,57.200,35820009950,0,0,0.000,0.000,0.000,0.000,
GPU,0,57.200,35820009950,0,0,0.000,0.000,0.000,0.000,
GPU,0,57.200,35820009950,0,0,0.000,0.000,0.000,0.000,
GPU,0,57.200,35820009950,0,0,0.000,0.000,0.000,0.000,
GPU,0,57.200,35820009950,0,0,0.000,0.000,0.000,0.000,
GPU,0,57.200,35820009950,0,0,0.000,0.000,0.000,0.000,
GPU,0,57.200,35820009950,0,0,0.000,0.000,0.000,0.000,
GPU,0,57.200,35820009950,0,0,0.000,0.000,0.000,0.000,
GPU,0,57.200,35820009950,0,0,0.000,0.000,0.000,0.000,
GPU,0,57.200,35820009950,0,0,0.000,0.000,0.000,0.000,
GPU,0,57.200,35820009950,0,0,0.000,0.000,0.000,0.000,
GPU,0,57.200,35820009950,0,0,0.000,0.000,0.000,0.000,
GPU,0,57.200,35820009950,0,0,0.000,0.000,0.000,0.000,
GPU,0,57.200,35820009950,0,0,0.000,0.000,0.000,0.000,
GPU,0,57.200,35820009950,0,0,0.000,0.000,0.000,0.000,
GPU,0,57.200,35820009950,0,0,0.000,0.000,0.000,0.000,
GPU,0,57.200,35820009950,0,0,0.000,0.000,0.000,0.000,
GPU,0,57.200,35820009950,0,0,0.000,0.000,0.000,0.000,
GPU,0,57.200,35820009950,0,0,0.000,0.000,0.000,0.000,
GPU,0,57.200,35820009950,0,0,0.000,0.000,0.000,0.000,
GPU,0,57.200,35820009950,0,0,0.000,0.000,0.000,0.000,
GPU,0,57.200,35820009950,0,0,0.000,0.000,0.000,0.000,
GPU,0,57.200,35820009950,0,0,0.000,0.000,0.000,0.000,
GPU,0,57.200,35820009950,0,0,0.000,0.000,0.000,0.000,
GPU,0,57.200,35820009950,0,0,0.000,0.000,0.000,0.000,
GPU,0,57.200,35820009950,0,0,0.000,0.000,0.000,0.000,
GPU,0,57.200,35820009950,0,0,0.000,0.000,0.000,0.000,
GPU,0,57.200,35820009950,0,0,0.000,0.000,0.000,0.000,
GPU,0,57.200,35820009950,0,0,0.000,0.000,0.000,0.000,
GPU,0,57.200,35820009950,0,0,0.000,0.000,0.000,0.000,
GPU,0,57.200,35820009950,0,0,0.000,0.000,0.000,0.000,
GPU,0,57.200,35820009950,0,0,0.000,0.000,0.000,0.000,
GPU,0,57.200,35820009950,0,0,0.000,0.000,0.000,0.000,
GPU,0,57.200,35820009950,0,0,0.000,0.000,0.000,0.000,
GPU,0,57.200,35820009950,0,0,0.000,0.000,0.000,0.000,
GPU,0,57.200,35820009950,0,0,0.000,0.000,0.000,0.000,
GPU,0,57.200,35820009950,0,0,0.000,0.000,0.000,0.000,
GPU,0,57.200,35820009950,0,0,0.000,0.000,0.000,0.000,
GPU,0,57.200,35820009950,0,0,0.000,0.000,0.000,0.000,
GPU,0,57.200,35820009950,0,0,0.000,0.000,0.000,0.000,
GPU,0,57.200,35820009950,0,0,0.000,0.000,0.000,0.000,
GPU,0,57.200,35820015762,0,0,0.000,0.000,0.000,0.000,
GPU,0,57.200,35820015762,0,0,0.000,0.000,0.000,0.000,
GPU,0,57.200,35820015762,0,0,0.000,0.000,0.000,0.000,
GPU,0,57.200,35820015762,0,0,0.000,0.000,0.000,0.000,
GPU,0,57.200,35820015762,0,0,0.000,0.000,0.000,0.000,
GPU,0,57.200,35820015762,0,0,0.000,0.000,0.000,0.000,
GPU,0,57.200,35820015762,0,0,0.000,0.000,0.000,0.000,
GPU,0,57.200,35820015762,0,0,0.000,0.000,0.000,0.000,
GPU,0,57.200,35820015762,0,0,0.000,0.000,0.000,0.000,
GPU,0,57.200,35820015762,0,0,0.000,0.000,0.000,0.000,
GPU,0,57.200,35820015762,0,0,0.000,0.000,0.000,0.000,
GPU,0,57.200,35820015762,0,0,0.000,0.000,0.000,0.000,
GPU,0,57.200,35820015762,0,0,0.000,0.000,0.000,0.000,
GPU,0,57.200,35820015762,0,0,0.000,0.000,0.000,0.000,
GPU,0,57.200,35820015762,0,0,0.000,0.000,0.000,0.000,
GPU,0,57.200,35820015762,0,0,0.000,0.000,0.000,0.000,
GPU,0,57.200,35820015762,0,0,0.000,0.000,0.000,0.000,
GPU,0,57.200,35820015762,0,0,0.000,0.000,0.000,0.000,
GPU,0,57.200,35820015762,0,0,0.000,0.000,0.000,0.000,
GPU,0,57.200,35820015762,0,0,0.000,0.000,0.000,0.000,
GPU,0,57.200,35820015762,0,0,0.000,0.000,0.000,0.000,
GPU,0,57.200,35820015762,0,0,0.000,0.000,0.000,0.000,
GPU,0,57.200,35820015762,0,0,0.000,0.000,0.000,0.000,
GPU,0,57.200,35820015762,0,0,0.000,0.000,0.000,0.000,
GPU,0,57.200,35820015762,0,0,0.000,0.000,0.000,0.000,
GPU,0,57.266,35820015762,0,0,0.000,0.000,0.000,0.000,
GPU,0,57.266,35820015762,0,0,0.000,0.000,0.000,0.000,
GPU,0,57.266,35820015762,0,0,0.000,0.000,0.000,0.000,
GPU,0,57.266,35820015762,0,0,0.000,0.000,0.000,0.000,
GPU,0,57.266,35820015762,0,0,0.000,0.000,0.000,0.000,
GPU,0,57.266,35820015762,0,0,0.000,0.000,0.000,0.000,
GPU,0,57.266,35820015762,0,0,0.000,0.000,0.000,0.000,
GPU,0,57.266,35820015762,0,0,0.000,0.000,0.000,0.000,
GPU,0,57.266,35820015762,0,0,0.000,0.000,0.000,0.000,
GPU,0,57.266,35820015762,0,0,0.000,0.000,0.000,0.000,
GPU,0,57.266,35820015762,0,0,0.000,0.000,0.000,0.000,
GPU,0,57.266,35820015762,0,0,0.000,0.000,0.000,0.000,
GPU,0,57.266,35820015762,0,0,0.000,0.000,0.000,0.000,
GPU,0,57.266,35820015762,0,0,0.000,0.000,0.000,0.000,
GPU,0,57.266,35820015762,0,0,0.000,0.000,0.000,0.000,
GPU,0,57.266,35820015762,0,0,0.000,0.000,0.000,0.000,
GPU,0,57.266,35820015762,0,0,0.000,0.000,0.000,0.000,
GPU,0,57.266,35820015762,0,0,0.000,0.000,0.000,0.000,
GPU,0,57.266,35820015762,0,0,0.000,0.000,0.000,0.000,
GPU,0,57.266,35820015762,0,0,0.000,0.000,0.000,0.000,
GPU,0,57.266,35820015762,0,0,0.000,0.000,0.000,0.000,
GPU,0,57.266,35820015762,0,0,0.000,0.000,0.000,0.000,
GPU,0,57.266,35820015762,0,0,0.000,0.000,0.000,0.000,
GPU,0,57.266,35820015762,0,0,0.000,0.000,0.000,0.000,
GPU,0,57.266,35820015762,0,0,0.000,0.000,0.000,0.000,
GPU,0,57.266,35820015762,0,0,0.000,0.000,0.000,0.000,
GPU,0,57.266,35820015762,0,0,0.000,0.000,0.000,0.000,
GPU,0,57.266,35820015762,0,0,0.000,0.000,0.000,0.000,
GPU,0,57.266,35820015762,0,0,0.000,0.000,0.000,0.000,
GPU,0,57.266,35820015762,0,0,0.000,0.000,0.000,0.000,
GPU,0,57.266,35820015762,0,0,0.000,0.000,0.000,0.000,
GPU,0,57.266,35820015762,0,0,0.000,0.000,0.000,0.000,
GPU,0,57.266,35820015762,0,0,0.000,0.000,0.000,0.000,
GPU,0,57.266,35820015762,0,0,0.000,0.000,0.000,0.000,
GPU,0,57.266,35820015762,0,0,0.000,0.000,0.000,0.000,
GPU,0,57.266,35820015762,0,0,0.000,0.000,0.000,0.000,
GPU,0,57.266,35820015762,0,0,0.000,0.000,0.000,0.000,
GPU,0,57.266,35820015762,0,0,0.000,0.000,0.000,0.000,
GPU,0,57.266,35820015762,0,0,0.000,0.000,0.000,0.000,
GPU,0,57.266,35820015762,0,0,0.000,0.000,0.000,0.000,
GPU,0,57.266,35820015762,0,0,0.000,0.000,0.000,0.000,
GPU,0,57.266,35820021469,0,0,0.000,0.000,0.000,0.000,
GPU,0,57.266,35820021469,0,0,0.000,0.000,0.000,0.000,
GPU,0,57.266,35820021469,0,0,0.000,0.000,0.000,0.000,
GPU,0,57.266,35820021469,0,0,0.000,0.000,0.000,0.000,
GPU,0,57.266,35820021469,0,0,0.000,0.000,0.000,0.000,
GPU,0,57.266,35820021469,0,0,0.000,0.000,0.000,0.000,
GPU,0,57.266,35820021469,0,0,0.000,0.000,0.000,0.000,
GPU,0,57.266,35820021469,0,0,0.000,0.000,0.000,0.000,
GPU,0,57.266,35820021469,0,0,0.000,0.000,0.000,0.000,
GPU,0,57.266,35820021469,0,0,0.000,0.000,0.000,0.000,
GPU,0,57.266,35820021469,0,0,0.000,0.000,0.000,0.000,
GPU,0,57.266,35820021469,0,0,0.000,0.000,0.000,0.000,
GPU,0,57.266,35820021469,0,0,0.000,0.000,0.000,0.000,
GPU,0,57.266,35820021469,0,0,0.000,0.000,0.000,0.000,
GPU,0,57.266,35820021469,0,0,0.000,0.000,0.000,0.000,
GPU,0,57.266,35820021469,0,0,0.000,0.000,0.000,0.000,
GPU,0,57.266,35820021469,0,0,0.000,0.000,0.000,0.000,
GPU,0,57.266,35820021469,0,0,0.000,0.000,0.000,0.000,
GPU,0,57.266,35820021469,0,0,0.000,0.000,0.000,0.000,
GPU,0,57.266,35820021469,0,0,0.000,0.000,0.000,0.000,
GPU,0,57.266,35820021469,0,0,0.000,0.000,0.000,0.000,
GPU,0,57.266,35820021469,0,0,0.000,0.000,0.000,0.000,
GPU,0,57.266,35820021469,0,0,0.000,0.000,0.000,0.000,
GPU,0,57.266,35820021469,0,0,0.000,0.000,0.000,0.000,
GPU,0,57.266,35820021469,0,0,0.000,0.000,0.000,0.000,
GPU,0,57.266,35820021469,0,0,0.000,0.000,0.000,0.000,
GPU,0,57.266,35820021469,0,0,0.000,0.000,0.000,0.000,
GPU,0,57.266,35820021469,0,0,0.000,0.000,0.000,0.000,
GPU,0,57.266,35820021469,0,0,0.000,0.000,0.000,0.000,
GPU,0,57.266,35820021469,0,0,0.000,0.000,0.000,0.000,
GPU,0,57.266,35820021469,0,0,0.000,0.000,0.000,0.000,
GPU,0,57.266,35820021469,0,0,0.000,0.000,0.000,0.000,
GPU,0,57.266,35820021469,0,0,0.000,0.000,0.000,0.000,
GPU,0,57.266,35820021469,0,0,0.000,0.000,0.000,0.000,
GPU,0,57.266,35820021469,0,0,0.000,0.000,0.000,0.000,
GPU,0,57.266,35820021469,0,0,0.000,0.000,0.000,0.000,
GPU,0,57.266,35820021469,0,0,0.000,0.000,0.000,0.000,
GPU,0,57.266,35820021469,0,0,0.000,0.000,0.000,0.000,
GPU,0,57.266,35820021469,0,0,0.000,0.000,0.000,0.000,
GPU,0,57.266,35820021469,0,0,0.000,0.000,0.000,0.000,
GPU,0,57.266,35820021469,0,0,0.000,0.000,0.000,0.000,
GPU,0,57.266,35820021469,0,0,0.000,0.000,0.000,0.000,
GPU,0,57.266,35820021469,0,0,0.000,0.000,0.000,0.000,
GPU,0,57.266,35820021469,0,0,0.000,0.000,0.000,0.000,
GPU,0,57.266,35820021469,0,0,0.000,0.000,0.000,0.000,
GPU,0,57.266,35820021469,0,0,0.000,0.000,0.000,0.000,
GPU,0,57.266,35820021469,0,0,0.000,0.000,0.000,0.000,
GPU,0,57.266,35820021469,0,0,0.000,0.000,0.000,0.000,
GPU,0,57.266,35820021469,0,0,0.000,0.000,0.000,0.000,
GPU,0,57.266,35820021469,0,0,0.000,0.000,0.000,0.000,
GPU,0,57.266,35820021469,0,0,0.000,0.000,0.000,0.000,
GPU,0,57.266,35820021469,0,0,0.000,0.000,0.000,0.000,
GPU,0,57.266,35820021469,0,0,0.000,0.000,0.000,0.000,
GPU,0,57.266,35820021469,0,0,0.000,0.000,0.000,0.000,
GPU,0,57.266,35820021469,0,0,0.000,0.000,0.000,0.000,
GPU,0,57.266,35820021469,0,0,0.000,0.000,0.000,0.000,
GPU,0,57.266,35820021469,0,0,0.000,0.000,0.000,0.000,
GPU,0,57.266,35820021469,0,0,0.000,0.000,0.000,0.000,
GPU,0,57.266,35820021469,0,0,0.000,0.000,0.000,0.000,
GPU,0,57.266,35820021469,0,0,0.000,0.000,0.000,0.000,
GPU,0,57.266,35820021469,0,0,0.000,0.000,0.000,0.000,
GPU,0,57.266,35820021469,0,0,0.000,0.000,0.000,0.000,
GPU,0,57.266,35820021469,0,0,0.000,0.000,0.000,0.000,
GPU,0,57.266,35820021469,0,0,0.000,0.000,0.000,0.000,
GPU,0,57.266,35820021469,0,0,0.000,0.000,0.000,0.000,
GPU,0,57.266,35820021469,0,0,0.000,0.000,0.000,0.000,
GPU,0,57.266,35820021469,0,0,0.000,0.000,0.000,0.000,
GPU,0,57.266,35820021469,0,0,0.000,0.000,0.000,0.000,
GPU,0,57.266,35820021469,0,0,0.000,0.000,0.000,0.000,
GPU,0,57.266,35820021469,0,0,0.000,0.000,0.000,0.000,
GPU,0,57.266,35820027259,0,0,0.000,0.000,0.000,0.000,
GPU,0,57.266,35820027259,0,0,0.000,0.000,0.000,0.000,
GPU,0,57.266,35820027259,0,0,0.000,0.000,0.000,0.000,
GPU,0,57.266,35820027259,0,0,0.000,0.000,0.000,0.000,
GPU,0,57.266,35820027259,0,0,0.000,0.000,0.000,0.000,
GPU,0,57.266,35820027259,0,0,0.000,0.000,0.000,0.000,
GPU,0,57.266,35820027259,0,0,0.000,0.000,0.000,0.000,
GPU,0,57.266,35820027259,0,0,0.000,0.000,0.000,0.000,
GPU,0,57.266,35820027259,0,0,0.000,0.000,0.000,0.000,
GPU,0,57.266,35820027259,0,0,0.000,0.000,0.000,0.000,
GPU,0,57.266,35820027259,0,0,0.000,0.000,0.000,0.000,
GPU,0,57.266,35820027259,0,0,0.000,0.000,0.000,0.000,
GPU,0,57.266,35820027259,0,0,0.000,0.000,0.000,0.000,
GPU,0,57.266,35820027259,0,0,0.000,0.000,0.000,0.000,
GPU,0,57.266,35820027259,0,0,0.000,0.000,0.000,0.000,
GPU,0,57.266,35820027259,0,0,0.000,0.000,0.000,0.000,
GPU,0,57.266,35820027259,0,0,0.000,0.000,0.000,0.000,
GPU,0,57.266,35820027259,0,0,0.000,0.000,0.000,0.000,
GPU,0,57.266,35820027259,0,0,0.000,0.000,0.000,0.000,
GPU,0,57.266,35820027259,0,0,0.000,0.000,0.000,0.000,
GPU,0,57.266,35820027259,0,0,0.000,0.000,0.000,0.000,
GPU,0,57.266,35820027259,0,0,0.000,0.000,0.000,0.000,
GPU,0,57.266,35820027259,0,0,0.000,0.000,0.000,0.000,
GPU,0,57.266,35820027259,0,0,0.000,0.000,0.000,0.000,
GPU,0,57.266,35820027259,0,0,0.000,0.000,0.000,0.000,
GPU,0,57.266,35820027259,0,0,0.000,0.000,0.000,0.000,
GPU,0,57.266,35820027259,0,0,0.000,0.000,0.000,0.000,
GPU,0,57.266,35820027259,0,0,0.000,0.000,0.000,0.000,
GPU,0,57.266,35820027259,0,0,0.000,0.000,0.000,0.000,
GPU,0,57.266,35820027259,0,0,0.000,0.000,0.000,0.000,
GPU,0,57.266,35820027259,0,0,0.000,0.000,0.000,0.000,
GPU,0,57.266,35820027259,0,0,0.000,0.000,0.000,0.000,
GPU,0,57.266,35820027259,0,0,0.000,0.000,0.000,0.000,
GPU,0,57.266,35820027259,0,0,0.000,0.000,0.000,0.000,
GPU,0,57.266,35820027259,0,0,0.000,0.000,0.000,0.000,
GPU,0,57.266,35820027259,0,0,0.000,0.000,0.000,0.000,
GPU,0,57.266,35820027259,0,0,0.000,0.000,0.000,0.000,
GPU,0,57.266,35820027259,0,0,0.000,0.000,0.000,0.000,
GPU,0,57.266,35820027259,0,0,0.000,0.000,0.000,0.000,
GPU,0,57.266,35820027259,0,0,0.000,0.000,0.000,0.000,
GPU,0,57.266,35820027259,0,0,0.000,0.000,0.000,0.000,
GPU,0,57.266,35820027259,0,0,0.000,0.000,0.000,0.000,
GPU,0,57.266,35820027259,0,0,0.000,0.000,0.000,0.000,
GPU,0,57.266,35820027259,0,0,0.000,0.000,0.000,0.000,
GPU,0,57.266,35820027259,0,0,0.000,0.000,0.000,0.000,
GPU,0,57.266,35820027259,0,0,0.000,0.000,0.000,0.000,
GPU,0,57.266,35820027259,0,0,0.000,0.000,0.000,0.000,
GPU,0,57.266,35820027259,0,0,0.000,0.000,0.000,0.000,
GPU,0,57.266,35820027259,0,0,0.000,0.000,0.000,0.000,
GPU,0,57.266,35820027259,0,0,0.000,0.000,0.000,0.000,
GPU,0,57.266,35820027259,0,0,0.000,0.000,0.000,0.000,
GPU,0,57.266,35820027259,0,0,0.000,0.000,0.000,0.000,
GPU,0,57.266,35820027259,0,0,0.000,0.000,0.000,0.000,
GPU,0,57.266,35820027259,0,0,0.000,0.000,0.000,0.000,
GPU,0,57.266,35820027259,0,0,0.000,0.000,0.000,0.000,
GPU,0,57.266,35820027259,0,0,0.000,0.000,0.000,0.000,
GPU,0,57.266,35820027259,0,0,0.000,0.000,0.000,0.000,
GPU,0,57.266,35820027259,0,0,0.000,0.000,0.000,0.000,
GPU,0,57.266,35820027259,0,0,0.000,0.000,0.000,0.000,
GPU,0,57.266,35820027259,0,0,0.000,0.000,0.000,0.000,
GPU,0,57.266,35820027259,0,0,0.000,0.000,0.000,0.000,
GPU,0,57.266,35820027259,0,0,0.000,0.000,0.000,0.000,
GPU,0,57.266,35820027259,0,0,0.000,0.000,0.000,0.000,
GPU,0,57.266,35820027259,0,0,0.000,0.000,0.000,0.000,
GPU,0,57.266,35820027259,0,0,0.000,0.000,0.000,0.000,
GPU,0,57.266,35820027259,0,0,0.000,0.000,0.000,0.000,
GPU,0,57.266,35820027259,0,0,0.000,0.000,0.000,0.000,
GPU,0,57.266,35820033014,0,0,0.000,0.000,0.000,0.000,
GPU,0,57.266,35820033014,0,0,0.000,0.000,0.000,0.000,
GPU,0,57.266,35820033014,0,0,0.000,0.000,0.000,0.000,
GPU,0,57.266,35820033014,0,0,0.000,0.000,0.000,0.000,
GPU,0,57.266,35820033014,0,0,0.000,0.000,0.000,0.000,
GPU,0,57.266,35820033014,0,0,0.000,0.000,0.000,0.000,
GPU,0,57.266,35820033014,0,0,0.000,0.000,0.000,0.000,
GPU,0,57.266,35820033014,0,0,0.000,0.000,0.000,0.000,
GPU,0,57.266,35820033014,0,0,0.000,0.000,0.000,0.000,
GPU,0,57.266,35820033014,0,0,0.000,0.000,0.000,0.000,
GPU,0,57.266,35820033014,0,0,0.000,0.000,0.000,0.000,
GPU,0,57.266,35820033014,0,0,0.000,0.000,0.000,0.000,
GPU,0,57.266,35820033014,0,0,0.000,0.000,0.000,0.000,
GPU,0,57.266,35820033014,0,0,0.000,0.000,0.000,0.000,
GPU,0,57.266,35820033014,0,0,0.000,0.000,0.000,0.000,
GPU,0,57.266,35820033014,0,0,0.000,0.000,0.000,0.000,
GPU,0,57.266,35820033014,0,0,0.000,0.000,0.000,0.000,
GPU,0,57.266,35820033014,0,0,0.000,0.000,0.000,0.000,
GPU,0,57.266,35820033014,0,0,0.000,0.000,0.000,0.000,
GPU,0,57.266,35820033014,0,0,0.000,0.000,0.000,0.000,
GPU,0,57.266,35820033014,0,0,0.000,0.000,0.000,0.000,
GPU,0,57.266,35820033014,0,0,0.000,0.000,0.000,0.000,
GPU,0,57.266,35820033014,0,0,0.000,0.000,0.000,0.000,
GPU,0,57.266,35820033014,0,0,0.000,0.000,0.000,0.000,
GPU,0,57.266,35820033014,0,0,0.000,0.000,0.000,0.000,
GPU,0,57.266,35820033014,0,0,0.000,0.000,0.000,0.000,
GPU,0,57.266,35820033014,0,0,0.000,0.000,0.000,0.000,
GPU,0,57.266,35820033014,0,0,0.000,0.000,0.000,0.000,
GPU,0,57.266,35820033014,0,0,0.000,0.000,0.000,0.000,
GPU,0,57.266,35820033014,0,0,0.000,0.000,0.000,0.000,
GPU,0,57.266,35820033014,0,0,0.000,0.000,0.000,0.000,
GPU,0,57.266,35820033014,0,0,0.000,0.000,0.000,0.000,
GPU,0,57.266,35820033014,0,0,0.000,0.000,0.000,0.000,
GPU,0,57.266,35820033014,0,0,0.000,0.000,0.000,0.000,
GPU,0,57.266,35820033014,0,0,0.000,0.000,0.000,0.000,
GPU,0,57.266,35820033014,0,0,0.000,0.000,0.000,0.000,
GPU,0,57.266,35820033014,0,0,0.000,0.000,0.000,0.000,
GPU,0,57.266,35820033014,0,0,0.000,0.000,0.000,0.000,
GPU,0,57.266,35820033014,0,0,0.000,0.000,0.000,0.000,
GPU,0,57.266,35820033014,0,0,0.000,0.000,0.000,0.000,
GPU,0,57.266,35820033014,0,0,0.000,0.000,0.000,0.000,
GPU,0,57.266,35820033014,0,0,0.000,0.000,0.000,0.000,
GPU,0,57.266,35820033014,0,0,0.000,0.000,0.000,0.000,
GPU,0,57.266,35820033014,0,0,0.000,0.000,0.000,0.000,
GPU,0,57.266,35820033014,0,0,0.000,0.000,0.000,0.000,
GPU,0,57.266,35820033014,0,0,0.000,0.000,0.000,0.000,
GPU,0,57.266,35820033014,0,0,0.000,0.000,0.000,0.000,
GPU,0,57.266,35820033014,0,0,0.000,0.000,0.000,0.000,
GPU,0,57.266,35820033014,0,0,0.000,0.000,0.000,0.000,
GPU,0,57.266,35820033014,0,0,0.000,0.000,0.000,0.000,
GPU,0,57.266,35820033014,0,0,0.000,0.000,0.000,0.000,
GPU,0,57.266,35820033014,0,0,0.000,0.000,0.000,0.000,
GPU,0,57.266,35820033014,0,0,0.000,0.000,0.000,0.000,
GPU,0,57.266,35820033014,0,0,0.000,0.000,0.000,0.000,
GPU,0,57.266,35820033014,0,0,0.000,0.000,0.000,0.000,
GPU,0,57.266,35820033014,0,0,0.000,0.000,0.000,0.000,
GPU,0,57.266,35820033014,0,0,0.000,0.000,0.000,0.000,
GPU,0,57.266,35820033014,0,0,0.000,0.000,0.000,0.000,
GPU,0,57.266,35820033014,0,0,0.000,0.000,0.000,0.000,
GPU,0,57.266,35820033014,0,0,0.000,0.000,0.000,0.000,
GPU,0,57.266,35820033014,0,0,0.000,0.000,0.000,0.000,
GPU,0,57.266,35820033014,0,0,0.000,0.000,0.000,0.000,
GPU,0,57.266,35820033014,0,0,0.000,0.000,0.000,0.000,
GPU,0,57.266,35820033014,0,0,0.000,0.000,0.000,0.000,
GPU,0,57.266,35820033014,0,0,0.000,0.000,0.000,0.000,
GPU,0,57.266,35820033014,0,0,0.000,0.000,0.000,0.000,
GPU,0,57.266,35820033014,0,0,0.000,0.000,0.000,0.000,
GPU,0,57.266,35820033014,0,0,0.000,0.000,0.000,0.000,
GPU,0,57.266,35820033014,0,0,0.000,0.000,0.000,0.000,
GPU,0,57.266,35820033014,0,0,0.000,0.000,0.000,0.000,
GPU,0,57.266,35820033014,0,0,0.000,0.000,0.000,0.000,
GPU,0,57.266,35820033014,0,0,0.000,0.000,0.000,0.000,
GPU,0,57.266,35820038881,0,0,0.000,0.000,0.000,0.000,
GPU,0,57.266,35820038881,0,0,0.000,0.000,0.000,0.000,
GPU,0,57.266,35820038881,0,0,0.000,0.000,0.000,0.000,
GPU,0,57.266,35820038881,0,0,0.000,0.000,0.000,0.000,
GPU,0,57.266,35820038881,0,0,0.000,0.000,0.000,0.000,
GPU,0,57.266,35820038881,0,0,0.000,0.000,0.000,0.000,
GPU,0,57.266,35820038881,0,0,0.000,0.000,0.000,0.000,
GPU,0,57.266,35820038881,0,0,0.000,0.000,0.000,0.000,
GPU,0,57.266,35820038881,0,0,0.000,0.000,0.000,0.000,
GPU,0,57.266,35820038881,0,0,0.000,0.000,0.000,0.000,
GPU,0,57.266,35820038881,0,0,0.000,0.000,0.000,0.000,
GPU,0,57.266,35820038881,0,0,0.000,0.000,0.000,0.000,
GPU,0,57.266,35820038881,0,0,0.000,0.000,0.000,0.000,
GPU,0,57.266,35820038881,0,0,0.000,0.000,0.000,0.000,
GPU,0,57.266,35820038881,0,0,0.000,0.000,0.000,0.000,
GPU,0,57.266,35820038881,0,0,0.000,0.000,0.000,0.000,
GPU,0,57.266,35820038881,0,0,0.000,0.000,0.000,0.000,
GPU,0,57.266,35820038881,0,0,0.000,0.000,0.000,0.000,
GPU,0,57.266,35820038881,0,0,0.000,0.000,0.000,0.000,
GPU,0,57.266,35820038881,0,0,0.000,0.000,0.000,0.000,
GPU,0,57.266,35820038881,0,0,0.000,0.000,0.000,0.000,
GPU,0,57.266,35820038881,0,0,0.000,0.000,0.000,0.000,
GPU,0,57.266,35820038881,0,0,0.000,0.000,0.000,0.000,
GPU,0,57.266,35820038881,0,0,0.000,0.000,0.000,0.000,
GPU,0,57.266,35820038881,0,0,0.000,0.000,0.000,0.000,
GPU,0,57.266,35820038881,0,0,0.000,0.000,0.000,0.000,
GPU,0,57.266,35820038881,0,0,0.000,0.000,0.000,0.000,
GPU,0,57.266,35820038881,0,0,0.000,0.000,0.000,0.000,
GPU,0,57.266,35820038881,0,0,0.000,0.000,0.000,0.000,
GPU,0,57.266,35820038881,0,0,0.000,0.000,0.000,0.000,
GPU,0,57.266,35820038881,0,0,0.000,0.000,0.000,0.000,
GPU,0,57.266,35820038881,0,0,0.000,0.000,0.000,0.000,
GPU,0,57.266,35820038881,0,0,0.000,0.000,0.000,0.000,
GPU,0,57.266,35820038881,0,0,0.000,0.000,0.000,0.000,
GPU,0,57.266,35820038881,0,0,0.000,0.000,0.000,0.000,
GPU,0,57.266,35820038881,0,0,0.000,0.000,0.000,0.000,
GPU,0,57.266,35820038881,0,0,0.000,0.000,0.000,0.000,
GPU,0,57.266,35820038881,0,0,0.000,0.000,0.000,0.000,
GPU,0,57.266,35820038881,0,0,0.000,0.000,0.000,0.000,
GPU,0,57.266,35820038881,0,0,0.000,0.000,0.000,0.000,
GPU,0,57.266,35820038881,0,0,0.000,0.000,0.000,0.000,
GPU,0,57.266,35820038881,0,0,0.000,0.000,0.000,0.000,
GPU,0,57.266,35820038881,0,0,0.000,0.000,0.000,0.000,
GPU,0,57.266,35820038881,0,0,0.000,0.000,0.000,0.000,
GPU,0,57.266,35820038881,0,0,0.000,0.000,0.000,0.000,
GPU,0,57.266,35820038881,0,0,0.000,0.000,0.000,0.000,
GPU,0,57.266,35820038881,0,0,0.000,0.000,0.000,0.000,
GPU,0,57.266,35820038881,0,0,0.000,0.000,0.000,0.000,
GPU,0,57.266,35820038881,0,0,0.000,0.000,0.000,0.000,
GPU,0,57.266,35820038881,0,0,0.000,0.000,0.000,0.000,
GPU,0,57.266,35820038881,0,0,0.000,0.000,0.000,0.000,
GPU,0,57.266,35820038881,0,0,0.000,0.000,0.000,0.000,
GPU,0,57.266,35820038881,0,0,0.000,0.000,0.000,0.000,
GPU,0,57.266,35820038881,0,0,0.000,0.000,0.000,0.000,
GPU,0,57.266,35820038881,0,0,0.000,0.000,0.000,0.000,
GPU,0,57.266,35820038881,0,0,0.000,0.000,0.000,0.000,
GPU,0,57.266,35820038881,0,0,0.000,0.000,0.000,0.000,
GPU,0,57.266,35820038881,0,0,0.000,0.000,0.000,0.000,
GPU,0,57.266,35820038881,0,0,0.000,0.000,0.000,0.000,
GPU,0,57.266,35820038881,0,0,0.000,0.000,0.000,0.000,
GPU,0,57.266,35820038881,0,0,0.000,0.000,0.000,0.000,
GPU,0,57.266,35820038881,0,0,0.000,0.000,0.000,0.000,
GPU,0,57.266,35820038881,0,0,0.000,0.000,0.000,0.000,
GPU,0,57.266,35820038881,0,0,0.000,0.000,0.000,0.000,
GPU,0,57.266,35820038881,0,0,0.000,0.000,0.000,0.000,
GPU,0,57.266,35820038881,0,0,0.000,0.000,0.000,0.000,
GPU,0,57.266,35820038881,0,0,0.000,0.000,0.000,0.000,
GPU,0,57.266,35820044636,0,0,0.000,0.000,0.000,0.000,
GPU,0,57.266,35820044636,0,0,0.000,0.000,0.000,0.000,
GPU,0,57.266,35820044636,0,0,0.000,0.000,0.000,0.000,
GPU,0,57.266,35820044636,0,0,0.000,0.000,0.000,0.000,
GPU,0,57.266,35820044636,0,0,0.000,0.000,0.000,0.000,
GPU,0,57.266,35820044636,0,0,0.000,0.000,0.000,0.000,
GPU,0,57.266,35820044636,0,0,0.000,0.000,0.000,0.000,
GPU,0,57.266,35820044636,0,0,0.000,0.000,0.000,0.000,
GPU,0,57.266,35820044636,0,0,0.000,0.000,0.000,0.000,
GPU,0,57.266,35820044636,0,0,0.000,0.000,0.000,0.000,
GPU,0,57.266,35820044636,0,0,0.000,0.000,0.000,0.000,
GPU,0,57.266,35820044636,0,0,0.000,0.000,0.000,0.000,
GPU,0,57.266,35820044636,0,0,0.000,0.000,0.000,0.000,
GPU,0,57.266,35820044636,0,0,0.000,0.000,0.000,0.000,
GPU,0,57.266,35820044636,0,0,0.000,0.000,0.000,0.000,
GPU,0,57.266,35820044636,0,0,0.000,0.000,0.000,0.000,
GPU,0,57.266,35820044636,0,0,0.000,0.000,0.000,0.000,
GPU,0,57.266,35820044636,0,0,0.000,0.000,0.000,0.000,
GPU,0,57.266,35820044636,0,0,0.000,0.000,0.000,0.000,
GPU,0,57.266,35820044636,0,0,0.000,0.000,0.000,0.000,
GPU,0,57.266,35820044636,0,0,0.000,0.000,0.000,0.000,
GPU,0,57.266,35820044636,0,0,0.000,0.000,0.000,0.000,
GPU,0,57.266,35820044636,0,0,0.000,0.000,0.000,0.000,
GPU,0,57.266,35820044636,0,0,0.000,0.000,0.000,0.000,
GPU,0,57.266,35820044636,0,0,0.000,0.000,0.000,0.000,
GPU,0,57.266,35820044636,0,0,0.000,0.000,0.000,0.000,
GPU,0,57.266,35820044636,0,0,0.000,0.000,0.000,0.000,
GPU,0,57.266,35820044636,0,0,0.000,0.000,0.000,0.000,
GPU,0,57.266,35820044636,0,0,0.000,0.000,0.000,0.000,
GPU,0,57.266,35820044636,0,0,0.000,0.000,0.000,0.000,
GPU,0,57.266,35820044636,0,0,0.000,0.000,0.000,0.000,
GPU,0,57.266,35820044636,0,0,0.000,0.000,0.000,0.000,
GPU,0,57.266,35820044636,0,0,0.000,0.000,0.000,0.000,
GPU,0,57.266,35820044636,0,0,0.000,0.000,0.000,0.000,
GPU,0,57.266,35820044636,0,0,0.000,0.000,0.000,0.000,
GPU,0,57.266,35820044636,0,0,0.000,0.000,0.000,0.000,
GPU,0,57.266,35820044636,0,0,0.000,0.000,0.000,0.000,
GPU,0,57.266,35820044636,0,0,0.000,0.000,0.000,0.000,
GPU,0,57.266,35820044636,0,0,0.000,0.000,0.000,0.000,
GPU,0,57.266,35820044636,0,0,0.000,0.000,0.000,0.000,
GPU,0,57.266,35820044636,0,0,0.000,0.000,0.000,0.000,
GPU,0,57.266,35820044636,0,0,0.000,0.000,0.000,0.000,
GPU,0,57.266,35820044636,0,0,0.000,0.000,0.000,0.000,
GPU,0,57.266,35820044636,0,0,0.000,0.000,0.000,0.000,
GPU,0,57.266,35820044636,0,0,0.000,0.000,0.000,0.000,
GPU,0,57.266,35820044636,0,0,0.000,0.000,0.000,0.000,
GPU,0,57.266,35820044636,0,0,0.000,0.000,0.000,0.000,
GPU,0,57.266,35820044636,0,0,0.000,0.000,0.000,0.000,
GPU,0,57.266,35820044636,0,0,0.000,0.000,0.000,0.000,
GPU,0,57.266,35820044636,0,0,0.000,0.000,0.000,0.000,
GPU,0,57.266,35820044636,0,0,0.000,0.000,0.000,0.000,
GPU,0,57.266,35820044636,0,0,0.000,0.000,0.000,0.000,
GPU,0,57.266,35820044636,0,0,0.000,0.000,0.000,0.000,
GPU,0,57.266,35820044636,0,0,0.000,0.000,0.000,0.000,
GPU,0,57.266,35820044636,0,0,0.000,0.000,0.000,0.000,
GPU,0,57.266,35820044636,0,0,0.000,0.000,0.000,0.000,
GPU,0,57.266,35820044636,0,0,0.000,0.000,0.000,0.000,
GPU,0,57.266,35820044636,0,0,0.000,0.000,0.000,0.000,
GPU,0,57.266,35820044636,0,0,0.000,0.000,0.000,0.000,
GPU,0,57.266,35820044636,0,0,0.000,0.000,0.000,0.000,
GPU,0,57.266,35820044636,0,0,0.000,0.000,0.000,0.000,
GPU,0,57.266,35820044636,0,0,0.000,0.000,0.000,0.000,
GPU,0,57.266,35820044636,0,0,0.000,0.000,0.000,0.000,
GPU,0,57.266,35820044636,0,0,0.000,0.000,0.000,0.000,
GPU,0,57.266,35820044636,0,0,0.000,0.000,0.000,0.000,
GPU,0,57.266,35820044636,0,0,0.000,0.000,0.000,0.000,
GPU,0,57.266,35820044636,0,0,0.000,0.000,0.000,0.000,
GPU,0,57.266,35820044636,0,0,0.000,0.000,0.000,0.000,
GPU,0,57.266,35820050384,0,0,0.000,0.000,0.000,0.000,
GPU,0,57.266,35820050384,0,0,0.000,0.000,0.000,0.000,
GPU,0,57.266,35820050384,0,0,0.000,0.000,0.000,0.000,
GPU,0,57.266,35820050384,0,0,0.000,0.000,0.000,0.000,
GPU,0,57.266,35820050384,0,0,0.000,0.000,0.000,0.000,
GPU,0,57.266,35820050384,0,0,0.000,0.000,0.000,0.000,
GPU,0,57.266,35820050384,0,0,0.000,0.000,0.000,0.000,
GPU,0,57.266,35820050384,0,0,0.000,0.000,0.000,0.000,
GPU,0,57.266,35820050384,0,0,0.000,0.000,0.000,0.000,
GPU,0,57.266,35820050384,0,0,0.000,0.000,0.000,0.000,
GPU,0,57.266,35820050384,0,0,0.000,0.000,0.000,0.000,
GPU,0,57.266,35820050384,0,0,0.000,0.000,0.000,0.000,
GPU,0,57.266,35820050384,0,0,0.000,0.000,0.000,0.000,
GPU,0,57.266,35820050384,0,0,0.000,0.000,0.000,0.000,
GPU,0,57.266,35820050384,0,0,0.000,0.000,0.000,0.000,
GPU,0,57.266,35820050384,0,0,0.000,0.000,0.000,0.000,
GPU,0,57.266,35820050384,0,0,0.000,0.000,0.000,0.000,
GPU,0,57.266,35820050384,0,0,0.000,0.000,0.000,0.000,
GPU,0,57.266,35820050384,0,0,0.000,0.000,0.000,0.000,
GPU,0,57.266,35820050384,0,0,0.000,0.000,0.000,0.000,
GPU,0,57.266,35820050384,0,0,0.000,0.000,0.000,0.000,
GPU,0,57.266,35820050384,0,0,0.000,0.000,0.000,0.000,
GPU,0,57.266,35820050384,0,0,0.000,0.000,0.000,0.000,
GPU,0,57.266,35820050384,0,0,0.000,0.000,0.000,0.000,
GPU,0,57.266,35820050384,0,0,0.000,0.000,0.000,0.000,
GPU,0,57.200,35820050384,0,0,0.000,0.000,0.000,0.000,
GPU,0,57.200,35820050384,0,0,0.000,0.000,0.000,0.000,
GPU,0,57.200,35820050384,0,0,0.000,0.000,0.000,0.000,
GPU,0,57.200,35820050384,0,0,0.000,0.000,0.000,0.000,
GPU,0,57.200,35820050384,0,0,0.000,0.000,0.000,0.000,
GPU,0,57.200,35820050384,0,0,0.000,0.000,0.000,0.000,
GPU,0,57.200,35820050384,0,0,0.000,0.000,0.000,0.000,
GPU,0,57.200,35820050384,0,0,0.000,0.000,0.000,0.000,
GPU,0,57.200,35820050384,0,0,0.000,0.000,0.000,0.000,
GPU,0,57.200,35820050384,0,0,0.000,0.000,0.000,0.000,
GPU,0,57.200,35820050384,0,0,0.000,0.000,0.000,0.000,
GPU,0,57.200,35820050384,0,0,0.000,0.000,0.000,0.000,
GPU,0,57.200,35820050384,0,0,0.000,0.000,0.000,0.000,
GPU,0,57.200,35820050384,0,0,0.000,0.000,0.000,0.000,
GPU,0,57.200,35820050384,0,0,0.000,0.000,0.000,0.000,
GPU,0,57.200,35820050384,0,0,0.000,0.000,0.000,0.000,
GPU,0,57.200,35820050384,0,0,0.000,0.000,0.000,0.000,
GPU,0,57.200,35820050384,0,0,0.000,0.000,0.000,0.000,
GPU,0,57.200,35820050384,0,0,0.000,0.000,0.000,0.000,
GPU,0,57.200,35820050384,0,0,0.000,0.000,0.000,0.000,
GPU,0,57.200,35820050384,0,0,0.000,0.000,0.000,0.000,
GPU,0,57.200,35820050384,0,0,0.000,0.000,0.000,0.000,
GPU,0,57.200,35820050384,0,0,0.000,0.000,0.000,0.000,
GPU,0,57.200,35820050384,0,0,0.000,0.000,0.000,0.000,
GPU,0,57.200,35820050384,0,0,0.000,0.000,0.000,0.000,
GPU,0,57.200,35820050384,0,0,0.000,0.000,0.000,0.000,
GPU,0,57.200,35820050384,0,0,0.000,0.000,0.000,0.000,
GPU,0,57.200,35820050384,0,0,0.000,0.000,0.000,0.000,
GPU,0,57.200,35820050384,0,0,0.000,0.000,0.000,0.000,
GPU,0,57.200,35820050384,0,0,0.000,0.000,0.000,0.000,
GPU,0,57.200,35820050384,0,0,0.000,0.000,0.000,0.000,
GPU,0,57.200,35820050384,0,0,0.000,0.000,0.000,0.000,
GPU,0,57.200,35820050384,0,0,0.000,0.000,0.000,0.000,
GPU,0,57.200,35820050384,0,0,0.000,0.000,0.000,0.000,
GPU,0,57.200,35820050384,0,0,0.000,0.000,0.000,0.000,
GPU,0,57.200,35820050384,0,0,0.000,0.000,0.000,0.000,
GPU,0,57.200,35820050384,0,0,0.000,0.000,0.000,0.000,
GPU,0,57.200,35820050384,0,0,0.000,0.000,0.000,0.000,
GPU,0,57.200,35820050384,0,0,0.000,0.000,0.000,0.000,
GPU,0,57.200,35820050384,0,0,0.000,0.000,0.000,0.000,
GPU,0,57.200,35820050384,0,0,0.000,0.000,0.000,0.000,
GPU,0,57.200,35820056109,0,0,0.000,0.000,0.000,0.000,
GPU,0,57.200,35820056109,0,0,0.000,0.000,0.000,0.000,
GPU,0,57.200,35820056109,0,0,0.000,0.000,0.000,0.000,
GPU,0,57.200,35820056109,0,0,0.000,0.000,0.000,0.000,
GPU,0,57.200,35820056109,0,0,0.000,0.000,0.000,0.000,
GPU,0,57.200,35820056109,0,0,0.000,0.000,0.000,0.000,
GPU,0,57.200,35820056109,0,0,0.000,0.000,0.000,0.000,
GPU,0,57.200,35820056109,0,0,0.000,0.000,0.000,0.000,
GPU,0,57.200,35820056109,0,0,0.000,0.000,0.000,0.000,
GPU,0,57.200,35820056109,0,0,0.000,0.000,0.000,0.000,
GPU,0,57.200,35820056109,0,0,0.000,0.000,0.000,0.000,
GPU,0,57.200,35820056109,0,0,0.000,0.000,0.000,0.000,
GPU,0,57.200,35820056109,0,0,0.000,0.000,0.000,0.000,
GPU,0,57.200,35820056109,0,0,0.000,0.000,0.000,0.000,
GPU,0,57.200,35820056109,0,0,0.000,0.000,0.000,0.000,
GPU,0,57.200,35820056109,0,0,0.000,0.000,0.000,0.000,
GPU,0,57.200,35820056109,0,0,0.000,0.000,0.000,0.000,
GPU,0,57.200,35820056109,0,0,0.000,0.000,0.000,0.000,
GPU,0,57.200,35820056109,0,0,0.000,0.000,0.000,0.000,
GPU,0,57.200,35820056109,0,0,0.000,0.000,0.000,0.000,
GPU,0,57.200,35820056109,0,0,0.000,0.000,0.000,0.000,
GPU,0,57.200,35820056109,0,0,0.000,0.000,0.000,0.000,
GPU,0,57.200,35820056109,0,0,0.000,0.000,0.000,0.000,
GPU,0,57.200,35820056109,0,0,0.000,0.000,0.000,0.000,
GPU,0,57.200,35820056109,0,0,0.000,0.000,0.000,0.000,
GPU,0,57.200,35820056109,0,0,0.000,0.000,0.000,0.000,
GPU,0,57.200,35820056109,0,0,0.000,0.000,0.000,0.000,
GPU,0,57.200,35820056109,0,0,0.000,0.000,0.000,0.000,
GPU,0,57.200,35820056109,0,0,0.000,0.000,0.000,0.000,
GPU,0,57.200,35820056109,0,0,0.000,0.000,0.000,0.000,
GPU,0,57.200,35820056109,0,0,0.000,0.000,0.000,0.000,
GPU,0,57.200,35820056109,0,0,0.000,0.000,0.000,0.000,
GPU,0,57.200,35820056109,0,0,0.000,0.000,0.000,0.000,
GPU,0,57.200,35820056109,0,0,0.000,0.000,0.000,0.000,
GPU,0,57.200,35820056109,0,0,0.000,0.000,0.000,0.000,
GPU,0,57.200,35820056109,0,0,0.000,0.000,0.000,0.000,
GPU,0,57.200,35820056109,0,0,0.000,0.000,0.000,0.000,
GPU,0,57.200,35820056109,0,0,0.000,0.000,0.000,0.000,
GPU,0,57.200,35820056109,0,0,0.000,0.000,0.000,0.000,
GPU,0,57.200,35820056109,0,0,0.000,0.000,0.000,0.000,
GPU,0,57.200,35820056109,0,0,0.000,0.000,0.000,0.000,
GPU,0,57.200,35820056109,0,0,0.000,0.000,0.000,0.000,
GPU,0,57.200,35820056109,0,0,0.000,0.000,0.000,0.000,
GPU,0,57.200,35820056109,0,0,0.000,0.000,0.000,0.000,
GPU,0,57.200,35820056109,0,0,0.000,0.000,0.000,0.000,
GPU,0,57.200,35820056109,0,0,0.000,0.000,0.000,0.000,
GPU,0,57.200,35820056109,0,0,0.000,0.000,0.000,0.000,
GPU,0,57.200,35820056109,0,0,0.000,0.000,0.000,0.000,
GPU,0,57.200,35820056109,0,0,0.000,0.000,0.000,0.000,
GPU,0,57.200,35820056109,0,0,0.000,0.000,0.000,0.000,
GPU,0,57.200,35820056109,0,0,0.000,0.000,0.000,0.000,
GPU,0,57.200,35820056109,0,0,0.000,0.000,0.000,0.000,
GPU,0,57.200,35820056109,0,0,0.000,0.000,0.000,0.000,
GPU,0,57.200,35820056109,0,0,0.000,0.000,0.000,0.000,
GPU,0,57.200,35820056109,0,0,0.000,0.000,0.000,0.000,
GPU,0,57.200,35820056109,0,0,0.000,0.000,0.000,0.000,
GPU,0,57.200,35820056109,0,0,0.000,0.000,0.000,0.000,
GPU,0,57.200,35820056109,0,0,0.000,0.000,0.000,0.000,
GPU,0,57.200,35820056109,0,0,0.000,0.000,0.000,0.000,
GPU,0,57.200,35820056109,0,0,0.000,0.000,0.000,0.000,
GPU,0,57.200,35820056109,0,0,0.000,0.000,0.000,0.000,
GPU,0,57.200,35820056109,0,0,0.000,0.000,0.000,0.000,
GPU,0,57.200,35820056109,0,0,0.000,0.000,0.000,0.000,
GPU,0,57.200,35820056109,0,0,0.000,0.000,0.000,0.000,
GPU,0,57.200,35820056109,0,0,0.000,0.000,0.000,0.000,
GPU,0,57.200,35820056109,0,0,0.000,0.000,0.000,0.000,
GPU,0,57.200,35820056109,0,0,0.000,0.000,0.000,0.000,
GPU,0,57.200,35820056109,0,0,0.000,0.000,0.000,0.000,
GPU,0,57.200,35820056109,0,0,0.000,0.000,0.000,0.000,
GPU,0,57.200,35820056109,0,0,0.000,0.000,0.000,0.000,
GPU,0,57.200,35820061898,0,0,0.000,0.000,0.000,0.000,
GPU,0,57.200,35820061898,0,0,0.000,0.000,0.000,0.000,
GPU,0,57.200,35820061898,0,0,0.000,0.000,0.000,0.000,
GPU,0,57.200,35820061898,0,0,0.000,0.000,0.000,0.000,
GPU,0,57.200,35820061898,0,0,0.000,0.000,0.000,0.000,
GPU,0,57.200,35820061898,0,0,0.000,0.000,0.000,0.000,
GPU,0,57.200,35820061898,0,0,0.000,0.000,0.000,0.000,
GPU,0,57.200,35820061898,0,0,0.000,0.000,0.000,0.000,
GPU,0,57.200,35820061898,0,0,0.000,0.000,0.000,0.000,
GPU,0,57.200,35820061898,0,0,0.000,0.000,0.000,0.000,
GPU,0,57.200,35820061898,0,0,0.000,0.000,0.000,0.000,
GPU,0,57.200,35820061898,0,0,0.000,0.000,0.000,0.000,
GPU,0,57.200,35820061898,0,0,0.000,0.000,0.000,0.000,
GPU,0,57.200,35820061898,0,0,0.000,0.000,0.000,0.000,
GPU,0,57.200,35820061898,0,0,0.000,0.000,0.000,0.000,
GPU,0,57.200,35820061898,0,0,0.000,0.000,0.000,0.000,
GPU,0,57.200,35820061898,0,0,0.000,0.000,0.000,0.000,
GPU,0,57.200,35820061898,0,0,0.000,0.000,0.000,0.000,
GPU,0,57.200,35820061898,0,0,0.000,0.000,0.000,0.000,
GPU,0,57.200,35820061898,0,0,0.000,0.000,0.000,0.000,
GPU,0,57.200,35820061898,0,0,0.000,0.000,0.000,0.000,
GPU,0,57.200,35820061898,0,0,0.000,0.000,0.000,0.000,
GPU,0,57.200,35820061898,0,0,0.000,0.000,0.000,0.000,
GPU,0,57.200,35820061898,0,0,0.000,0.000,0.000,0.000,
GPU,0,57.200,35820061898,0,0,0.000,0.000,0.000,0.000,
GPU,0,57.200,35820061898,0,0,0.000,0.000,0.000,0.000,
GPU,0,57.266,35820061898,0,0,0.000,0.000,0.000,0.000,
GPU,0,57.266,35820061898,0,0,0.000,0.000,0.000,0.000,
GPU,0,57.266,35820061898,0,0,0.000,0.000,0.000,0.000,
GPU,0,57.266,35820061898,0,0,0.000,0.000,0.000,0.000,
GPU,0,57.266,35820061898,0,0,0.000,0.000,0.000,0.000,
GPU,0,57.266,35820061898,0,0,0.000,0.000,0.000,0.000,
GPU,0,57.266,35820061898,0,0,0.000,0.000,0.000,0.000,
GPU,0,57.266,35820061898,0,0,0.000,0.000,0.000,0.000,
GPU,0,57.266,35820061898,0,0,0.000,0.000,0.000,0.000,
GPU,0,57.266,35820061898,0,0,0.000,0.000,0.000,0.000,
GPU,0,57.266,35820061898,0,0,0.000,0.000,0.000,0.000,
GPU,0,57.266,35820061898,0,0,0.000,0.000,0.000,0.000,
GPU,0,57.266,35820061898,0,0,0.000,0.000,0.000,0.000,
GPU,0,57.266,35820061898,0,0,0.000,0.000,0.000,0.000,
GPU,0,57.266,35820061898,0,0,0.000,0.000,0.000,0.000,
GPU,0,57.266,35820061898,0,0,0.000,0.000,0.000,0.000,
GPU,0,57.266,35820061898,0,0,0.000,0.000,0.000,0.000,
GPU,0,57.266,35820061898,0,0,0.000,0.000,0.000,0.000,
GPU,0,57.266,35820061898,0,0,0.000,0.000,0.000,0.000,
GPU,0,57.266,35820061898,0,0,0.000,0.000,0.000,0.000,
GPU,0,57.266,35820061898,0,0,0.000,0.000,0.000,0.000,
GPU,0,57.266,35820061898,0,0,0.000,0.000,0.000,0.000,
GPU,0,57.266,35820061898,0,0,0.000,0.000,0.000,0.000,
GPU,0,57.266,35820061898,0,0,0.000,0.000,0.000,0.000,
GPU,0,57.266,35820061898,0,0,0.000,0.000,0.000,0.000,
GPU,0,57.266,35820061898,0,0,0.000,0.000,0.000,0.000,
GPU,0,57.266,35820061898,0,0,0.000,0.000,0.000,0.000,
GPU,0,57.266,35820061898,0,0,0.000,0.000,0.000,0.000,
GPU,0,57.266,35820061898,0,0,0.000,0.000,0.000,0.000,
GPU,0,57.266,35820061898,0,0,0.000,0.000,0.000,0.000,
GPU,0,57.266,35820061898,0,0,0.000,0.000,0.000,0.000,
GPU,0,57.266,35820061898,0,0,0.000,0.000,0.000,0.000,
GPU,0,57.266,35820061898,0,0,0.000,0.000,0.000,0.000,
GPU,0,57.266,35820061898,0,0,0.000,0.000,0.000,0.000,
GPU,0,57.266,35820061898,0,0,0.000,0.000,0.000,0.000,
GPU,0,57.266,35820061898,0,0,0.000,0.000,0.000,0.000,
GPU,0,57.266,35820061898,0,0,0.000,0.000,0.000,0.000,
GPU,0,57.266,35820061898,0,0,0.000,0.000,0.000,0.000,
GPU,0,57.266,35820061898,0,0,0.000,0.000,0.000,0.000,
GPU,0,57.266,35820061898,0,0,0.000,0.000,0.000,0.000,
GPU,0,57.266,35820067636,0,0,0.000,0.000,0.000,0.000,
GPU,0,57.266,35820067636,0,0,0.000,0.000,0.000,0.000,
GPU,0,57.266,35820067636,0,0,0.000,0.000,0.000,0.000,
GPU,0,57.266,35820067636,0,0,0.000,0.000,0.000,0.000,
GPU,0,57.266,35820067636,0,0,0.000,0.000,0.000,0.000,
GPU,0,57.266,35820067636,0,0,0.000,0.000,0.000,0.000,
GPU,0,57.266,35820067636,0,0,0.000,0.000,0.000,0.000,
GPU,0,57.266,35820067636,0,0,0.000,0.000,0.000,0.000,
GPU,0,57.266,35820067636,0,0,0.000,0.000,0.000,0.000,
GPU,0,57.266,35820067636,0,0,0.000,0.000,0.000,0.000,
GPU,0,57.266,35820067636,0,0,0.000,0.000,0.000,0.000,
GPU,0,57.266,35820067636,0,0,0.000,0.000,0.000,0.000,
GPU,0,57.266,35820067636,0,0,0.000,0.000,0.000,0.000,
GPU,0,57.266,35820067636,0,0,0.000,0.000,0.000,0.000,
GPU,0,57.266,35820067636,0,0,0.000,0.000,0.000,0.000,
GPU,0,57.266,35820067636,0,0,0.000,0.000,0.000,0.000,
GPU,0,57.266,35820067636,0,0,0.000,0.000,0.000,0.000,
GPU,0,57.266,35820067636,0,0,0.000,0.000,0.000,0.000,
GPU,0,57.266,35820067636,0,0,0.000,0.000,0.000,0.000,
GPU,0,57.266,35820067636,0,0,0.000,0.000,0.000,0.000,
GPU,0,57.266,35820067636,0,0,0.000,0.000,0.000,0.000,
GPU,0,57.266,35820067636,0,0,0.000,0.000,0.000,0.000,
GPU,0,57.266,35820067636,0,0,0.000,0.000,0.000,0.000,
GPU,0,57.266,35820067636,0,0,0.000,0.000,0.000,0.000,
GPU,0,57.266,35820067636,0,0,0.000,0.000,0.000,0.000,
GPU,0,57.266,35820067636,0,0,0.000,0.000,0.000,0.000,
GPU,0,57.266,35820067636,0,0,0.000,0.000,0.000,0.000,
GPU,0,57.266,35820067636,0,0,0.000,0.000,0.000,0.000,
GPU,0,57.200,35820067636,0,0,0.000,0.000,0.000,0.000,
GPU,0,57.200,35820067636,0,0,0.000,0.000,0.000,0.000,
GPU,0,57.200,35820067636,0,0,0.000,0.000,0.000,0.000,
GPU,0,57.200,35820067636,0,0,0.000,0.000,0.000,0.000,
GPU,0,57.200,35820067636,0,0,0.000,0.000,0.000,0.000,
GPU,0,57.200,35820067636,0,0,0.000,0.000,0.000,0.000,
GPU,0,57.200,35820067636,0,0,0.000,0.000,0.000,0.000,
GPU,0,57.200,35820067636,0,0,0.000,0.000,0.000,0.000,
GPU,0,57.200,35820067636,0,0,0.000,0.000,0.000,0.000,
GPU,0,57.200,35820067636,0,0,0.000,0.000,0.000,0.000,
GPU,0,57.200,35820067636,0,0,0.000,0.000,0.000,0.000,
GPU,0,57.200,35820067636,0,0,0.000,0.000,0.000,0.000,
GPU,0,57.200,35820067636,0,0,0.000,0.000,0.000,0.000,
GPU,0,57.200,35820067636,0,0,0.000,0.000,0.000,0.000,
GPU,0,57.200,35820067636,0,0,0.000,0.000,0.000,0.000,
GPU,0,57.200,35820067636,0,0,0.000,0.000,0.000,0.000,
GPU,0,57.200,35820067636,0,0,0.000,0.000,0.000,0.000,
GPU,0,57.200,35820067636,0,0,0.000,0.000,0.000,0.000,
GPU,0,57.200,35820067636,0,0,0.000,0.000,0.000,0.000,
GPU,0,57.200,35820067636,0,0,0.000,0.000,0.000,0.000,
GPU,0,57.200,35820067636,0,0,0.000,0.000,0.000,0.000,
GPU,0,57.200,35820067636,0,0,0.000,0.000,0.000,0.000,
GPU,0,57.200,35820067636,0,0,0.000,0.000,0.000,0.000,
GPU,0,57.200,35820067636,0,0,0.000,0.000,0.000,0.000,
GPU,0,57.200,35820067636,0,0,0.000,0.000,0.000,0.000,
GPU,0,57.200,35820067636,0,0,0.000,0.000,0.000,0.000,
GPU,0,57.200,35820067636,0,0,0.000,0.000,0.000,0.000,
GPU,0,57.200,35820067636,0,0,0.000,0.000,0.000,0.000,
GPU,0,57.200,35820067636,0,0,0.000,0.000,0.000,0.000,
GPU,0,57.200,35820067636,0,0,0.000,0.000,0.000,0.000,
GPU,0,57.200,35820067636,0,0,0.000,0.000,0.000,0.000,
GPU,0,57.200,35820067636,0,0,0.000,0.000,0.000,0.000,
GPU,0,57.200,35820067636,0,0,0.000,0.000,0.000,0.000,
GPU,0,57.200,35820067636,0,0,0.000,0.000,0.000,0.000,
GPU,0,57.200,35820067636,0,0,0.000,0.000,0.000,0.000,
GPU,0,57.200,35820067636,0,0,0.000,0.000,0.000,0.000,
GPU,0,57.200,35820067636,0,0,0.000,0.000,0.000,0.000,
GPU,0,57.200,35820067636,0,0,0.000,0.000,0.000,0.000,
GPU,0,57.200,35820067636,0,0,0.000,0.000,0.000,0.000,
GPU,0,57.200,35820067636,0,0,0.000,0.000,0.000,0.000,
GPU,0,57.200,35820073424,0,0,0.000,0.000,0.000,0.000,
GPU,0,57.200,35820073424,0,0,0.000,0.000,0.000,0.000,
GPU,0,57.200,35820073424,0,0,0.000,0.000,0.000,0.000,
GPU,0,57.200,35820073424,0,0,0.000,0.000,0.000,0.000,
GPU,0,57.200,35820073424,0,0,0.000,0.000,0.000,0.000,
GPU,0,57.200,35820073424,0,0,0.000,0.000,0.000,0.000,
GPU,0,57.200,35820073424,0,0,0.000,0.000,0.000,0.000,
GPU,0,57.200,35820073424,0,0,0.000,0.000,0.000,0.000,
GPU,0,57.200,35820073424,0,0,0.000,0.000,0.000,0.000,
GPU,0,57.200,35820073424,0,0,0.000,0.000,0.000,0.000,
GPU,0,57.200,35820073424,0,0,0.000,0.000,0.000,0.000,
GPU,0,57.200,35820073424,0,0,0.000,0.000,0.000,0.000,
GPU,0,57.200,35820073424,0,0,0.000,0.000,0.000,0.000,
GPU,0,57.200,35820073424,0,0,0.000,0.000,0.000,0.000,
GPU,0,57.200,35820073424,0,0,0.000,0.000,0.000,0.000,
GPU,0,57.200,35820073424,0,0,0.000,0.000,0.000,0.000,
GPU,0,57.200,35820073424,0,0,0.000,0.000,0.000,0.000,
GPU,0,57.200,35820073424,0,0,0.000,0.000,0.000,0.000,
GPU,0,57.200,35820073424,0,0,0.000,0.000,0.000,0.000,
GPU,0,57.200,35820073424,0,0,0.000,0.000,0.000,0.000,
GPU,0,57.200,35820073424,0,0,0.000,0.000,0.000,0.000,
GPU,0,57.200,35820073424,0,0,0.000,0.000,0.000,0.000,
GPU,0,57.200,35820073424,0,0,0.000,0.000,0.000,0.000,
GPU,0,57.200,35820073424,0,0,0.000,0.000,0.000,0.000,
GPU,0,57.200,35820073424,0,0,0.000,0.000,0.000,0.000,
GPU,0,57.200,35820073424,0,0,0.000,0.000,0.000,0.000,
GPU,0,57.200,35820073424,0,0,0.000,0.000,0.000,0.000,
GPU,0,57.200,35820073424,0,0,0.000,0.000,0.000,0.000,
GPU,0,57.200,35820073424,0,0,0.000,0.000,0.000,0.000,
GPU,0,57.200,35820073424,0,0,0.000,0.000,0.000,0.000,
GPU,0,57.200,35820073424,0,0,0.000,0.000,0.000,0.000,
GPU,0,57.200,35820073424,0,0,0.000,0.000,0.000,0.000,
GPU,0,57.200,35820073424,0,0,0.000,0.000,0.000,0.000,
GPU,0,57.200,35820073424,0,0,0.000,0.000,0.000,0.000,
GPU,0,57.200,35820073424,0,0,0.000,0.000,0.000,0.000,
GPU,0,57.200,35820073424,0,0,0.000,0.000,0.000,0.000,
GPU,0,57.200,35820073424,0,0,0.000,0.000,0.000,0.000,
GPU,0,57.200,35820073424,0,0,0.000,0.000,0.000,0.000,
GPU,0,57.200,35820073424,0,0,0.000,0.000,0.000,0.000,
GPU,0,57.200,35820073424,0,0,0.000,0.000,0.000,0.000,
GPU,0,57.200,35820073424,0,0,0.000,0.000,0.000,0.000,
GPU,0,57.200,35820073424,0,0,0.000,0.000,0.000,0.000,
GPU,0,57.200,35820073424,0,0,0.000,0.000,0.000,0.000,
GPU,0,57.200,35820073424,0,0,0.000,0.000,0.000,0.000,
GPU,0,57.200,35820073424,0,0,0.000,0.000,0.000,0.000,
GPU,0,57.200,35820073424,0,0,0.000,0.000,0.000,0.000,
GPU,0,57.200,35820073424,0,0,0.000,0.000,0.000,0.000,
GPU,0,57.200,35820073424,0,0,0.000,0.000,0.000,0.000,
GPU,0,57.200,35820073424,0,0,0.000,0.000,0.000,0.000,
GPU,0,57.200,35820073424,0,0,0.000,0.000,0.000,0.000,
GPU,0,57.200,35820073424,0,0,0.000,0.000,0.000,0.000,
GPU,0,57.200,35820073424,0,0,0.000,0.000,0.000,0.000,
GPU,0,57.200,35820073424,0,0,0.000,0.000,0.000,0.000,
GPU,0,57.200,35820073424,0,0,0.000,0.000,0.000,0.000,
GPU,0,57.200,35820073424,0,0,0.000,0.000,0.000,0.000,
GPU,0,57.200,35820073424,0,0,0.000,0.000,0.000,0.000,
GPU,0,57.200,35820073424,0,0,0.000,0.000,0.000,0.000,
GPU,0,57.200,35820073424,0,0,0.000,0.000,0.000,0.000,
GPU,0,57.200,35820073424,0,0,0.000,0.000,0.000,0.000,
GPU,0,57.200,35820073424,0,0,0.000,0.000,0.000,0.000,
GPU,0,57.200,35820073424,0,0,0.000,0.000,0.000,0.000,
GPU,0,57.200,35820073424,0,0,0.000,0.000,0.000,0.000,
GPU,0,57.200,35820073424,0,0,0.000,0.000,0.000,0.000,
GPU,0,57.200,35820073424,0,0,0.000,0.000,0.000,0.000,
GPU,0,57.200,35820073424,0,0,0.000,0.000,0.000,0.000,
GPU,0,57.200,35820073424,0,0,0.000,0.000,0.000,0.000,
GPU,0,57.200,35820073424,0,0,0.000,0.000,0.000,0.000,
GPU,0,57.200,35820079210,0,0,0.000,0.000,0.000,0.000,
GPU,0,57.200,35820079210,0,0,0.000,0.000,0.000,0.000,
GPU,0,57.200,35820079210,0,0,0.000,0.000,0.000,0.000,
GPU,0,57.200,35820079210,0,0,0.000,0.000,0.000,0.000,
GPU,0,57.200,35820079210,0,0,0.000,0.000,0.000,0.000,
GPU,0,57.200,35820079210,0,0,0.000,0.000,0.000,0.000,
GPU,0,57.200,35820079210,0,0,0.000,0.000,0.000,0.000,
GPU,0,57.200,35820079210,0,0,0.000,0.000,0.000,0.000,
GPU,0,57.200,35820079210,0,0,0.000,0.000,0.000,0.000,
GPU,0,57.200,35820079210,0,0,0.000,0.000,0.000,0.000,
GPU,0,57.200,35820079210,0,0,0.000,0.000,0.000,0.000,
GPU,0,57.200,35820079210,0,0,0.000,0.000,0.000,0.000,
GPU,0,57.200,35820079210,0,0,0.000,0.000,0.000,0.000,
GPU,0,57.200,35820079210,0,0,0.000,0.000,0.000,0.000,
GPU,0,57.200,35820079210,0,0,0.000,0.000,0.000,0.000,
GPU,0,57.200,35820079210,0,0,0.000,0.000,0.000,0.000,
GPU,0,57.200,35820079210,0,0,0.000,0.000,0.000,0.000,
GPU,0,57.200,35820079210,0,0,0.000,0.000,0.000,0.000,
GPU,0,57.200,35820079210,0,0,0.000,0.000,0.000,0.000,
GPU,0,57.200,35820079210,0,0,0.000,0.000,0.000,0.000,
GPU,0,57.200,35820079210,0,0,0.000,0.000,0.000,0.000,
GPU,0,57.200,35820079210,0,0,0.000,0.000,0.000,0.000,
GPU,0,57.200,35820079210,0,0,0.000,0.000,0.000,0.000,
GPU,0,57.200,35820079210,0,0,0.000,0.000,0.000,0.000,
GPU,0,57.200,35820079210,0,0,0.000,0.000,0.000,0.000,
GPU,0,57.200,35820079210,0,0,0.000,0.000,0.000,0.000,
GPU,0,57.200,35820079210,0,0,0.000,0.000,0.000,0.000,
GPU,0,57.200,35820079210,0,0,0.000,0.000,0.000,0.000,
GPU,0,57.200,35820079210,0,0,0.000,0.000,0.000,0.000,
GPU,0,57.200,35820079210,0,0,0.000,0.000,0.000,0.000,
GPU,0,57.200,35820079210,0,0,0.000,0.000,0.000,0.000,
GPU,0,57.444,35820079210,0,0,0.000,0.000,0.000,0.000,
GPU,0,57.444,35820079210,0,0,0.000,0.000,0.000,0.000,
GPU,0,57.444,35820079210,0,0,0.000,0.000,0.000,0.000,
GPU,0,57.444,35820079210,0,0,0.000,0.000,0.000,0.000,
GPU,0,57.444,35820079210,0,0,0.000,0.000,0.000,0.000,
GPU,0,57.444,35820079210,0,0,0.000,0.000,0.000,0.000,
GPU,0,57.444,35820079210,0,0,0.000,0.000,0.000,0.000,
GPU,0,57.444,35820079210,0,0,0.000,0.000,0.000,0.000,
GPU,0,57.444,35820079210,0,0,0.000,0.000,0.000,0.000,
GPU,0,57.444,35820079210,0,0,0.000,0.000,0.000,0.000,
GPU,0,57.444,35820079210,0,0,0.000,0.000,0.000,0.000,
GPU,0,57.444,35820079210,0,0,0.000,0.000,0.000,0.000,
GPU,0,57.444,35820079210,0,0,0.000,0.000,0.000,0.000,
GPU,0,57.444,35820079210,0,0,0.000,0.000,0.000,0.000,
GPU,0,57.444,35820079210,0,0,0.000,0.000,0.000,0.000,
GPU,0,57.444,35820079210,0,0,0.000,0.000,0.000,0.000,
GPU,0,57.444,35820079210,0,0,0.000,0.000,0.000,0.000,
GPU,0,57.444,35820079210,0,0,0.000,0.000,0.000,0.000,
GPU,0,57.444,35820079210,0,0,0.000,0.000,0.000,0.000,
GPU,0,57.444,35820079210,0,0,0.000,0.000,0.000,0.000,
GPU,0,57.444,35820079210,0,0,0.000,0.000,0.000,0.000,
GPU,0,57.444,35820079210,0,0,0.000,0.000,0.000,0.000,
GPU,0,57.444,35820079210,0,0,0.000,0.000,0.000,0.000,
GPU,0,57.444,35820079210,0,0,0.000,0.000,0.000,0.000,
GPU,0,57.444,35820079210,0,0,0.000,0.000,0.000,0.000,
GPU,0,57.444,35820079210,0,0,0.000,0.000,0.000,0.000,
GPU,0,57.444,35820079210,0,0,0.000,0.000,0.000,0.000,
GPU,0,57.444,35820079210,0,0,0.000,0.000,0.000,0.000,
GPU,0,57.444,35820079210,0,0,0.000,0.000,0.000,0.000,
GPU,0,57.444,35820079210,0,0,0.000,0.000,0.000,0.000,
GPU,0,57.444,35820079210,0,0,0.000,0.000,0.000,0.000,
GPU,0,57.444,35820079210,0,0,0.000,0.000,0.000,0.000,
GPU,0,57.444,35820079210,0,0,0.000,0.000,0.000,0.000,
GPU,0,57.444,35820079210,0,0,0.000,0.000,0.000,0.000,
GPU,0,57.444,35820079210,0,0,0.000,0.000,0.000,0.000,
GPU,0,57.444,35820079210,0,0,0.000,0.000,0.000,0.000,
GPU,0,57.444,35820079210,0,0,0.000,0.000,0.000,0.000,
GPU,0,57.444,35820084969,0,0,0.000,0.000,0.000,0.000,
GPU,0,57.444,35820084969,0,0,0.000,0.000,0.000,0.000,
GPU,0,57.444,35820084969,0,0,0.000,0.000,0.000,0.000,
GPU,0,57.444,35820084969,0,0,0.000,0.000,0.000,0.000,
GPU,0,57.444,35820084969,0,0,0.000,0.000,0.000,0.000,
GPU,0,57.444,35820084969,0,0,0.000,0.000,0.000,0.000,
GPU,0,57.444,35820084969,0,0,0.000,0.000,0.000,0.000,
GPU,0,57.444,35820084969,0,0,0.000,0.000,0.000,0.000,
GPU,0,57.444,35820084969,0,0,0.000,0.000,0.000,0.000,
GPU,0,57.444,35820084969,0,0,0.000,0.000,0.000,0.000,
GPU,0,57.444,35820084969,0,0,0.000,0.000,0.000,0.000,
GPU,0,57.444,35820084969,0,0,0.000,0.000,0.000,0.000,
GPU,0,57.444,35820084969,0,0,0.000,0.000,0.000,0.000,
GPU,0,57.444,35820084969,0,0,0.000,0.000,0.000,0.000,
GPU,0,57.444,35820084969,0,0,0.000,0.000,0.000,0.000,
GPU,0,57.444,35820084969,0,0,0.000,0.000,0.000,0.000,
GPU,0,57.444,35820084969,0,0,0.000,0.000,0.000,0.000,
GPU,0,57.444,35820084969,0,0,0.000,0.000,0.000,0.000,
GPU,0,57.444,35820084969,0,0,0.000,0.000,0.000,0.000,
GPU,0,57.444,35820084969,0,0,0.000,0.000,0.000,0.000,
GPU,0,57.444,35820084969,0,0,0.000,0.000,0.000,0.000,
GPU,0,57.444,35820084969,0,0,0.000,0.000,0.000,0.000,
GPU,0,57.444,35820084969,0,0,0.000,0.000,0.000,0.000,
GPU,0,57.444,35820084969,0,0,0.000,0.000,0.000,0.000,
GPU,0,57.444,35820084969,0,0,0.000,0.000,0.000,0.000,
GPU,0,57.444,35820084969,0,0,0.000,0.000,0.000,0.000,
GPU,0,57.444,35820084969,0,0,0.000,0.000,0.000,0.000,
GPU,0,57.444,35820084969,0,0,0.000,0.000,0.000,0.000,
GPU,0,57.444,35820084969,0,0,0.000,0.000,0.000,0.000,
GPU,0,57.444,35820084969,0,0,0.000,0.000,0.000,0.000,
GPU,0,57.444,35820084969,0,0,0.000,0.000,0.000,0.000,
GPU,0,57.266,35820084969,0,0,0.000,0.000,0.000,0.000,
GPU,0,57.266,35820084969,0,0,0.000,0.000,0.000,0.000,
GPU,0,57.266,35820084969,0,0,0.000,0.000,0.000,0.000,
GPU,0,57.266,35820084969,0,0,0.000,0.000,0.000,0.000,
GPU,0,57.266,35820084969,0,0,0.000,0.000,0.000,0.000,
GPU,0,57.266,35820084969,0,0,0.000,0.000,0.000,0.000,
GPU,0,57.266,35820084969,0,0,0.000,0.000,0.000,0.000,
GPU,0,57.266,35820084969,0,0,0.000,0.000,0.000,0.000,
GPU,0,57.266,35820084969,0,0,0.000,0.000,0.000,0.000,
GPU,0,57.266,35820084969,0,0,0.000,0.000,0.000,0.000,
GPU,0,57.266,35820084969,0,0,0.000,0.000,0.000,0.000,
GPU,0,57.266,35820084969,0,0,0.000,0.000,0.000,0.000,
GPU,0,57.266,35820084969,0,0,0.000,0.000,0.000,0.000,
GPU,0,57.266,35820084969,0,0,0.000,0.000,0.000,0.000,
GPU,0,57.266,35820084969,0,0,0.000,0.000,0.000,0.000,
GPU,0,57.266,35820084969,0,0,0.000,0.000,0.000,0.000,
GPU,0,57.266,35820084969,0,0,0.000,0.000,0.000,0.000,
GPU,0,57.266,35820084969,0,0,0.000,0.000,0.000,0.000,
GPU,0,57.266,35820084969,0,0,0.000,0.000,0.000,0.000,
GPU,0,57.266,35820084969,0,0,0.000,0.000,0.000,0.000,
GPU,0,57.266,35820084969,0,0,0.000,0.000,0.000,0.000,
GPU,0,57.266,35820084969,0,0,0.000,0.000,0.000,0.000,
GPU,0,57.266,35820084969,0,0,0.000,0.000,0.000,0.000,
GPU,0,57.266,35820084969,0,0,0.000,0.000,0.000,0.000,
GPU,0,57.266,35820084969,0,0,0.000,0.000,0.000,0.000,
GPU,0,57.266,35820084969,0,0,0.000,0.000,0.000,0.000,
GPU,0,57.266,35820084969,0,0,0.000,0.000,0.000,0.000,
GPU,0,57.266,35820084969,0,0,0.000,0.000,0.000,0.000,
GPU,0,57.266,35820084969,0,0,0.000,0.000,0.000,0.000,
GPU,0,57.266,35820084969,0,0,0.000,0.000,0.000,0.000,
GPU,0,57.266,35820084969,0,0,0.000,0.000,0.000,0.000,
GPU,0,57.266,35820084969,0,0,0.000,0.000,0.000,0.000,
GPU,0,57.266,35820084969,0,0,0.000,0.000,0.000,0.000,
GPU,0,57.266,35820084969,0,0,0.000,0.000,0.000,0.000,
GPU,0,57.266,35820084969,0,0,0.000,0.000,0.000,0.000,
GPU,0,57.266,35820084969,0,0,0.000,0.000,0.000,0.000,
GPU,0,57.266,35820084969,0,0,0.000,0.000,0.000,0.000,
GPU,0,57.266,35820090745,0,0,0.000,0.000,0.000,0.000,
GPU,0,57.266,35820090745,0,0,0.000,0.000,0.000,0.000,
GPU,0,57.266,35820090745,0,0,0.000,0.000,0.000,0.000,
GPU,0,57.266,35820090745,0,0,0.000,0.000,0.000,0.000,
GPU,0,57.266,35820090745,0,0,0.000,0.000,0.000,0.000,
GPU,0,57.266,35820090745,0,0,0.000,0.000,0.000,0.000,
GPU,0,57.266,35820090745,0,0,0.000,0.000,0.000,0.000,
GPU,0,57.266,35820090745,0,0,0.000,0.000,0.000,0.000,
GPU,0,57.266,35820090745,0,0,0.000,0.000,0.000,0.000,
GPU,0,57.266,35820090745,0,0,0.000,0.000,0.000,0.000,
GPU,0,57.266,35820090745,0,0,0.000,0.000,0.000,0.000,
GPU,0,57.266,35820090745,0,0,0.000,0.000,0.000,0.000,
GPU,0,57.266,35820090745,0,0,0.000,0.000,0.000,0.000,
GPU,0,57.266,35820090745,0,0,0.000,0.000,0.000,0.000,
GPU,0,57.266,35820090745,0,0,0.000,0.000,0.000,0.000,
GPU,0,57.266,35820090745,0,0,0.000,0.000,0.000,0.000,
GPU,0,57.266,35820090745,0,0,0.000,0.000,0.000,0.000,
GPU,0,57.266,35820090745,0,0,0.000,0.000,0.000,0.000,
GPU,0,57.266,35820090745,0,0,0.000,0.000,0.000,0.000,
GPU,0,57.266,35820090745,0,0,0.000,0.000,0.000,0.000,
GPU,0,57.266,35820090745,0,0,0.000,0.000,0.000,0.000,
GPU,0,57.266,35820090745,0,0,0.000,0.000,0.000,0.000,
GPU,0,57.266,35820090745,0,0,0.000,0.000,0.000,0.000,
GPU,0,57.266,35820090745,0,0,0.000,0.000,0.000,0.000,
GPU,0,57.266,35820090745,0,0,0.000,0.000,0.000,0.000,
GPU,0,57.266,35820090745,0,0,0.000,0.000,0.000,0.000,
GPU,0,57.266,35820090745,0,0,0.000,0.000,0.000,0.000,
GPU,0,57.266,35820090745,0,0,0.000,0.000,0.000,0.000,
GPU,0,57.266,35820090745,0,0,0.000,0.000,0.000,0.000,
GPU,0,57.266,35820090745,0,0,0.000,0.000,0.000,0.000,
GPU,0,57.266,35820090745,0,0,0.000,0.000,0.000,0.000,
GPU,0,57.266,35820090745,0,0,0.000,0.000,0.000,0.000,
GPU,0,57.266,35820090745,0,0,0.000,0.000,0.000,0.000,
GPU,0,57.266,35820090745,0,0,0.000,0.000,0.000,0.000,
GPU,0,57.266,35820090745,0,0,0.000,0.000,0.000,0.000,
GPU,0,57.266,35820090745,0,0,0.000,0.000,0.000,0.000,
GPU,0,57.266,35820090745,0,0,0.000,0.000,0.000,0.000,
GPU,0,57.266,35820090745,0,0,0.000,0.000,0.000,0.000,
GPU,0,57.266,35820090745,0,0,0.000,0.000,0.000,0.000,
GPU,0,57.266,35820090745,0,0,0.000,0.000,0.000,0.000,
GPU,0,57.266,35820090745,0,0,0.000,0.000,0.000,0.000,
GPU,0,57.266,35820090745,0,0,0.000,0.000,0.000,0.000,
GPU,0,57.266,35820090745,0,0,0.000,0.000,0.000,0.000,
GPU,0,57.266,35820090745,0,0,0.000,0.000,0.000,0.000,
GPU,0,57.266,35820090745,0,0,0.000,0.000,0.000,0.000,
GPU,0,57.266,35820090745,0,0,0.000,0.000,0.000,0.000,
GPU,0,57.266,35820090745,0,0,0.000,0.000,0.000,0.000,
GPU,0,57.266,35820090745,0,0,0.000,0.000,0.000,0.000,
GPU,0,57.266,35820090745,0,0,0.000,0.000,0.000,0.000,
GPU,0,57.266,35820090745,0,0,0.000,0.000,0.000,0.000,
GPU,0,57.266,35820090745,0,0,0.000,0.000,0.000,0.000,
GPU,0,57.266,35820090745,0,0,0.000,0.000,0.000,0.000,
GPU,0,57.266,35820090745,0,0,0.000,0.000,0.000,0.000,
GPU,0,57.266,35820090745,0,0,0.000,0.000,0.000,0.000,
GPU,0,57.266,35820090745,0,0,0.000,0.000,0.000,0.000,
GPU,0,57.266,35820090745,0,0,0.000,0.000,0.000,0.000,
GPU,0,57.266,35820090745,0,0,0.000,0.000,0.000,0.000,
GPU,0,57.266,35820090745,0,0,0.000,0.000,0.000,0.000,
GPU,0,57.266,35820090745,0,0,0.000,0.000,0.000,0.000,
GPU,0,57.266,35820090745,0,0,0.000,0.000,0.000,0.000,
GPU,0,57.266,35820090745,0,0,0.000,0.000,0.000,0.000,
GPU,0,57.266,35820090745,0,0,0.000,0.000,0.000,0.000,
GPU,0,57.266,35820090745,0,0,0.000,0.000,0.000,0.000,
GPU,0,57.266,35820090745,0,0,0.000,0.000,0.000,0.000,
GPU,0,57.266,35820090745,0,0,0.000,0.000,0.000,0.000,
GPU,0,57.266,35820090745,0,0,0.000,0.000,0.000,0.000,
GPU,0,57.266,35820090745,0,0,0.000,0.000,0.000,0.000,
GPU,0,57.266,35820090745,0,0,0.000,0.000,0.000,0.000,
GPU,0,57.266,35820090745,0,0,0.000,0.000,0.000,0.000,
GPU,0,57.266,35820090745,0,0,0.000,0.000,0.000,0.000,
GPU,0,57.266,35820090745,0,0,0.000,0.000,0.000,0.000,
GPU,0,57.266,35820096550,0,0,0.000,0.000,0.000,0.000,
GPU,0,57.266,35820096550,0,0,0.000,0.000,0.000,0.000,
GPU,0,57.266,35820096550,0,0,0.000,0.000,0.000,0.000,
GPU,0,57.266,35820096550,0,0,0.000,0.000,0.000,0.000,
GPU,0,57.266,35820096550,0,0,0.000,0.000,0.000,0.000,
GPU,0,57.266,35820096550,0,0,0.000,0.000,0.000,0.000,
GPU,0,57.266,35820096550,0,0,0.000,0.000,0.000,0.000,
GPU,0,57.266,35820096550,0,0,0.000,0.000,0.000,0.000,
GPU,0,57.266,35820096550,0,0,0.000,0.000,0.000,0.000,
GPU,0,57.266,35820096550,0,0,0.000,0.000,0.000,0.000,
GPU,0,57.266,35820096550,0,0,0.000,0.000,0.000,0.000,
GPU,0,57.266,35820096550,0,0,0.000,0.000,0.000,0.000,
GPU,0,57.266,35820096550,0,0,0.000,0.000,0.000,0.000,
GPU,0,57.266,35820096550,0,0,0.000,0.000,0.000,0.000,
GPU,0,57.266,35820096550,0,0,0.000,0.000,0.000,0.000,
GPU,0,57.266,35820096550,0,0,0.000,0.000,0.000,0.000,
GPU,0,57.266,35820096550,0,0,0.000,0.000,0.000,0.000,
GPU,0,57.266,35820096550,0,0,0.000,0.000,0.000,0.000,
GPU,0,57.266,35820096550,0,0,0.000,0.000,0.000,0.000,
GPU,0,57.266,35820096550,0,0,0.000,0.000,0.000,0.000,
GPU,0,57.266,35820096550,0,0,0.000,0.000,0.000,0.000,
GPU,0,57.266,35820096550,0,0,0.000,0.000,0.000,0.000,
GPU,0,57.266,35820096550,0,0,0.000,0.000,0.000,0.000,
GPU,0,57.266,35820096550,0,0,0.000,0.000,0.000,0.000,
GPU,0,57.266,35820096550,0,0,0.000,0.000,0.000,0.000,
GPU,0,57.266,35820096550,0,0,0.000,0.000,0.000,0.000,
GPU,0,57.200,35820096550,0,0,0.000,0.000,0.000,0.000,
GPU,0,57.200,35820096550,0,0,0.000,0.000,0.000,0.000,
GPU,0,57.200,35820096550,0,0,0.000,0.000,0.000,0.000,
GPU,0,57.200,35820096550,0,0,0.000,0.000,0.000,0.000,
GPU,0,57.200,35820096550,0,0,0.000,0.000,0.000,0.000,
GPU,0,57.200,35820096550,0,0,0.000,0.000,0.000,0.000,
GPU,0,57.200,35820096550,0,0,0.000,0.000,0.000,0.000,
GPU,0,57.200,35820096550,0,0,0.000,0.000,0.000,0.000,
GPU,0,57.200,35820096550,0,0,0.000,0.000,0.000,0.000,
GPU,0,57.200,35820096550,0,0,0.000,0.000,0.000,0.000,
GPU,0,57.200,35820096550,0,0,0.000,0.000,0.000,0.000,
GPU,0,57.200,35820096550,0,0,0.000,0.000,0.000,0.000,
GPU,0,57.200,35820096550,0,0,0.000,0.000,0.000,0.000,
GPU,0,57.200,35820096550,0,0,0.000,0.000,0.000,0.000,
GPU,0,57.200,35820096550,0,0,0.000,0.000,0.000,0.000,
GPU,0,57.200,35820096550,0,0,0.000,0.000,0.000,0.000,
GPU,0,57.200,35820096550,0,0,0.000,0.000,0.000,0.000,
GPU,0,57.200,35820096550,0,0,0.000,0.000,0.000,0.000,
GPU,0,57.200,35820096550,0,0,0.000,0.000,0.000,0.000,
GPU,0,57.200,35820096550,0,0,0.000,0.000,0.000,0.000,
GPU,0,57.200,35820096550,0,0,0.000,0.000,0.000,0.000,
GPU,0,57.200,35820096550,0,0,0.000,0.000,0.000,0.000,
GPU,0,57.200,35820096550,0,0,0.000,0.000,0.000,0.000,
GPU,0,57.200,35820096550,0,0,0.000,0.000,0.000,0.000,
GPU,0,57.200,35820096550,0,0,0.000,0.000,0.000,0.000,
GPU,0,57.200,35820096550,0,0,0.000,0.000,0.000,0.000,
GPU,0,57.200,35820096550,0,0,0.000,0.000,0.000,0.000,
GPU,0,57.200,35820096550,0,0,0.000,0.000,0.000,0.000,
GPU,0,57.200,35820096550,0,0,0.000,0.000,0.000,0.000,
GPU,0,57.200,35820096550,0,0,0.000,0.000,0.000,0.000,
GPU,0,57.200,35820096550,0,0,0.000,0.000,0.000,0.000,
GPU,0,57.200,35820096550,0,0,0.000,0.000,0.000,0.000,
GPU,0,57.200,35820096550,0,0,0.000,0.000,0.000,0.000,
GPU,0,57.200,35820096550,0,0,0.000,0.000,0.000,0.000,
GPU,0,57.200,35820096550,0,0,0.000,0.000,0.000,0.000,
GPU,0,57.200,35820096550,0,0,0.000,0.000,0.000,0.000,
GPU,0,57.200,35820096550,0,0,0.000,0.000,0.000,0.000,
GPU,0,57.200,35820096550,0,0,0.000,0.000,0.000,0.000,
GPU,0,57.200,35820096550,0,0,0.000,0.000,0.000,0.000,
GPU,0,57.200,35820096550,0,0,0.000,0.000,0.000,0.000,
GPU,0,57.200,35820096550,0,0,0.000,0.000,0.000,0.000,
GPU,0,57.200,35820102271,0,0,0.000,0.000,0.000,0.000,
GPU,0,57.200,35820102271,0,0,0.000,0.000,0.000,0.000,
GPU,0,57.200,35820102271,0,0,0.000,0.000,0.000,0.000,
GPU,0,57.200,35820102271,0,0,0.000,0.000,0.000,0.000,
GPU,0,57.200,35820102271,0,0,0.000,0.000,0.000,0.000,
GPU,0,57.200,35820102271,0,0,0.000,0.000,0.000,0.000,
GPU,0,57.200,35820102271,0,0,0.000,0.000,0.000,0.000,
GPU,0,57.200,35820102271,0,0,0.000,0.000,0.000,0.000,
GPU,0,57.200,35820102271,0,0,0.000,0.000,0.000,0.000,
GPU,0,57.200,35820102271,0,0,0.000,0.000,0.000,0.000,
GPU,0,57.200,35820102271,0,0,0.000,0.000,0.000,0.000,
GPU,0,57.200,35820102271,0,0,0.000,0.000,0.000,0.000,
GPU,0,57.200,35820102271,0,0,0.000,0.000,0.000,0.000,
GPU,0,57.200,35820102271,0,0,0.000,0.000,0.000,0.000,
GPU,0,57.200,35820102271,0,0,0.000,0.000,0.000,0.000,
GPU,0,57.200,35820102271,0,0,0.000,0.000,0.000,0.000,
GPU,0,57.200,35820102271,0,0,0.000,0.000,0.000,0.000,
GPU,0,57.200,35820102271,0,0,0.000,0.000,0.000,0.000,
GPU,0,57.200,35820102271,0,0,0.000,0.000,0.000,0.000,
GPU,0,57.200,35820102271,0,0,0.000,0.000,0.000,0.000,
GPU,0,57.200,35820102271,0,0,0.000,0.000,0.000,0.000,
GPU,0,57.200,35820102271,0,0,0.000,0.000,0.000,0.000,
GPU,0,57.200,35820102271,0,0,0.000,0.000,0.000,0.000,
GPU,0,57.200,35820102271,0,0,0.000,0.000,0.000,0.000,
GPU,0,57.200,35820102271,0,0,0.000,0.000,0.000,0.000,
GPU,0,57.200,35820102271,0,0,0.000,0.000,0.000,0.000,
GPU,0,57.266,35820102271,0,0,0.000,0.000,0.000,0.000,
GPU,0,57.266,35820102271,0,0,0.000,0.000,0.000,0.000,
GPU,0,57.266,35820102271,0,0,0.000,0.000,0.000,0.000,
GPU,0,57.266,35820102271,0,0,0.000,0.000,0.000,0.000,
GPU,0,57.266,35820102271,0,0,0.000,0.000,0.000,0.000,
GPU,0,57.266,35820102271,0,0,0.000,0.000,0.000,0.000,
GPU,0,57.266,35820102271,0,0,0.000,0.000,0.000,0.000,
GPU,0,57.266,35820102271,0,0,0.000,0.000,0.000,0.000,
GPU,0,57.266,35820102271,0,0,0.000,0.000,0.000,0.000,
GPU,0,57.266,35820102271,0,0,0.000,0.000,0.000,0.000,
GPU,0,57.266,35820102271,0,0,0.000,0.000,0.000,0.000,
GPU,0,57.266,35820102271,0,0,0.000,0.000,0.000,0.000,
GPU,0,57.266,35820102271,0,0,0.000,0.000,0.000,0.000,
GPU,0,57.266,35820102271,0,0,0.000,0.000,0.000,0.000,
GPU,0,57.266,35820102271,0,0,0.000,0.000,0.000,0.000,
GPU,0,57.266,35820102271,0,0,0.000,0.000,0.000,0.000,
GPU,0,57.266,35820102271,0,0,0.000,0.000,0.000,0.000,
GPU,0,57.266,35820102271,0,0,0.000,0.000,0.000,0.000,
GPU,0,57.266,35820102271,0,0,0.000,0.000,0.000,0.000,
GPU,0,57.266,35820102271,0,0,0.000,0.000,0.000,0.000,
GPU,0,57.266,35820102271,0,0,0.000,0.000,0.000,0.000,
GPU,0,57.266,35820102271,0,0,0.000,0.000,0.000,0.000,
GPU,0,57.266,35820102271,0,0,0.000,0.000,0.000,0.000,
GPU,0,57.266,35820102271,0,0,0.000,0.000,0.000,0.000,
GPU,0,57.266,35820102271,0,0,0.000,0.000,0.000,0.000,
GPU,0,57.266,35820102271,0,0,0.000,0.000,0.000,0.000,
GPU,0,57.266,35820102271,0,0,0.000,0.000,0.000,0.000,
GPU,0,57.266,35820102271,0,0,0.000,0.000,0.000,0.000,
GPU,0,57.266,35820102271,0,0,0.000,0.000,0.000,0.000,
GPU,0,57.266,35820102271,0,0,0.000,0.000,0.000,0.000,
GPU,0,57.266,35820102271,0,0,0.000,0.000,0.000,0.000,
GPU,0,57.266,35820102271,0,0,0.000,0.000,0.000,0.000,
GPU,0,57.266,35820102271,0,0,0.000,0.000,0.000,0.000,
GPU,0,57.266,35820102271,0,0,0.000,0.000,0.000,0.000,
GPU,0,57.266,35820102271,0,0,0.000,0.000,0.000,0.000,
GPU,0,57.266,35820102271,0,0,0.000,0.000,0.000,0.000,
GPU,0,57.266,35820102271,0,0,0.000,0.000,0.000,0.000,
GPU,0,57.266,35820102271,0,0,0.000,0.000,0.000,0.000,
GPU,0,57.266,35820102271,0,0,0.000,0.000,0.000,0.000,
GPU,0,57.266,35820102271,0,0,0.000,0.000,0.000,0.000,
GPU,0,57.266,35820108032,0,0,0.000,0.000,0.000,0.000,
GPU,0,57.266,35820108032,0,0,0.000,0.000,0.000,0.000,
GPU,0,57.266,35820108032,0,0,0.000,0.000,0.000,0.000,
GPU,0,57.266,35820108032,0,0,0.000,0.000,0.000,0.000,
GPU,0,57.266,35820108032,0,0,0.000,0.000,0.000,0.000,
GPU,0,57.266,35820108032,0,0,0.000,0.000,0.000,0.000,
GPU,0,57.266,35820108032,0,0,0.000,0.000,0.000,0.000,
GPU,0,57.266,35820108032,0,0,0.000,0.000,0.000,0.000,
GPU,0,57.266,35820108032,0,0,0.000,0.000,0.000,0.000,
GPU,0,57.266,35820108032,0,0,0.000,0.000,0.000,0.000,
GPU,0,57.266,35820108032,0,0,0.000,0.000,0.000,0.000,
GPU,0,57.266,35820108032,0,0,0.000,0.000,0.000,0.000,
GPU,0,57.266,35820108032,0,0,0.000,0.000,0.000,0.000,
GPU,0,57.266,35820108032,0,0,0.000,0.000,0.000,0.000,
GPU,0,57.266,35820108032,0,0,0.000,0.000,0.000,0.000,
GPU,0,57.266,35820108032,0,0,0.000,0.000,0.000,0.000,
GPU,0,57.266,35820108032,0,0,0.000,0.000,0.000,0.000,
GPU,0,57.266,35820108032,0,0,0.000,0.000,0.000,0.000,
GPU,0,57.266,35820108032,0,0,0.000,0.000,0.000,0.000,
GPU,0,57.266,35820108032,0,0,0.000,0.000,0.000,0.000,
GPU,0,57.266,35820108032,0,0,0.000,0.000,0.000,0.000,
GPU,0,57.266,35820108032,0,0,0.000,0.000,0.000,0.000,
GPU,0,57.266,35820108032,0,0,0.000,0.000,0.000,0.000,
GPU,0,57.266,35820108032,0,0,0.000,0.000,0.000,0.000,
GPU,0,57.266,35820108032,0,0,0.000,0.000,0.000,0.000,
GPU,0,57.266,35820108032,0,0,0.000,0.000,0.000,0.000,
GPU,0,57.266,35820108032,0,0,0.000,0.000,0.000,0.000,
GPU,0,57.266,35820108032,0,0,0.000,0.000,0.000,0.000,
GPU,0,57.266,35820108032,0,0,0.000,0.000,0.000,0.000,
GPU,0,57.266,35820108032,0,0,0.000,0.000,0.000,0.000,
GPU,0,57.266,35820108032,0,0,0.000,0.000,0.000,0.000,
GPU,0,57.200,35820108032,0,0,0.000,0.000,0.000,0.000,
GPU,0,57.200,35820108032,0,0,0.000,0.000,0.000,0.000,
GPU,0,57.200,35820108032,0,0,0.000,0.000,0.000,0.000,
GPU,0,57.200,35820108032,0,0,0.000,0.000,0.000,0.000,
GPU,0,57.200,35820108032,0,0,0.000,0.000,0.000,0.000,
GPU,0,57.200,35820108032,0,0,0.000,0.000,0.000,0.000,
GPU,0,57.200,35820108032,0,0,0.000,0.000,0.000,0.000,
GPU,0,57.200,35820108032,0,0,0.000,0.000,0.000,0.000,
GPU,0,57.200,35820108032,0,0,0.000,0.000,0.000,0.000,
GPU,0,57.200,35820108032,0,0,0.000,0.000,0.000,0.000,
GPU,0,57.200,35820108032,0,0,0.000,0.000,0.000,0.000,
GPU,0,57.200,35820108032,0,0,0.000,0.000,0.000,0.000,
GPU,0,57.200,35820108032,0,0,0.000,0.000,0.000,0.000,
GPU,0,57.200,35820108032,0,0,0.000,0.000,0.000,0.000,
GPU,0,57.200,35820108032,0,0,0.000,0.000,0.000,0.000,
GPU,0,57.200,35820108032,0,0,0.000,0.000,0.000,0.000,
GPU,0,57.200,35820108032,0,0,0.000,0.000,0.000,0.000,
GPU,0,57.200,35820108032,0,0,0.000,0.000,0.000,0.000,
GPU,0,57.200,35820108032,0,0,0.000,0.000,0.000,0.000,
GPU,0,57.200,35820108032,0,0,0.000,0.000,0.000,0.000,
GPU,0,57.200,35820108032,0,0,0.000,0.000,0.000,0.000,
GPU,0,57.200,35820108032,0,0,0.000,0.000,0.000,0.000,
GPU,0,57.200,35820108032,0,0,0.000,0.000,0.000,0.000,
GPU,0,57.200,35820108032,0,0,0.000,0.000,0.000,0.000,
GPU,0,57.200,35820108032,0,0,0.000,0.000,0.000,0.000,
GPU,0,57.200,35820108032,0,0,0.000,0.000,0.000,0.000,
GPU,0,57.200,35820108032,0,0,0.000,0.000,0.000,0.000,
GPU,0,57.200,35820108032,0,0,0.000,0.000,0.000,0.000,
GPU,0,57.200,35820108032,0,0,0.000,0.000,0.000,0.000,
GPU,0,57.200,35820108032,0,0,0.000,0.000,0.000,0.000,
GPU,0,57.200,35820108032,0,0,0.000,0.000,0.000,0.000,
GPU,0,57.200,35820108032,0,0,0.000,0.000,0.000,0.000,
GPU,0,57.200,35820108032,0,0,0.000,0.000,0.000,0.000,
GPU,0,57.200,35820108032,0,0,0.000,0.000,0.000,0.000,
GPU,0,57.200,35820108032,0,0,0.000,0.000,0.000,0.000,
GPU,0,57.200,35820108032,0,0,0.000,0.000,0.000,0.000,
GPU,0,57.200,35820113816,0,0,0.000,0.000,0.000,0.000,
GPU,0,57.200,35820113816,0,0,0.000,0.000,0.000,0.000,
GPU,0,57.200,35820113816,0,0,0.000,0.000,0.000,0.000,
GPU,0,57.200,35820113816,0,0,0.000,0.000,0.000,0.000,
GPU,0,57.200,35820113816,0,0,0.000,0.000,0.000,0.000,
GPU,0,57.200,35820113816,0,0,0.000,0.000,0.000,0.000,
GPU,0,57.200,35820113816,0,0,0.000,0.000,0.000,0.000,
GPU,0,57.200,35820113816,0,0,0.000,0.000,0.000,0.000,
GPU,0,57.200,35820113816,0,0,0.000,0.000,0.000,0.000,
GPU,0,57.200,35820113816,0,0,0.000,0.000,0.000,0.000,
GPU,0,57.200,35820113816,0,0,0.000,0.000,0.000,0.000,
GPU,0,57.200,35820113816,0,0,0.000,0.000,0.000,0.000,
GPU,0,57.200,35820113816,0,0,0.000,0.000,0.000,0.000,
GPU,0,57.200,35820113816,0,0,0.000,0.000,0.000,0.000,
GPU,0,57.200,35820113816,0,0,0.000,0.000,0.000,0.000,
GPU,0,57.200,35820113816,0,0,0.000,0.000,0.000,0.000,
GPU,0,57.200,35820113816,0,0,0.000,0.000,0.000,0.000,
GPU,0,57.200,35820113816,0,0,0.000,0.000,0.000,0.000,
GPU,0,57.200,35820113816,0,0,0.000,0.000,0.000,0.000,
GPU,0,57.200,35820113816,0,0,0.000,0.000,0.000,0.000,
GPU,0,57.200,35820113816,0,0,0.000,0.000,0.000,0.000,
GPU,0,57.200,35820113816,0,0,0.000,0.000,0.000,0.000,
GPU,0,57.200,35820113816,0,0,0.000,0.000,0.000,0.000,
GPU,0,57.200,35820113816,0,0,0.000,0.000,0.000,0.000,
GPU,0,57.200,35820113816,0,0,0.000,0.000,0.000,0.000,
GPU,0,57.200,35820113816,0,0,0.000,0.000,0.000,0.000,
GPU,0,57.200,35820113816,0,0,0.000,0.000,0.000,0.000,
GPU,0,57.200,35820113816,0,0,0.000,0.000,0.000,0.000,
GPU,0,57.200,35820113816,0,0,0.000,0.000,0.000,0.000,
GPU,0,57.200,35820113816,0,0,0.000,0.000,0.000,0.000,
GPU,0,57.200,35820113816,0,0,0.000,0.000,0.000,0.000,
GPU,0,57.200,35820113816,0,0,0.000,0.000,0.000,0.000,
GPU,0,57.200,35820113816,0,0,0.000,0.000,0.000,0.000,
GPU,0,57.200,35820113816,0,0,0.000,0.000,0.000,0.000,
GPU,0,57.200,35820113816,0,0,0.000,0.000,0.000,0.000,
GPU,0,57.200,35820113816,0,0,0.000,0.000,0.000,0.000,
GPU,0,57.200,35820113816,0,0,0.000,0.000,0.000,0.000,
GPU,0,57.200,35820113816,0,0,0.000,0.000,0.000,0.000,
GPU,0,57.200,35820113816,0,0,0.000,0.000,0.000,0.000,
GPU,0,57.200,35820113816,0,0,0.000,0.000,0.000,0.000,
GPU,0,57.200,35820113816,0,0,0.000,0.000,0.000,0.000,
GPU,0,57.200,35820113816,0,0,0.000,0.000,0.000,0.000,
GPU,0,57.200,35820113816,0,0,0.000,0.000,0.000,0.000,
GPU,0,57.200,35820113816,0,0,0.000,0.000,0.000,0.000,
GPU,0,57.200,35820113816,0,0,0.000,0.000,0.000,0.000,
GPU,0,57.200,35820113816,0,0,0.000,0.000,0.000,0.000,
GPU,0,57.200,35820113816,0,0,0.000,0.000,0.000,0.000,
GPU,0,57.200,35820113816,0,0,0.000,0.000,0.000,0.000,
GPU,0,57.200,35820113816,0,0,0.000,0.000,0.000,0.000,
GPU,0,57.200,35820113816,0,0,0.000,0.000,0.000,0.000,
GPU,0,57.200,35820113816,0,0,0.000,0.000,0.000,0.000,
GPU,0,57.200,35820113816,0,0,0.000,0.000,0.000,0.000,
GPU,0,57.200,35820113816,0,0,0.000,0.000,0.000,0.000,
GPU,0,57.200,35820113816,0,0,0.000,0.000,0.000,0.000,
GPU,0,57.200,35820113816,0,0,0.000,0.000,0.000,0.000,
GPU,0,57.200,35820113816,0,0,0.000,0.000,0.000,0.000,
GPU,0,57.200,35820113816,0,0,0.000,0.000,0.000,0.000,
GPU,0,57.200,35820113816,0,0,0.000,0.000,0.000,0.000,
GPU,0,57.200,35820113816,0,0,0.000,0.000,0.000,0.000,
GPU,0,57.200,35820113816,0,0,0.000,0.000,0.000,0.000,
GPU,0,57.200,35820113816,0,0,0.000,0.000,0.000,0.000,
GPU,0,57.200,35820113816,0,0,0.000,0.000,0.000,0.000,
GPU,0,57.200,35820113816,0,0,0.000,0.000,0.000,0.000,
GPU,0,57.200,35820113816,0,0,0.000,0.000,0.000,0.000,
GPU,0,57.200,35820113816,0,0,0.000,0.000,0.000,0.000,
GPU,0,57.200,35820113816,0,0,0.000,0.000,0.000,0.000,
GPU,0,57.200,35820113816,0,0,0.000,0.000,0.000,0.000,
GPU,0,57.200,35820113816,0,0,0.000,0.000,0.000,0.000,
GPU,0,57.200,35820113816,0,0,0.000,0.000,0.000,0.000,
GPU,0,57.200,35820113816,0,0,0.000,0.000,0.000,0.000,
GPU,0,57.200,35820113816,0,0,0.000,0.000,0.000,0.000,
GPU,0,57.200,35820119636,0,0,0.000,0.000,0.000,0.000,
GPU,0,57.200,35820119636,0,0,0.000,0.000,0.000,0.000,
GPU,0,57.200,35820119636,0,0,0.000,0.000,0.000,0.000,
GPU,0,57.200,35820119636,0,0,0.000,0.000,0.000,0.000,
GPU,0,57.200,35820119636,0,0,0.000,0.000,0.000,0.000,
GPU,0,57.200,35820119636,0,0,0.000,0.000,0.000,0.000,
GPU,0,57.200,35820119636,0,0,0.000,0.000,0.000,0.000,
GPU,0,57.200,35820119636,0,0,0.000,0.000,0.000,0.000,
GPU,0,57.200,35820119636,0,0,0.000,0.000,0.000,0.000,
GPU,0,57.200,35820119636,0,0,0.000,0.000,0.000,0.000,
GPU,0,57.200,35820119636,0,0,0.000,0.000,0.000,0.000,
GPU,0,57.200,35820119636,0,0,0.000,0.000,0.000,0.000,
GPU,0,57.200,35820119636,0,0,0.000,0.000,0.000,0.000,
GPU,0,57.200,35820119636,0,0,0.000,0.000,0.000,0.000,
GPU,0,57.200,35820119636,0,0,0.000,0.000,0.000,0.000,
GPU,0,57.200,35820119636,0,0,0.000,0.000,0.000,0.000,
GPU,0,57.200,35820119636,0,0,0.000,0.000,0.000,0.000,
GPU,0,57.200,35820119636,0,0,0.000,0.000,0.000,0.000,
GPU,0,57.200,35820119636,0,0,0.000,0.000,0.000,0.000,
GPU,0,57.200,35820119636,0,0,0.000,0.000,0.000,0.000,
GPU,0,57.200,35820119636,0,0,0.000,0.000,0.000,0.000,
GPU,0,57.200,35820119636,0,0,0.000,0.000,0.000,0.000,
GPU,0,57.200,35820119636,0,0,0.000,0.000,0.000,0.000,
GPU,0,57.200,35820119636,0,0,0.000,0.000,0.000,0.000,
GPU,0,57.200,35820119636,0,0,0.000,0.000,0.000,0.000,
GPU,0,57.200,35820119636,0,0,0.000,0.000,0.000,0.000,
GPU,0,57.200,35820119636,0,0,0.000,0.000,0.000,0.000,
GPU,0,57.510,35820119636,0,0,0.000,0.000,0.000,0.000,
GPU,0,57.510,35820119636,0,0,0.000,0.000,0.000,0.000,
GPU,0,57.510,35820119636,0,0,0.000,0.000,0.000,0.000,
GPU,0,57.510,35820119636,0,0,0.000,0.000,0.000,0.000,
GPU,0,57.510,35820119636,0,0,0.000,0.000,0.000,0.000,
GPU,0,57.510,35820119636,0,0,0.000,0.000,0.000,0.000,
GPU,0,57.510,35820119636,0,0,0.000,0.000,0.000,0.000,
GPU,0,57.510,35820119636,0,0,0.000,0.000,0.000,0.000,
GPU,0,57.510,35820119636,0,0,0.000,0.000,0.000,0.000,
GPU,0,57.510,35820119636,0,0,0.000,0.000,0.000,0.000,
GPU,0,57.510,35820119636,0,0,0.000,0.000,0.000,0.000,
GPU,0,57.510,35820119636,0,0,0.000,0.000,0.000,0.000,
GPU,0,57.510,35820119636,0,0,0.000,0.000,0.000,0.000,
GPU,0,57.510,35820119636,0,0,0.000,0.000,0.000,0.000,
GPU,0,57.510,35820119636,0,0,0.000,0.000,0.000,0.000,
GPU,0,57.510,35820119636,0,0,0.000,0.000,0.000,0.000,
GPU,0,57.510,35820119636,0,0,0.000,0.000,0.000,0.000,
GPU,0,57.510,35820119636,0,0,0.000,0.000,0.000,0.000,
GPU,0,57.510,35820119636,0,0,0.000,0.000,0.000,0.000,
GPU,0,57.510,35820119636,0,0,0.000,0.000,0.000,0.000,
GPU,0,57.510,35820119636,0,0,0.000,0.000,0.000,0.000,
GPU,0,57.510,35820119636,0,0,0.000,0.000,0.000,0.000,
GPU,0,57.510,35820119636,0,0,0.000,0.000,0.000,0.000,
GPU,0,57.510,35820119636,0,0,0.000,0.000,0.000,0.000,
GPU,0,57.510,35820119636,0,0,0.000,0.000,0.000,0.000,
GPU,0,57.510,35820119636,0,0,0.000,0.000,0.000,0.000,
GPU,0,57.510,35820119636,0,0,0.000,0.000,0.000,0.000,
GPU,0,57.510,35820119636,0,0,0.000,0.000,0.000,0.000,
GPU,0,57.510,35820119636,0,0,0.000,0.000,0.000,0.000,
GPU,0,57.510,35820119636,0,0,0.000,0.000,0.000,0.000,
GPU,0,57.510,35820119636,0,0,0.000,0.000,0.000,0.000,
GPU,0,57.510,35820119636,0,0,0.000,0.000,0.000,0.000,
GPU,0,57.510,35820119636,0,0,0.000,0.000,0.000,0.000,
GPU,0,57.510,35820119636,0,0,0.000,0.000,0.000,0.000,
GPU,0,57.510,35820119636,0,0,0.000,0.000,0.000,0.000,
GPU,0,57.510,35820119636,0,0,0.000,0.000,0.000,0.000,
GPU,0,57.510,35820119636,0,0,0.000,0.000,0.000,0.000,
GPU,0,57.510,35820119636,0,0,0.000,0.000,0.000,0.000,
GPU,0,57.510,35820125377,0,0,0.000,0.000,0.000,0.000,
GPU,0,57.510,35820125377,0,0,0.000,0.000,0.000,0.000,
GPU,0,57.510,35820125377,0,0,0.000,0.000,0.000,0.000,
GPU,0,57.510,35820125377,0,0,0.000,0.000,0.000,0.000,
GPU,0,57.510,35820125377,0,0,0.000,0.000,0.000,0.000,
GPU,0,57.510,35820125377,0,0,0.000,0.000,0.000,0.000,
GPU,0,57.510,35820125377,0,0,0.000,0.000,0.000,0.000,
GPU,0,57.510,35820125377,0,0,0.000,0.000,0.000,0.000,
GPU,0,57.510,35820125377,0,0,0.000,0.000,0.000,0.000,
GPU,0,57.510,35820125377,0,0,0.000,0.000,0.000,0.000,
GPU,0,57.510,35820125377,0,0,0.000,0.000,0.000,0.000,
GPU,0,57.510,35820125377,0,0,0.000,0.000,0.000,0.000,
GPU,0,57.510,35820125377,0,0,0.000,0.000,0.000,0.000,
GPU,0,57.510,35820125377,0,0,0.000,0.000,0.000,0.000,
GPU,0,57.510,35820125377,0,0,0.000,0.000,0.000,0.000,
GPU,0,57.510,35820125377,0,0,0.000,0.000,0.000,0.000,
GPU,0,57.510,35820125377,0,0,0.000,0.000,0.000,0.000,
GPU,0,57.510,35820125377,0,0,0.000,0.000,0.000,0.000,
GPU,0,57.510,35820125377,0,0,0.000,0.000,0.000,0.000,
GPU,0,57.510,35820125377,0,0,0.000,0.000,0.000,0.000,
GPU,0,57.510,35820125377,0,0,0.000,0.000,0.000,0.000,
GPU,0,57.510,35820125377,0,0,0.000,0.000,0.000,0.000,
GPU,0,57.510,35820125377,0,0,0.000,0.000,0.000,0.000,
GPU,0,57.510,35820125377,0,0,0.000,0.000,0.000,0.000,
GPU,0,57.510,35820125377,0,0,0.000,0.000,0.000,0.000,
GPU,0,57.510,35820125377,0,0,0.000,0.000,0.000,0.000,
GPU,0,57.510,35820125377,0,0,0.000,0.000,0.000,0.000,
GPU,0,57.510,35820125377,0,0,0.000,0.000,0.000,0.000,
GPU,0,57.510,35820125377,0,0,0.000,0.000,0.000,0.000,
GPU,0,57.510,35820125377,0,0,0.000,0.000,0.000,0.000,
GPU,0,57.200,35820125377,0,0,0.000,0.000,0.000,0.000,
GPU,0,57.200,35820125377,0,0,0.000,0.000,0.000,0.000,
GPU,0,57.200,35820125377,0,0,0.000,0.000,0.000,0.000,
GPU,0,57.200,35820125377,0,0,0.000,0.000,0.000,0.000,
GPU,0,57.200,35820125377,0,0,0.000,0.000,0.000,0.000,
GPU,0,57.200,35820125377,0,0,0.000,0.000,0.000,0.000,
GPU,0,57.200,35820125377,0,0,0.000,0.000,0.000,0.000,
GPU,0,57.200,35820125377,0,0,0.000,0.000,0.000,0.000,
GPU,0,57.200,35820125377,0,0,0.000,0.000,0.000,0.000,
GPU,0,57.200,35820125377,0,0,0.000,0.000,0.000,0.000,
GPU,0,57.200,35820125377,0,0,0.000,0.000,0.000,0.000,
GPU,0,57.200,35820125377,0,0,0.000,0.000,0.000,0.000,
GPU,0,57.200,35820125377,0,0,0.000,0.000,0.000,0.000,
GPU,0,57.200,35820125377,0,0,0.000,0.000,0.000,0.000,
GPU,0,57.200,35820125377,0,0,0.000,0.000,0.000,0.000,
GPU,0,57.200,35820125377,0,0,0.000,0.000,0.000,0.000,
GPU,0,57.200,35820125377,0,0,0.000,0.000,0.000,0.000,
GPU,0,57.200,35820125377,0,0,0.000,0.000,0.000,0.000,
GPU,0,57.200,35820125377,0,0,0.000,0.000,0.000,0.000,
GPU,0,57.200,35820125377,0,0,0.000,0.000,0.000,0.000,
GPU,0,57.200,35820125377,0,0,0.000,0.000,0.000,0.000,
GPU,0,57.200,35820125377,0,0,0.000,0.000,0.000,0.000,
GPU,0,57.200,35820125377,0,0,0.000,0.000,0.000,0.000,
GPU,0,57.200,35820125377,0,0,0.000,0.000,0.000,0.000,
GPU,0,57.200,35820125377,0,0,0.000,0.000,0.000,0.000,
GPU,0,57.200,35820125377,0,0,0.000,0.000,0.000,0.000,
GPU,0,57.200,35820125377,0,0,0.000,0.000,0.000,0.000,
GPU,0,57.200,35820125377,0,0,0.000,0.000,0.000,0.000,
GPU,0,57.200,35820125377,0,0,0.000,0.000,0.000,0.000,
GPU,0,57.200,35820125377,0,0,0.000,0.000,0.000,0.000,
GPU,0,57.200,35820125377,0,0,0.000,0.000,0.000,0.000,
GPU,0,57.200,35820125377,0,0,0.000,0.000,0.000,0.000,
GPU,0,57.200,35820125377,0,0,0.000,0.000,0.000,0.000,
GPU,0,57.200,35820125377,0,0,0.000,0.000,0.000,0.000,
GPU,0,57.200,35820125377,0,0,0.000,0.000,0.000,0.000,
GPU,0,57.200,35820125377,0,0,0.000,0.000,0.000,0.000,
GPU,0,57.200,35820125377,0,0,0.000,0.000,0.000,0.000,
GPU,0,57.200,35820125377,0,0,0.000,0.000,0.000,0.000,
GPU,0,57.200,35820125377,0,0,0.000,0.000,0.000,0.000,
GPU,0,57.200,35820125377,0,0,0.000,0.000,0.000,0.000,
GPU,0,57.200,35820131191,0,0,0.000,0.000,0.000,0.000,
GPU,0,57.200,35820131191,0,0,0.000,0.000,0.000,0.000,
GPU,0,57.200,35820131191,0,0,0.000,0.000,0.000,0.000,
GPU,0,57.200,35820131191,0,0,0.000,0.000,0.000,0.000,
GPU,0,57.200,35820131191,0,0,0.000,0.000,0.000,0.000,
GPU,0,57.200,35820131191,0,0,0.000,0.000,0.000,0.000,
GPU,0,57.200,35820131191,0,0,0.000,0.000,0.000,0.000,
GPU,0,57.200,35820131191,0,0,0.000,0.000,0.000,0.000,
GPU,0,57.200,35820131191,0,0,0.000,0.000,0.000,0.000,
GPU,0,57.200,35820131191,0,0,0.000,0.000,0.000,0.000,
GPU,0,57.200,35820131191,0,0,0.000,0.000,0.000,0.000,
GPU,0,57.200,35820131191,0,0,0.000,0.000,0.000,0.000,
GPU,0,57.200,35820131191,0,0,0.000,0.000,0.000,0.000,
GPU,0,57.200,35820131191,0,0,0.000,0.000,0.000,0.000,
GPU,0,57.200,35820131191,0,0,0.000,0.000,0.000,0.000,
GPU,0,57.200,35820131191,0,0,0.000,0.000,0.000,0.000,
GPU,0,57.200,35820131191,0,0,0.000,0.000,0.000,0.000,
GPU,0,57.200,35820131191,0,0,0.000,0.000,0.000,0.000,
GPU,0,57.200,35820131191,0,0,0.000,0.000,0.000,0.000,
GPU,0,57.200,35820131191,0,0,0.000,0.000,0.000,0.000,
GPU,0,57.200,35820131191,0,0,0.000,0.000,0.000,0.000,
GPU,0,57.200,35820131191,0,0,0.000,0.000,0.000,0.000,
GPU,0,57.200,35820131191,0,0,0.000,0.000,0.000,0.000,
GPU,0,57.200,35820131191,0,0,0.000,0.000,0.000,0.000,
GPU,0,57.200,35820131191,0,0,0.000,0.000,0.000,0.000,
GPU,0,57.200,35820131191,0,0,0.000,0.000,0.000,0.000,
GPU,0,57.200,35820131191,0,0,0.000,0.000,0.000,0.000,
GPU,0,57.200,35820131191,0,0,0.000,0.000,0.000,0.000,
GPU,0,57.200,35820131191,0,0,0.000,0.000,0.000,0.000,
GPU,0,57.200,35820131191,0,0,0.000,0.000,0.000,0.000,
GPU,0,57.200,35820131191,0,0,0.000,0.000,0.000,0.000,
GPU,0,57.200,35820131191,0,0,0.000,0.000,0.000,0.000,
GPU,0,57.200,35820131191,0,0,0.000,0.000,0.000,0.000,
GPU,0,57.200,35820131191,0,0,0.000,0.000,0.000,0.000,
GPU,0,57.200,35820131191,0,0,0.000,0.000,0.000,0.000,
GPU,0,57.200,35820131191,0,0,0.000,0.000,0.000,0.000,
GPU,0,57.200,35820131191,0,0,0.000,0.000,0.000,0.000,
GPU,0,57.200,35820131191,0,0,0.000,0.000,0.000,0.000,
GPU,0,57.200,35820131191,0,0,0.000,0.000,0.000,0.000,
GPU,0,57.200,35820131191,0,0,0.000,0.000,0.000,0.000,
GPU,0,57.200,35820131191,0,0,0.000,0.000,0.000,0.000,
GPU,0,57.200,35820131191,0,0,0.000,0.000,0.000,0.000,
GPU,0,57.200,35820131191,0,0,0.000,0.000,0.000,0.000,
GPU,0,57.200,35820131191,0,0,0.000,0.000,0.000,0.000,
GPU,0,57.200,35820131191,0,0,0.000,0.000,0.000,0.000,
GPU,0,57.200,35820131191,0,0,0.000,0.000,0.000,0.000,
GPU,0,57.200,35820131191,0,0,0.000,0.000,0.000,0.000,
GPU,0,57.200,35820131191,0,0,0.000,0.000,0.000,0.000,
GPU,0,57.200,35820131191,0,0,0.000,0.000,0.000,0.000,
GPU,0,57.200,35820131191,0,0,0.000,0.000,0.000,0.000,
GPU,0,57.200,35820131191,0,0,0.000,0.000,0.000,0.000,
GPU,0,57.200,35820131191,0,0,0.000,0.000,0.000,0.000,
GPU,0,57.200,35820131191,0,0,0.000,0.000,0.000,0.000,
GPU,0,57.200,35820131191,0,0,0.000,0.000,0.000,0.000,
GPU,0,57.200,35820131191,0,0,0.000,0.000,0.000,0.000,
GPU,0,57.200,35820131191,0,0,0.000,0.000,0.000,0.000,
GPU,0,57.200,35820131191,0,0,0.000,0.000,0.000,0.000,
GPU,0,57.200,35820131191,0,0,0.000,0.000,0.000,0.000,
GPU,0,57.200,35820131191,0,0,0.000,0.000,0.000,0.000,
GPU,0,57.200,35820131191,0,0,0.000,0.000,0.000,0.000,
GPU,0,57.200,35820131191,0,0,0.000,0.000,0.000,0.000,
GPU,0,57.200,35820131191,0,0,0.000,0.000,0.000,0.000,
GPU,0,57.200,35820131191,0,0,0.000,0.000,0.000,0.000,
GPU,0,57.200,35820131191,0,0,0.000,0.000,0.000,0.000,
GPU,0,57.200,35820131191,0,0,0.000,0.000,0.000,0.000,
GPU,0,57.200,35820131191,0,0,0.000,0.000,0.000,0.000,
GPU,0,57.200,35820131191,0,0,0.000,0.000,0.000,0.000,
GPU,0,57.200,35820131191,0,0,0.000,0.000,0.000,0.000,
GPU,0,57.200,35820131191,0,0,0.000,0.000,0.000,0.000,
GPU,0,57.200,35820131191,0,0,0.000,0.000,0.000,0.000,
GPU,0,57.200,35820136962,0,0,0.000,0.000,0.000,0.000,
GPU,0,57.200,35820136962,0,0,0.000,0.000,0.000,0.000,
GPU,0,57.200,35820136962,0,0,0.000,0.000,0.000,0.000,
GPU,0,57.200,35820136962,0,0,0.000,0.000,0.000,0.000,
GPU,0,57.200,35820136962,0,0,0.000,0.000,0.000,0.000,
GPU,0,57.200,35820136962,0,0,0.000,0.000,0.000,0.000,
GPU,0,57.200,35820136962,0,0,0.000,0.000,0.000,0.000,
GPU,0,57.200,35820136962,0,0,0.000,0.000,0.000,0.000,
GPU,0,57.200,35820136962,0,0,0.000,0.000,0.000,0.000,
GPU,0,57.200,35820136962,0,0,0.000,0.000,0.000,0.000,
GPU,0,57.200,35820136962,0,0,0.000,0.000,0.000,0.000,
GPU,0,57.200,35820136962,0,0,0.000,0.000,0.000,0.000,
GPU,0,57.200,35820136962,0,0,0.000,0.000,0.000,0.000,
GPU,0,57.200,35820136962,0,0,0.000,0.000,0.000,0.000,
GPU,0,57.200,35820136962,0,0,0.000,0.000,0.000,0.000,
GPU,0,57.200,35820136962,0,0,0.000,0.000,0.000,0.000,
GPU,0,57.200,35820136962,0,0,0.000,0.000,0.000,0.000,
GPU,0,57.200,35820136962,0,0,0.000,0.000,0.000,0.000,
GPU,0,57.200,35820136962,0,0,0.000,0.000,0.000,0.000,
GPU,0,57.200,35820136962,0,0,0.000,0.000,0.000,0.000,
GPU,0,57.200,35820136962,0,0,0.000,0.000,0.000,0.000,
GPU,0,57.200,35820136962,0,0,0.000,0.000,0.000,0.000,
GPU,0,57.200,35820136962,0,0,0.000,0.000,0.000,0.000,
GPU,0,57.200,35820136962,0,0,0.000,0.000,0.000,0.000,
GPU,0,57.200,35820136962,0,0,0.000,0.000,0.000,0.000,
GPU,0,57.200,35820136962,0,0,0.000,0.000,0.000,0.000,
GPU,0,57.444,35820136962,0,0,0.000,0.000,0.000,0.000,
GPU,0,57.444,35820136962,0,0,0.000,0.000,0.000,0.000,
GPU,0,57.444,35820136962,0,0,0.000,0.000,0.000,0.000,
GPU,0,57.444,35820136962,0,0,0.000,0.000,0.000,0.000,
GPU,0,57.444,35820136962,0,0,0.000,0.000,0.000,0.000,
GPU,0,57.444,35820136962,0,0,0.000,0.000,0.000,0.000,
GPU,0,57.444,35820136962,0,0,0.000,0.000,0.000,0.000,
GPU,0,57.444,35820136962,0,0,0.000,0.000,0.000,0.000,
GPU,0,57.444,35820136962,0,0,0.000,0.000,0.000,0.000,
GPU,0,57.444,35820136962,0,0,0.000,0.000,0.000,0.000,
GPU,0,57.444,35820136962,0,0,0.000,0.000,0.000,0.000,
GPU,0,57.444,35820136962,0,0,0.000,0.000,0.000,0.000,
GPU,0,57.444,35820136962,0,0,0.000,0.000,0.000,0.000,
GPU,0,57.444,35820136962,0,0,0.000,0.000,0.000,0.000,
GPU,0,57.444,35820136962,0,0,0.000,0.000,0.000,0.000,
GPU,0,57.444,35820136962,0,0,0.000,0.000,0.000,0.000,
GPU,0,57.444,35820136962,0,0,0.000,0.000,0.000,0.000,
GPU,0,57.444,35820136962,0,0,0.000,0.000,0.000,0.000,
GPU,0,57.444,35820136962,0,0,0.000,0.000,0.000,0.000,
GPU,0,57.444,35820136962,0,0,0.000,0.000,0.000,0.000,
GPU,0,57.444,35820136962,0,0,0.000,0.000,0.000,0.000,
GPU,0,57.444,35820136962,0,0,0.000,0.000,0.000,0.000,
GPU,0,57.444,35820136962,0,0,0.000,0.000,0.000,0.000,
GPU,0,57.444,35820136962,0,0,0.000,0.000,0.000,0.000,
GPU,0,57.444,35820136962,0,0,0.000,0.000,0.000,0.000,
GPU,0,57.444,35820136962,0,0,0.000,0.000,0.000,0.000,
GPU,0,57.444,35820136962,0,0,0.000,0.000,0.000,0.000,
GPU,0,57.444,35820136962,0,0,0.000,0.000,0.000,0.000,
GPU,0,57.444,35820136962,0,0,0.000,0.000,0.000,0.000,
GPU,0,57.444,35820136962,0,0,0.000,0.000,0.000,0.000,
GPU,0,57.444,35820136962,0,0,0.000,0.000,0.000,0.000,
GPU,0,57.444,35820136962,0,0,0.000,0.000,0.000,0.000,
GPU,0,57.444,35820136962,0,0,0.000,0.000,0.000,0.000,
GPU,0,57.444,35820136962,0,0,0.000,0.000,0.000,0.000,
GPU,0,57.444,35820136962,0,0,0.000,0.000,0.000,0.000,
GPU,0,57.444,35820136962,0,0,0.000,0.000,0.000,0.000,
GPU,0,57.444,35820136962,0,0,0.000,0.000,0.000,0.000,
GPU,0,57.444,35820136962,0,0,0.000,0.000,0.000,0.000,
GPU,0,57.444,35820142667,0,0,0.000,0.000,0.000,0.000,
GPU,0,57.444,35820142667,0,0,0.000,0.000,0.000,0.000,
GPU,0,57.444,35820142667,0,0,0.000,0.000,0.000,0.000,
GPU,0,57.444,35820142667,0,0,0.000,0.000,0.000,0.000,
GPU,0,57.444,35820142667,0,0,0.000,0.000,0.000,0.000,
GPU,0,57.444,35820142667,0,0,0.000,0.000,0.000,0.000,
GPU,0,57.444,35820142667,0,0,0.000,0.000,0.000,0.000,
GPU,0,57.444,35820142667,0,0,0.000,0.000,0.000,0.000,
GPU,0,57.444,35820142667,0,0,0.000,0.000,0.000,0.000,
GPU,0,57.444,35820142667,0,0,0.000,0.000,0.000,0.000,
GPU,0,57.444,35820142667,0,0,0.000,0.000,0.000,0.000,
GPU,0,57.444,35820142667,0,0,0.000,0.000,0.000,0.000,
GPU,0,57.444,35820142667,0,0,0.000,0.000,0.000,0.000,
GPU,0,57.444,35820142667,0,0,0.000,0.000,0.000,0.000,
GPU,0,57.444,35820142667,0,0,0.000,0.000,0.000,0.000,
GPU,0,57.444,35820142667,0,0,0.000,0.000,0.000,0.000,
GPU,0,57.444,35820142667,0,0,0.000,0.000,0.000,0.000,
GPU,0,57.444,35820142667,0,0,0.000,0.000,0.000,0.000,
GPU,0,57.444,35820142667,0,0,0.000,0.000,0.000,0.000,
GPU,0,57.444,35820142667,0,0,0.000,0.000,0.000,0.000,
GPU,0,57.444,35820142667,0,0,0.000,0.000,0.000,0.000,
GPU,0,57.444,35820142667,0,0,0.000,0.000,0.000,0.000,
GPU,0,57.444,35820142667,0,0,0.000,0.000,0.000,0.000,
GPU,0,57.444,35820142667,0,0,0.000,0.000,0.000,0.000,
GPU,0,57.444,35820142667,0,0,0.000,0.000,0.000,0.000,
GPU,0,57.444,35820142667,0,0,0.000,0.000,0.000,0.000,
GPU,0,57.444,35820142667,0,0,0.000,0.000,0.000,0.000,
GPU,0,57.444,35820142667,0,0,0.000,0.000,0.000,0.000,
GPU,0,57.444,35820142667,0,0,0.000,0.000,0.000,0.000,
GPU,0,57.444,35820142667,0,0,0.000,0.000,0.000,0.000,
GPU,0,57.444,35820142667,0,0,0.000,0.000,0.000,0.000,
GPU,0,57.444,35820142667,0,0,0.000,0.000,0.000,0.000,
GPU,0,57.444,35820142667,0,0,0.000,0.000,0.000,0.000,
GPU,0,57.444,35820142667,0,0,0.000,0.000,0.000,0.000,
GPU,0,57.444,35820142667,0,0,0.000,0.000,0.000,0.000,
GPU,0,57.444,35820142667,0,0,0.000,0.000,0.000,0.000,
GPU,0,57.444,35820142667,0,0,0.000,0.000,0.000,0.000,
GPU,0,57.444,35820142667,0,0,0.000,0.000,0.000,0.000,
GPU,0,57.444,35820142667,0,0,0.000,0.000,0.000,0.000,
GPU,0,57.444,35820142667,0,0,0.000,0.000,0.000,0.000,
GPU,0,57.444,35820142667,0,0,0.000,0.000,0.000,0.000,
GPU,0,57.444,35820142667,0,0,0.000,0.000,0.000,0.000,
GPU,0,57.444,35820142667,0,0,0.000,0.000,0.000,0.000,
GPU,0,57.444,35820142667,0,0,0.000,0.000,0.000,0.000,
GPU,0,57.444,35820142667,0,0,0.000,0.000,0.000,0.000,
GPU,0,57.444,35820142667,0,0,0.000,0.000,0.000,0.000,
GPU,0,57.444,35820142667,0,0,0.000,0.000,0.000,0.000,
GPU,0,57.444,35820142667,0,0,0.000,0.000,0.000,0.000,
GPU,0,57.444,35820142667,0,0,0.000,0.000,0.000,0.000,
GPU,0,57.444,35820142667,0,0,0.000,0.000,0.000,0.000,
GPU,0,57.444,35820142667,0,0,0.000,0.000,0.000,0.000,
GPU,0,57.444,35820142667,0,0,0.000,0.000,0.000,0.000,
GPU,0,57.444,35820142667,0,0,0.000,0.000,0.000,0.000,
GPU,0,57.444,35820142667,0,0,0.000,0.000,0.000,0.000,
GPU,0,57.444,35820142667,0,0,0.000,0.000,0.000,0.000,
GPU,0,57.444,35820142667,0,0,0.000,0.000,0.000,0.000,
GPU,0,57.444,35820142667,0,0,0.000,0.000,0.000,0.000,
GPU,0,57.444,35820142667,0,0,0.000,0.000,0.000,0.000,
GPU,0,57.444,35820142667,0,0,0.000,0.000,0.000,0.000,
GPU,0,57.444,35820142667,0,0,0.000,0.000,0.000,0.000,
GPU,0,57.444,35820142667,0,0,0.000,0.000,0.000,0.000,
GPU,0,57.444,35820142667,0,0,0.000,0.000,0.000,0.000,
GPU,0,57.444,35820142667,0,0,0.000,0.000,0.000,0.000,
GPU,0,57.444,35820142667,0,0,0.000,0.000,0.000,0.000,
GPU,0,57.444,35820142667,0,0,0.000,0.000,0.000,0.000,
GPU,0,57.444,35820142667,0,0,0.000,0.000,0.000,0.000,
GPU,0,57.444,35820142667,0,0,0.000,0.000,0.000,0.000,
GPU,0,57.444,35820148443,0,0,0.000,0.000,0.000,0.000,
GPU,0,57.444,35820148443,0,0,0.000,0.000,0.000,0.000,
GPU,0,57.444,35820148443,0,0,0.000,0.000,0.000,0.000,
GPU,0,57.444,35820148443,0,0,0.000,0.000,0.000,0.000,
GPU,0,57.444,35820148443,0,0,0.000,0.000,0.000,0.000,
GPU,0,57.444,35820148443,0,0,0.000,0.000,0.000,0.000,
GPU,0,57.444,35820148443,0,0,0.000,0.000,0.000,0.000,
GPU,0,57.444,35820148443,0,0,0.000,0.000,0.000,0.000,
GPU,0,57.444,35820148443,0,0,0.000,0.000,0.000,0.000,
GPU,0,57.444,35820148443,0,0,0.000,0.000,0.000,0.000,
GPU,0,57.444,35820148443,0,0,0.000,0.000,0.000,0.000,
GPU,0,57.444,35820148443,0,0,0.000,0.000,0.000,0.000,
GPU,0,57.444,35820148443,0,0,0.000,0.000,0.000,0.000,
GPU,0,57.444,35820148443,0,0,0.000,0.000,0.000,0.000,
GPU,0,57.444,35820148443,0,0,0.000,0.000,0.000,0.000,
GPU,0,57.444,35820148443,0,0,0.000,0.000,0.000,0.000,
GPU,0,57.444,35820148443,0,0,0.000,0.000,0.000,0.000,
GPU,0,57.444,35820148443,0,0,0.000,0.000,0.000,0.000,
GPU,0,57.444,35820148443,0,0,0.000,0.000,0.000,0.000,
GPU,0,57.444,35820148443,0,0,0.000,0.000,0.000,0.000,
GPU,0,57.444,35820148443,0,0,0.000,0.000,0.000,0.000,
GPU,0,57.444,35820148443,0,0,0.000,0.000,0.000,0.000,
GPU,0,57.444,35820148443,0,0,0.000,0.000,0.000,0.000,
GPU,0,57.444,35820148443,0,0,0.000,0.000,0.000,0.000,
GPU,0,57.444,35820148443,0,0,0.000,0.000,0.000,0.000,
GPU,0,57.444,35820148443,0,0,0.000,0.000,0.000,0.000,
GPU,0,57.444,35820148443,0,0,0.000,0.000,0.000,0.000,
GPU,0,57.444,35820148443,0,0,0.000,0.000,0.000,0.000,
GPU,0,57.444,35820148443,0,0,0.000,0.000,0.000,0.000,
GPU,0,57.444,35820148443,0,0,0.000,0.000,0.000,0.000,
GPU,0,57.444,35820148443,0,0,0.000,0.000,0.000,0.000,
GPU,0,57.444,35820148443,0,0,0.000,0.000,0.000,0.000,
GPU,0,57.444,35820148443,0,0,0.000,0.000,0.000,0.000,
GPU,0,57.200,35820148443,0,0,0.000,0.000,0.000,0.000,
GPU,0,57.200,35820148443,0,0,0.000,0.000,0.000,0.000,
GPU,0,57.200,35820148443,0,0,0.000,0.000,0.000,0.000,
GPU,0,57.200,35820148443,0,0,0.000,0.000,0.000,0.000,
GPU,0,57.200,35820148443,0,0,0.000,0.000,0.000,0.000,
GPU,0,57.200,35820148443,0,0,0.000,0.000,0.000,0.000,
GPU,0,57.200,35820148443,0,0,0.000,0.000,0.000,0.000,
GPU,0,57.200,35820148443,0,0,0.000,0.000,0.000,0.000,
GPU,0,57.200,35820148443,0,0,0.000,0.000,0.000,0.000,
GPU,0,57.200,35820148443,0,0,0.000,0.000,0.000,0.000,
GPU,0,57.200,35820148443,0,0,0.000,0.000,0.000,0.000,
GPU,0,57.200,35820148443,0,0,0.000,0.000,0.000,0.000,
GPU,0,57.200,35820148443,0,0,0.000,0.000,0.000,0.000,
GPU,0,57.200,35820148443,0,0,0.000,0.000,0.000,0.000,
GPU,0,57.200,35820148443,0,0,0.000,0.000,0.000,0.000,
GPU,0,57.200,35820148443,0,0,0.000,0.000,0.000,0.000,
GPU,0,57.200,35820148443,0,0,0.000,0.000,0.000,0.000,
GPU,0,57.200,35820148443,0,0,0.000,0.000,0.000,0.000,
GPU,0,57.200,35820148443,0,0,0.000,0.000,0.000,0.000,
GPU,0,57.200,35820148443,0,0,0.000,0.000,0.000,0.000,
GPU,0,57.200,35820148443,0,0,0.000,0.000,0.000,0.000,
GPU,0,57.200,35820148443,0,0,0.000,0.000,0.000,0.000,
GPU,0,57.200,35820148443,0,0,0.000,0.000,0.000,0.000,
GPU,0,57.200,35820148443,0,0,0.000,0.000,0.000,0.000,
GPU,0,57.200,35820148443,0,0,0.000,0.000,0.000,0.000,
GPU,0,57.200,35820148443,0,0,0.000,0.000,0.000,0.000,
GPU,0,57.200,35820148443,0,0,0.000,0.000,0.000,0.000,
GPU,0,57.200,35820148443,0,0,0.000,0.000,0.000,0.000,
GPU,0,57.200,35820148443,0,0,0.000,0.000,0.000,0.000,
GPU,0,57.200,35820148443,0,0,0.000,0.000,0.000,0.000,
GPU,0,57.200,35820148443,0,0,0.000,0.000,0.000,0.000,
GPU,0,57.200,35820148443,0,0,0.000,0.000,0.000,0.000,
GPU,0,57.200,35820148443,0,0,0.000,0.000,0.000,0.000,
GPU,0,57.200,35820148443,0,0,0.000,0.000,0.000,0.000,
GPU,0,57.200,35820148443,0,0,0.000,0.000,0.000,0.000,
GPU,0,57.200,35820148443,0,0,0.000,0.000,0.000,0.000,
GPU,0,57.200,35820148443,0,0,0.000,0.000,0.000,0.000,
GPU,0,57.200,35820148443,0,0,0.000,0.000,0.000,0.000,
GPU,0,57.200,35820148443,0,0,0.000,0.000,0.000,0.000,
GPU,0,57.200,35820148443,0,0,0.000,0.000,0.000,0.000,
GPU,0,57.200,35820154264,0,0,0.000,0.000,0.000,0.000,
GPU,0,57.200,35820154264,0,0,0.000,0.000,0.000,0.000,
GPU,0,57.200,35820154264,0,0,0.000,0.000,0.000,0.000,
GPU,0,57.200,35820154264,0,0,0.000,0.000,0.000,0.000,
GPU,0,57.200,35820154264,0,0,0.000,0.000,0.000,0.000,
GPU,0,57.200,35820154264,0,0,0.000,0.000,0.000,0.000,
GPU,0,57.200,35820154264,0,0,0.000,0.000,0.000,0.000,
GPU,0,57.200,35820154264,0,0,0.000,0.000,0.000,0.000,
GPU,0,57.200,35820154264,0,0,0.000,0.000,0.000,0.000,
GPU,0,57.200,35820154264,0,0,0.000,0.000,0.000,0.000,
GPU,0,57.200,35820154264,0,0,0.000,0.000,0.000,0.000,
GPU,0,57.200,35820154264,0,0,0.000,0.000,0.000,0.000,
GPU,0,57.200,35820154264,0,0,0.000,0.000,0.000,0.000,
GPU,0,57.200,35820154264,0,0,0.000,0.000,0.000,0.000,
GPU,0,57.200,35820154264,0,0,0.000,0.000,0.000,0.000,
GPU,0,57.200,35820154264,0,0,0.000,0.000,0.000,0.000,
GPU,0,57.200,35820154264,0,0,0.000,0.000,0.000,0.000,
GPU,0,57.200,35820154264,0,0,0.000,0.000,0.000,0.000,
GPU,0,57.200,35820154264,0,0,0.000,0.000,0.000,0.000,
GPU,0,57.200,35820154264,0,0,0.000,0.000,0.000,0.000,
GPU,0,57.200,35820154264,0,0,0.000,0.000,0.000,0.000,
GPU,0,57.200,35820154264,0,0,0.000,0.000,0.000,0.000,
GPU,0,57.200,35820154264,0,0,0.000,0.000,0.000,0.000,
GPU,0,57.200,35820154264,0,0,0.000,0.000,0.000,0.000,
GPU,0,57.200,35820154264,0,0,0.000,0.000,0.000,0.000,
GPU,0,57.266,35820154264,0,0,0.000,0.000,0.000,0.000,
GPU,0,57.266,35820154264,0,0,0.000,0.000,0.000,0.000,
GPU,0,57.266,35820154264,0,0,0.000,0.000,0.000,0.000,
GPU,0,57.266,35820154264,0,0,0.000,0.000,0.000,0.000,
GPU,0,57.266,35820154264,0,0,0.000,0.000,0.000,0.000,
GPU,0,57.266,35820154264,0,0,0.000,0.000,0.000,0.000,
GPU,0,57.266,35820154264,0,0,0.000,0.000,0.000,0.000,
GPU,0,57.266,35820154264,0,0,0.000,0.000,0.000,0.000,
GPU,0,57.266,35820154264,0,0,0.000,0.000,0.000,0.000,
GPU,0,57.266,35820154264,0,0,0.000,0.000,0.000,0.000,
GPU,0,57.266,35820154264,0,0,0.000,0.000,0.000,0.000,
GPU,0,57.266,35820154264,0,0,0.000,0.000,0.000,0.000,
GPU,0,57.266,35820154264,0,0,0.000,0.000,0.000,0.000,
GPU,0,57.266,35820154264,0,0,0.000,0.000,0.000,0.000,
GPU,0,57.266,35820154264,0,0,0.000,0.000,0.000,0.000,
GPU,0,57.266,35820154264,0,0,0.000,0.000,0.000,0.000,
GPU,0,57.266,35820154264,0,0,0.000,0.000,0.000,0.000,
GPU,0,57.266,35820154264,0,0,0.000,0.000,0.000,0.000,
GPU,0,57.266,35820154264,0,0,0.000,0.000,0.000,0.000,
GPU,0,57.266,35820154264,0,0,0.000,0.000,0.000,0.000,
GPU,0,57.266,35820154264,0,0,0.000,0.000,0.000,0.000,
GPU,0,57.266,35820154264,0,0,0.000,0.000,0.000,0.000,
GPU,0,57.266,35820154264,0,0,0.000,0.000,0.000,0.000,
GPU,0,57.266,35820154264,0,0,0.000,0.000,0.000,0.000,
GPU,0,57.266,35820154264,0,0,0.000,0.000,0.000,0.000,
GPU,0,57.266,35820154264,0,0,0.000,0.000,0.000,0.000,
GPU,0,57.266,35820154264,0,0,0.000,0.000,0.000,0.000,
GPU,0,57.266,35820154264,0,0,0.000,0.000,0.000,0.000,
GPU,0,57.266,35820154264,0,0,0.000,0.000,0.000,0.000,
GPU,0,57.266,35820154264,0,0,0.000,0.000,0.000,0.000,
GPU,0,57.266,35820154264,0,0,0.000,0.000,0.000,0.000,
GPU,0,57.266,35820154264,0,0,0.000,0.000,0.000,0.000,
GPU,0,57.266,35820154264,0,0,0.000,0.000,0.000,0.000,
GPU,0,57.266,35820154264,0,0,0.000,0.000,0.000,0.000,
GPU,0,57.266,35820154264,0,0,0.000,0.000,0.000,0.000,
GPU,0,57.266,35820154264,0,0,0.000,0.000,0.000,0.000,
GPU,0,57.266,35820154264,0,0,0.000,0.000,0.000,0.000,
GPU,0,57.266,35820154264,0,0,0.000,0.000,0.000,0.000,
GPU,0,57.266,35820154264,0,0,0.000,0.000,0.000,0.000,
GPU,0,57.266,35820154264,0,0,0.000,0.000,0.000,0.000,
GPU,0,57.266,35820154264,0,0,0.000,0.000,0.000,0.000,
GPU,0,57.266,35820154264,0,0,0.000,0.000,0.000,0.000,
GPU,0,57.266,35820160057,0,0,0.000,0.000,0.000,0.000,
GPU,0,57.266,35820160057,0,0,0.000,0.000,0.000,0.000,
GPU,0,57.266,35820160057,0,0,0.000,0.000,0.000,0.000,
GPU,0,57.266,35820160057,0,0,0.000,0.000,0.000,0.000,
GPU,0,57.266,35820160057,0,0,0.000,0.000,0.000,0.000,
GPU,0,57.266,35820160057,0,0,0.000,0.000,0.000,0.000,
GPU,0,57.266,35820160057,0,0,0.000,0.000,0.000,0.000,
GPU,0,57.266,35820160057,0,0,0.000,0.000,0.000,0.000,
GPU,0,57.266,35820160057,0,0,0.000,0.000,0.000,0.000,
GPU,0,57.266,35820160057,0,0,0.000,0.000,0.000,0.000,
GPU,0,57.266,35820160057,0,0,0.000,0.000,0.000,0.000,
GPU,0,57.266,35820160057,0,0,0.000,0.000,0.000,0.000,
GPU,0,57.266,35820160057,0,0,0.000,0.000,0.000,0.000,
GPU,0,57.266,35820160057,0,0,0.000,0.000,0.000,0.000,
GPU,0,57.266,35820160057,0,0,0.000,0.000,0.000,0.000,
GPU,0,57.266,35820160057,0,0,0.000,0.000,0.000,0.000,
GPU,0,57.266,35820160057,0,0,0.000,0.000,0.000,0.000,
GPU,0,57.266,35820160057,0,0,0.000,0.000,0.000,0.000,
GPU,0,57.266,35820160057,0,0,0.000,0.000,0.000,0.000,
GPU,0,57.266,35820160057,0,0,0.000,0.000,0.000,0.000,
GPU,0,57.266,35820160057,0,0,0.000,0.000,0.000,0.000,
GPU,0,57.266,35820160057,0,0,0.000,0.000,0.000,0.000,
GPU,0,57.266,35820160057,0,0,0.000,0.000,0.000,0.000,
GPU,0,57.266,35820160057,0,0,0.000,0.000,0.000,0.000,
GPU,0,57.266,35820160057,0,0,0.000,0.000,0.000,0.000,
GPU,0,57.266,35820160057,0,0,0.000,0.000,0.000,0.000,
GPU,0,57.444,35820160057,0,0,0.000,0.000,0.000,0.000,
GPU,0,57.444,35820160057,0,0,0.000,0.000,0.000,0.000,
GPU,0,57.444,35820160057,0,0,0.000,0.000,0.000,0.000,
GPU,0,57.444,35820160057,0,0,0.000,0.000,0.000,0.000,
GPU,0,57.444,35820160057,0,0,0.000,0.000,0.000,0.000,
GPU,0,57.444,35820160057,0,0,0.000,0.000,0.000,0.000,
GPU,0,57.444,35820160057,0,0,0.000,0.000,0.000,0.000,
GPU,0,57.444,35820160057,0,0,0.000,0.000,0.000,0.000,
GPU,0,57.444,35820160057,0,0,0.000,0.000,0.000,0.000,
GPU,0,57.444,35820160057,0,0,0.000,0.000,0.000,0.000,
GPU,0,57.444,35820160057,0,0,0.000,0.000,0.000,0.000,
GPU,0,57.444,35820160057,0,0,0.000,0.000,0.000,0.000,
GPU,0,57.444,35820160057,0,0,0.000,0.000,0.000,0.000,
GPU,0,57.444,35820160057,0,0,0.000,0.000,0.000,0.000,
GPU,0,57.444,35820160057,0,0,0.000,0.000,0.000,0.000,
GPU,0,57.444,35820160057,0,0,0.000,0.000,0.000,0.000,
GPU,0,57.444,35820160057,0,0,0.000,0.000,0.000,0.000,
GPU,0,57.444,35820160057,0,0,0.000,0.000,0.000,0.000,
GPU,0,57.444,35820160057,0,0,0.000,0.000,0.000,0.000,
GPU,0,57.444,35820160057,0,0,0.000,0.000,0.000,0.000,
GPU,0,57.444,35820160057,0,0,0.000,0.000,0.000,0.000,
GPU,0,57.444,35820160057,0,0,0.000,0.000,0.000,0.000,
GPU,0,57.444,35820160057,0,0,0.000,0.000,0.000,0.000,
GPU,0,57.444,35820160057,0,0,0.000,0.000,0.000,0.000,
GPU,0,57.444,35820160057,0,0,0.000,0.000,0.000,0.000,
GPU,0,57.444,35820160057,0,0,0.000,0.000,0.000,0.000,
GPU,0,57.444,35820160057,0,0,0.000,0.000,0.000,0.000,
GPU,0,57.444,35820160057,0,0,0.000,0.000,0.000,0.000,
GPU,0,57.444,35820160057,0,0,0.000,0.000,0.000,0.000,
GPU,0,57.444,35820160057,0,0,0.000,0.000,0.000,0.000,
GPU,0,57.444,35820160057,0,0,0.000,0.000,0.000,0.000,
GPU,0,57.444,35820160057,0,0,0.000,0.000,0.000,0.000,
GPU,0,57.444,35820160057,0,0,0.000,0.000,0.000,0.000,
GPU,0,57.444,35820160057,0,0,0.000,0.000,0.000,0.000,
GPU,0,57.444,35820160057,0,0,0.000,0.000,0.000,0.000,
GPU,0,57.444,35820160057,0,0,0.000,0.000,0.000,0.000,
GPU,0,57.444,35820160057,0,0,0.000,0.000,0.000,0.000,
GPU,0,57.444,35820160057,0,0,0.000,0.000,0.000,0.000,
GPU,0,57.444,35820165753,0,0,0.000,0.000,0.000,0.000,
GPU,0,57.444,35820165753,0,0,0.000,0.000,0.000,0.000,
GPU,0,57.444,35820165753,0,0,0.000,0.000,0.000,0.000,
GPU,0,57.444,35820165753,0,0,0.000,0.000,0.000,0.000,
GPU,0,57.444,35820165753,0,0,0.000,0.000,0.000,0.000,
GPU,0,57.444,35820165753,0,0,0.000,0.000,0.000,0.000,
GPU,0,57.444,35820165753,0,0,0.000,0.000,0.000,0.000,
GPU,0,57.444,35820165753,0,0,0.000,0.000,0.000,0.000,
GPU,0,57.444,35820165753,0,0,0.000,0.000,0.000,0.000,
GPU,0,57.444,35820165753,0,0,0.000,0.000,0.000,0.000,
GPU,0,57.444,35820165753,0,0,0.000,0.000,0.000,0.000,
GPU,0,57.444,35820165753,0,0,0.000,0.000,0.000,0.000,
GPU,0,57.444,35820165753,0,0,0.000,0.000,0.000,0.000,
GPU,0,57.444,35820165753,0,0,0.000,0.000,0.000,0.000,
GPU,0,57.444,35820165753,0,0,0.000,0.000,0.000,0.000,
GPU,0,57.444,35820165753,0,0,0.000,0.000,0.000,0.000,
GPU,0,57.444,35820165753,0,0,0.000,0.000,0.000,0.000,
GPU,0,57.444,35820165753,0,0,0.000,0.000,0.000,0.000,
GPU,0,57.444,35820165753,0,0,0.000,0.000,0.000,0.000,
GPU,0,57.444,35820165753,0,0,0.000,0.000,0.000,0.000,
GPU,0,57.444,35820165753,0,0,0.000,0.000,0.000,0.000,
GPU,0,57.444,35820165753,0,0,0.000,0.000,0.000,0.000,
GPU,0,57.444,35820165753,0,0,0.000,0.000,0.000,0.000,
GPU,0,57.444,35820165753,0,0,0.000,0.000,0.000,0.000,
GPU,0,57.444,35820165753,0,0,0.000,0.000,0.000,0.000,
GPU,0,57.444,35820165753,0,0,0.000,0.000,0.000,0.000,
GPU,0,57.444,35820165753,0,0,0.000,0.000,0.000,0.000,
GPU,0,57.444,35820165753,0,0,0.000,0.000,0.000,0.000,
GPU,0,57.444,35820165753,0,0,0.000,0.000,0.000,0.000,
GPU,0,57.444,35820165753,0,0,0.000,0.000,0.000,0.000,
GPU,0,57.444,35820165753,0,0,0.000,0.000,0.000,0.000,
GPU,0,57.444,35820165753,0,0,0.000,0.000,0.000,0.000,
GPU,0,57.266,35820165753,0,0,0.000,0.000,0.000,0.000,
GPU,0,57.266,35820165753,0,0,0.000,0.000,0.000,0.000,
GPU,0,57.266,35820165753,0,0,0.000,0.000,0.000,0.000,
GPU,0,57.266,35820165753,0,0,0.000,0.000,0.000,0.000,
GPU,0,57.266,35820165753,0,0,0.000,0.000,0.000,0.000,
GPU,0,57.266,35820165753,0,0,0.000,0.000,0.000,0.000,
GPU,0,57.266,35820165753,0,0,0.000,0.000,0.000,0.000,
GPU,0,57.266,35820165753,0,0,0.000,0.000,0.000,0.000,
GPU,0,57.266,35820165753,0,0,0.000,0.000,0.000,0.000,
GPU,0,57.266,35820165753,0,0,0.000,0.000,0.000,0.000,
GPU,0,57.266,35820165753,0,0,0.000,0.000,0.000,0.000,
GPU,0,57.266,35820165753,0,0,0.000,0.000,0.000,0.000,
GPU,0,57.266,35820165753,0,0,0.000,0.000,0.000,0.000,
GPU,0,57.266,35820165753,0,0,0.000,0.000,0.000,0.000,
GPU,0,57.266,35820165753,0,0,0.000,0.000,0.000,0.000,
GPU,0,57.266,35820165753,0,0,0.000,0.000,0.000,0.000,
GPU,0,57.266,35820165753,0,0,0.000,0.000,0.000,0.000,
GPU,0,57.266,35820165753,0,0,0.000,0.000,0.000,0.000,
GPU,0,57.266,35820165753,0,0,0.000,0.000,0.000,0.000,
GPU,0,57.266,35820165753,0,0,0.000,0.000,0.000,0.000,
GPU,0,57.266,35820165753,0,0,0.000,0.000,0.000,0.000,
GPU,0,57.266,35820165753,0,0,0.000,0.000,0.000,0.000,
GPU,0,57.266,35820165753,0,0,0.000,0.000,0.000,0.000,
GPU,0,57.266,35820165753,0,0,0.000,0.000,0.000,0.000,
GPU,0,57.266,35820165753,0,0,0.000,0.000,0.000,0.000,
GPU,0,57.266,35820165753,0,0,0.000,0.000,0.000,0.000,
GPU,0,57.266,35820165753,0,0,0.000,0.000,0.000,0.000,
GPU,0,57.266,35820165753,0,0,0.000,0.000,0.000,0.000,
GPU,0,57.266,35820165753,0,0,0.000,0.000,0.000,0.000,
GPU,0,57.266,35820165753,0,0,0.000,0.000,0.000,0.000,
GPU,0,57.266,35820165753,0,0,0.000,0.000,0.000,0.000,
GPU,0,57.266,35820165753,0,0,0.000,0.000,0.000,0.000,
GPU,0,57.266,35820165753,0,0,0.000,0.000,0.000,0.000,
GPU,0,57.266,35820165753,0,0,0.000,0.000,0.000,0.000,
GPU,0,57.266,35820165753,0,0,0.000,0.000,0.000,0.000,
GPU,0,57.266,35820165753,0,0,0.000,0.000,0.000,0.000,
GPU,0,57.266,35820171522,0,0,0.000,0.000,0.000,0.000,
GPU,0,57.266,35820171522,0,0,0.000,0.000,0.000,0.000,
GPU,0,57.266,35820171522,0,0,0.000,0.000,0.000,0.000,
GPU,0,57.266,35820171522,0,0,0.000,0.000,0.000,0.000,
GPU,0,57.266,35820171522,0,0,0.000,0.000,0.000,0.000,
GPU,0,57.266,35820171522,0,0,0.000,0.000,0.000,0.000,
GPU,0,57.266,35820171522,0,0,0.000,0.000,0.000,0.000,
GPU,0,57.266,35820171522,0,0,0.000,0.000,0.000,0.000,
GPU,0,57.266,35820171522,0,0,0.000,0.000,0.000,0.000,
GPU,0,57.266,35820171522,0,0,0.000,0.000,0.000,0.000,
GPU,0,57.266,35820171522,0,0,0.000,0.000,0.000,0.000,
GPU,0,57.266,35820171522,0,0,0.000,0.000,0.000,0.000,
GPU,0,57.266,35820171522,0,0,0.000,0.000,0.000,0.000,
GPU,0,57.266,35820171522,0,0,0.000,0.000,0.000,0.000,
GPU,0,57.266,35820171522,0,0,0.000,0.000,0.000,0.000,
GPU,0,57.266,35820171522,0,0,0.000,0.000,0.000,0.000,
GPU,0,57.266,35820171522,0,0,0.000,0.000,0.000,0.000,
GPU,0,57.266,35820171522,0,0,0.000,0.000,0.000,0.000,
GPU,0,57.266,35820171522,0,0,0.000,0.000,0.000,0.000,
GPU,0,57.266,35820171522,0,0,0.000,0.000,0.000,0.000,
GPU,0,57.266,35820171522,0,0,0.000,0.000,0.000,0.000,
GPU,0,57.266,35820171522,0,0,0.000,0.000,0.000,0.000,
GPU,0,57.266,35820171522,0,0,0.000,0.000,0.000,0.000,
GPU,0,57.266,35820171522,0,0,0.000,0.000,0.000,0.000,
GPU,0,57.266,35820171522,0,0,0.000,0.000,0.000,0.000,
GPU,0,57.266,35820171522,0,0,0.000,0.000,0.000,0.000,
GPU,0,57.266,35820171522,0,0,0.000,0.000,0.000,0.000,
GPU,0,57.266,35820171522,0,0,0.000,0.000,0.000,0.000,
GPU,0,57.266,35820171522,0,0,0.000,0.000,0.000,0.000,
GPU,0,57.266,35820171522,0,0,0.000,0.000,0.000,0.000,
GPU,0,57.266,35820171522,0,0,0.000,0.000,0.000,0.000,
GPU,0,57.266,35820171522,0,0,0.000,0.000,0.000,0.000,
GPU,0,57.266,35820171522,0,0,0.000,0.000,0.000,0.000,
GPU,0,57.266,35820171522,0,0,0.000,0.000,0.000,0.000,
GPU,0,57.266,35820171522,0,0,0.000,0.000,0.000,0.000,
GPU,0,57.266,35820171522,0,0,0.000,0.000,0.000,0.000,
GPU,0,57.266,35820171522,0,0,0.000,0.000,0.000,0.000,
GPU,0,57.266,35820171522,0,0,0.000,0.000,0.000,0.000,
GPU,0,57.266,35820171522,0,0,0.000,0.000,0.000,0.000,
GPU,0,57.266,35820171522,0,0,0.000,0.000,0.000,0.000,
GPU,0,57.266,35820171522,0,0,0.000,0.000,0.000,0.000,
GPU,0,57.266,35820171522,0,0,0.000,0.000,0.000,0.000,
GPU,0,57.266,35820171522,0,0,0.000,0.000,0.000,0.000,
GPU,0,57.266,35820171522,0,0,0.000,0.000,0.000,0.000,
GPU,0,57.266,35820171522,0,0,0.000,0.000,0.000,0.000,
GPU,0,57.266,35820171522,0,0,0.000,0.000,0.000,0.000,
GPU,0,57.266,35820171522,0,0,0.000,0.000,0.000,0.000,
GPU,0,57.266,35820171522,0,0,0.000,0.000,0.000,0.000,
GPU,0,57.266,35820171522,0,0,0.000,0.000,0.000,0.000,
GPU,0,57.266,35820171522,0,0,0.000,0.000,0.000,0.000,
GPU,0,57.266,35820171522,0,0,0.000,0.000,0.000,0.000,
GPU,0,57.266,35820171522,0,0,0.000,0.000,0.000,0.000,
GPU,0,57.266,35820171522,0,0,0.000,0.000,0.000,0.000,
GPU,0,57.266,35820171522,0,0,0.000,0.000,0.000,0.000,
GPU,0,57.266,35820171522,0,0,0.000,0.000,0.000,0.000,
GPU,0,57.266,35820171522,0,0,0.000,0.000,0.000,0.000,
GPU,0,57.266,35820171522,0,0,0.000,0.000,0.000,0.000,
GPU,0,57.266,35820171522,0,0,0.000,0.000,0.000,0.000,
GPU,0,57.266,35820171522,0,0,0.000,0.000,0.000,0.000,
GPU,0,57.266,35820171522,0,0,0.000,0.000,0.000,0.000,
GPU,0,57.266,35820171522,0,0,0.000,0.000,0.000,0.000,
GPU,0,57.266,35820171522,0,0,0.000,0.000,0.000,0.000,
GPU,0,57.266,35820171522,0,0,0.000,0.000,0.000,0.000,
GPU,0,57.266,35820171522,0,0,0.000,0.000,0.000,0.000,
GPU,0,57.266,35820171522,0,0,0.000,0.000,0.000,0.000,
GPU,0,57.266,35820171522,0,0,0.000,0.000,0.000,0.000,
GPU,0,57.266,35820171522,0,0,0.000,0.000,0.000,0.000,
GPU,0,57.266,35820171522,0,0,0.000,0.000,0.000,0.000,
GPU,0,57.266,35820171522,0,0,0.000,0.000,0.000,0.000,
GPU,0,57.266,35820171522,0,0,0.000,0.000,0.000,0.000,
GPU,0,57.266,35820177347,0,0,0.000,0.000,0.000,0.000,
GPU,0,57.266,35820177347,0,0,0.000,0.000,0.000,0.000,
GPU,0,57.266,35820177347,0,0,0.000,0.000,0.000,0.000,
GPU,0,57.266,35820177347,0,0,0.000,0.000,0.000,0.000,
GPU,0,57.266,35820177347,0,0,0.000,0.000,0.000,0.000,
GPU,0,57.266,35820177347,0,0,0.000,0.000,0.000,0.000,
GPU,0,57.266,35820177347,0,0,0.000,0.000,0.000,0.000,
GPU,0,57.266,35820177347,0,0,0.000,0.000,0.000,0.000,
GPU,0,57.266,35820177347,0,0,0.000,0.000,0.000,0.000,
GPU,0,57.266,35820177347,0,0,0.000,0.000,0.000,0.000,
GPU,0,57.266,35820177347,0,0,0.000,0.000,0.000,0.000,
GPU,0,57.266,35820177347,0,0,0.000,0.000,0.000,0.000,
GPU,0,57.266,35820177347,0,0,0.000,0.000,0.000,0.000,
GPU,0,57.266,35820177347,0,0,0.000,0.000,0.000,0.000,
GPU,0,57.266,35820177347,0,0,0.000,0.000,0.000,0.000,
GPU,0,57.266,35820177347,0,0,0.000,0.000,0.000,0.000,
GPU,0,57.266,35820177347,0,0,0.000,0.000,0.000,0.000,
GPU,0,57.266,35820177347,0,0,0.000,0.000,0.000,0.000,
GPU,0,57.266,35820177347,0,0,0.000,0.000,0.000,0.000,
GPU,0,57.266,35820177347,0,0,0.000,0.000,0.000,0.000,
GPU,0,57.266,35820177347,0,0,0.000,0.000,0.000,0.000,
GPU,0,57.266,35820177347,0,0,0.000,0.000,0.000,0.000,
GPU,0,57.266,35820177347,0,0,0.000,0.000,0.000,0.000,
GPU,0,57.266,35820177347,0,0,0.000,0.000,0.000,0.000,
GPU,0,57.266,35820177347,0,0,0.000,0.000,0.000,0.000,
GPU,0,57.266,35820177347,0,0,0.000,0.000,0.000,0.000,
GPU,0,57.266,35820177347,0,0,0.000,0.000,0.000,0.000,
GPU,0,57.266,35820177347,0,0,0.000,0.000,0.000,0.000,
GPU,0,57.266,35820177347,0,0,0.000,0.000,0.000,0.000,
GPU,0,57.200,35820177347,0,0,0.000,0.000,0.000,0.000,
GPU,0,57.200,35820177347,0,0,0.000,0.000,0.000,0.000,
GPU,0,57.200,35820177347,0,0,0.000,0.000,0.000,0.000,
GPU,0,57.200,35820177347,0,0,0.000,0.000,0.000,0.000,
GPU,0,57.200,35820177347,0,0,0.000,0.000,0.000,0.000,
GPU,0,57.200,35820177347,0,0,0.000,0.000,0.000,0.000,
GPU,0,57.200,35820177347,0,0,0.000,0.000,0.000,0.000,
GPU,0,57.200,35820177347,0,0,0.000,0.000,0.000,0.000,
GPU,0,57.200,35820177347,0,0,0.000,0.000,0.000,0.000,
GPU,0,57.200,35820177347,0,0,0.000,0.000,0.000,0.000,
GPU,0,57.200,35820177347,0,0,0.000,0.000,0.000,0.000,
GPU,0,57.200,35820177347,0,0,0.000,0.000,0.000,0.000,
GPU,0,57.200,35820177347,0,0,0.000,0.000,0.000,0.000,
GPU,0,57.200,35820177347,0,0,0.000,0.000,0.000,0.000,
GPU,0,57.200,35820177347,0,0,0.000,0.000,0.000,0.000,
GPU,0,57.200,35820177347,0,0,0.000,0.000,0.000,0.000,
GPU,0,57.200,35820177347,0,0,0.000,0.000,0.000,0.000,
GPU,0,57.200,35820177347,0,0,0.000,0.000,0.000,0.000,
GPU,0,57.200,35820177347,0,0,0.000,0.000,0.000,0.000,
GPU,0,57.200,35820177347,0,0,0.000,0.000,0.000,0.000,
GPU,0,57.200,35820177347,0,0,0.000,0.000,0.000,0.000,
GPU,0,57.200,35820177347,0,0,0.000,0.000,0.000,0.000,
GPU,0,57.200,35820177347,0,0,0.000,0.000,0.000,0.000,
GPU,0,57.200,35820177347,0,0,0.000,0.000,0.000,0.000,
GPU,0,57.200,35820177347,0,0,0.000,0.000,0.000,0.000,
GPU,0,57.200,35820177347,0,0,0.000,0.000,0.000,0.000,
GPU,0,57.200,35820177347,0,0,0.000,0.000,0.000,0.000,
GPU,0,57.200,35820177347,0,0,0.000,0.000,0.000,0.000,
GPU,0,57.200,35820177347,0,0,0.000,0.000,0.000,0.000,
GPU,0,57.200,35820177347,0,0,0.000,0.000,0.000,0.000,
GPU,0,57.200,35820177347,0,0,0.000,0.000,0.000,0.000,
GPU,0,57.200,35820177347,0,0,0.000,0.000,0.000,0.000,
GPU,0,57.200,35820177347,0,0,0.000,0.000,0.000,0.000,
GPU,0,57.200,35820177347,0,0,0.000,0.000,0.000,0.000,
GPU,0,57.200,35820177347,0,0,0.000,0.000,0.000,0.000,
GPU,0,57.200,35820177347,0,0,0.000,0.000,0.000,0.000,
GPU,0,57.200,35820177347,0,0,0.000,0.000,0.000,0.000,
GPU,0,57.200,35820177347,0,0,0.000,0.000,0.000,0.000,
GPU,0,57.200,35820177347,0,0,0.000,0.000,0.000,0.000,
GPU,0,57.200,35820177347,0,0,0.000,0.000,0.000,0.000,
GPU,0,57.200,35820177347,0,0,0.000,0.000,0.000,0.000,
GPU,0,57.200,35820183130,0,0,0.000,0.000,0.000,0.000,
GPU,0,57.200,35820183130,0,0,0.000,0.000,0.000,0.000,
GPU,0,57.200,35820183130,0,0,0.000,0.000,0.000,0.000,
GPU,0,57.200,35820183130,0,0,0.000,0.000,0.000,0.000,
GPU,0,57.200,35820183130,0,0,0.000,0.000,0.000,0.000,
GPU,0,57.200,35820183130,0,0,0.000,0.000,0.000,0.000,
GPU,0,57.200,35820183130,0,0,0.000,0.000,0.000,0.000,
GPU,0,57.200,35820183130,0,0,0.000,0.000,0.000,0.000,
GPU,0,57.200,35820183130,0,0,0.000,0.000,0.000,0.000,
GPU,0,57.200,35820183130,0,0,0.000,0.000,0.000,0.000,
GPU,0,57.200,35820183130,0,0,0.000,0.000,0.000,0.000,
GPU,0,57.200,35820183130,0,0,0.000,0.000,0.000,0.000,
GPU,0,57.200,35820183130,0,0,0.000,0.000,0.000,0.000,
GPU,0,57.200,35820183130,0,0,0.000,0.000,0.000,0.000,
GPU,0,57.200,35820183130,0,0,0.000,0.000,0.000,0.000,
GPU,0,57.200,35820183130,0,0,0.000,0.000,0.000,0.000,
GPU,0,57.200,35820183130,0,0,0.000,0.000,0.000,0.000,
GPU,0,57.200,35820183130,0,0,0.000,0.000,0.000,0.000,
GPU,0,57.200,35820183130,0,0,0.000,0.000,0.000,0.000,
GPU,0,57.200,35820183130,0,0,0.000,0.000,0.000,0.000,
GPU,0,57.200,35820183130,0,0,0.000,0.000,0.000,0.000,
GPU,0,57.200,35820183130,0,0,0.000,0.000,0.000,0.000,
GPU,0,57.200,35820183130,0,0,0.000,0.000,0.000,0.000,
GPU,0,57.200,35820183130,0,0,0.000,0.000,0.000,0.000,
GPU,0,57.200,35820183130,0,0,0.000,0.000,0.000,0.000,
GPU,0,57.200,35820183130,0,0,0.000,0.000,0.000,0.000,
GPU,0,57.200,35820183130,0,0,0.000,0.000,0.000,0.000,
GPU,0,57.200,35820183130,0,0,0.000,0.000,0.000,0.000,
GPU,0,57.200,35820183130,0,0,0.000,0.000,0.000,0.000,
GPU,0,57.200,35820183130,0,0,0.000,0.000,0.000,0.000,
GPU,0,57.200,35820183130,0,0,0.000,0.000,0.000,0.000,
GPU,0,57.200,35820183130,0,0,0.000,0.000,0.000,0.000,
GPU,0,57.266,35820183130,0,0,0.000,0.000,0.000,0.000,
GPU,0,57.266,35820183130,0,0,0.000,0.000,0.000,0.000,
GPU,0,57.266,35820183130,0,0,0.000,0.000,0.000,0.000,
GPU,0,57.266,35820183130,0,0,0.000,0.000,0.000,0.000,
GPU,0,57.266,35820183130,0,0,0.000,0.000,0.000,0.000,
GPU,0,57.266,35820183130,0,0,0.000,0.000,0.000,0.000,
GPU,0,57.266,35820183130,0,0,0.000,0.000,0.000,0.000,
GPU,0,57.266,35820183130,0,0,0.000,0.000,0.000,0.000,
GPU,0,57.266,35820183130,0,0,0.000,0.000,0.000,0.000,
GPU,0,57.266,35820183130,0,0,0.000,0.000,0.000,0.000,
GPU,0,57.266,35820183130,0,0,0.000,0.000,0.000,0.000,
GPU,0,57.266,35820183130,0,0,0.000,0.000,0.000,0.000,
GPU,0,57.266,35820183130,0,0,0.000,0.000,0.000,0.000,
GPU,0,57.266,35820183130,0,0,0.000,0.000,0.000,0.000,
GPU,0,57.266,35820183130,0,0,0.000,0.000,0.000,0.000,
GPU,0,57.266,35820183130,0,0,0.000,0.000,0.000,0.000,
GPU,0,57.266,35820183130,0,0,0.000,0.000,0.000,0.000,
GPU,0,57.266,35820183130,0,0,0.000,0.000,0.000,0.000,
GPU,0,57.266,35820183130,0,0,0.000,0.000,0.000,0.000,
GPU,0,57.266,35820183130,0,0,0.000,0.000,0.000,0.000,
GPU,0,57.266,35820183130,0,0,0.000,0.000,0.000,0.000,
GPU,0,57.266,35820183130,0,0,0.000,0.000,0.000,0.000,
GPU,0,57.266,35820183130,0,0,0.000,0.000,0.000,0.000,
GPU,0,57.266,35820183130,0,0,0.000,0.000,0.000,0.000,
GPU,0,57.266,35820183130,0,0,0.000,0.000,0.000,0.000,
GPU,0,57.266,35820183130,0,0,0.000,0.000,0.000,0.000,
GPU,0,57.266,35820183130,0,0,0.000,0.000,0.000,0.000,
GPU,0,57.266,35820183130,0,0,0.000,0.000,0.000,0.000,
GPU,0,57.266,35820183130,0,0,0.000,0.000,0.000,0.000,
GPU,0,57.266,35820183130,0,0,0.000,0.000,0.000,0.000,
GPU,0,57.266,35820183130,0,0,0.000,0.000,0.000,0.000,
GPU,0,57.266,35820183130,0,0,0.000,0.000,0.000,0.000,
GPU,0,57.266,35820183130,0,0,0.000,0.000,0.000,0.000,
GPU,0,57.266,35820183130,0,0,0.000,0.000,0.000,0.000,
GPU,0,57.266,35820183130,0,0,0.000,0.000,0.000,0.000,
GPU,0,57.266,35820188908,0,0,0.000,0.000,0.000,0.000,
GPU,0,57.266,35820188908,0,0,0.000,0.000,0.000,0.000,
GPU,0,57.266,35820188908,0,0,0.000,0.000,0.000,0.000,
GPU,0,57.266,35820188908,0,0,0.000,0.000,0.000,0.000,
GPU,0,57.266,35820188908,0,0,0.000,0.000,0.000,0.000,
GPU,0,57.266,35820188908,0,0,0.000,0.000,0.000,0.000,
GPU,0,57.266,35820188908,0,0,0.000,0.000,0.000,0.000,
GPU,0,57.266,35820188908,0,0,0.000,0.000,0.000,0.000,
GPU,0,57.266,35820188908,0,0,0.000,0.000,0.000,0.000,
GPU,0,57.266,35820188908,0,0,0.000,0.000,0.000,0.000,
GPU,0,57.266,35820188908,0,0,0.000,0.000,0.000,0.000,
GPU,0,57.266,35820188908,0,0,0.000,0.000,0.000,0.000,
GPU,0,57.266,35820188908,0,0,0.000,0.000,0.000,0.000,
GPU,0,57.266,35820188908,0,0,0.000,0.000,0.000,0.000,
GPU,0,57.266,35820188908,0,0,0.000,0.000,0.000,0.000,
GPU,0,57.266,35820188908,0,0,0.000,0.000,0.000,0.000,
GPU,0,57.266,35820188908,0,0,0.000,0.000,0.000,0.000,
GPU,0,57.266,35820188908,0,0,0.000,0.000,0.000,0.000,
GPU,0,57.266,35820188908,0,0,0.000,0.000,0.000,0.000,
GPU,0,57.266,35820188908,0,0,0.000,0.000,0.000,0.000,
GPU,0,57.266,35820188908,0,0,0.000,0.000,0.000,0.000,
GPU,0,57.266,35820188908,0,0,0.000,0.000,0.000,0.000,
GPU,0,57.266,35820188908,0,0,0.000,0.000,0.000,0.000,
GPU,0,57.266,35820188908,0,0,0.000,0.000,0.000,0.000,
GPU,0,57.266,35820188908,0,0,0.000,0.000,0.000,0.000,
GPU,0,57.266,35820188908,0,0,0.000,0.000,0.000,0.000,
GPU,0,57.266,35820188908,0,0,0.000,0.000,0.000,0.000,
GPU,0,57.266,35820188908,0,0,0.000,0.000,0.000,0.000,
GPU,0,57.266,35820188908,0,0,0.000,0.000,0.000,0.000,
GPU,0,57.266,35820188908,0,0,0.000,0.000,0.000,0.000,
GPU,0,57.266,35820188908,0,0,0.000,0.000,0.000,0.000,
GPU,0,57.266,35820188908,0,0,0.000,0.000,0.000,0.000,
GPU,0,57.200,35820188908,0,0,0.000,0.000,0.000,0.000,
GPU,0,57.200,35820188908,0,0,0.000,0.000,0.000,0.000,
GPU,0,57.200,35820188908,0,0,0.000,0.000,0.000,0.000,
GPU,0,57.200,35820188908,0,0,0.000,0.000,0.000,0.000,
GPU,0,57.200,35820188908,0,0,0.000,0.000,0.000,0.000,
GPU,0,57.200,35820188908,0,0,0.000,0.000,0.000,0.000,
GPU,0,57.200,35820188908,0,0,0.000,0.000,0.000,0.000,
GPU,0,57.200,35820188908,0,0,0.000,0.000,0.000,0.000,
GPU,0,57.200,35820188908,0,0,0.000,0.000,0.000,0.000,
GPU,0,57.200,35820188908,0,0,0.000,0.000,0.000,0.000,
GPU,0,57.200,35820188908,0,0,0.000,0.000,0.000,0.000,
GPU,0,57.200,35820188908,0,0,0.000,0.000,0.000,0.000,
GPU,0,57.200,35820188908,0,0,0.000,0.000,0.000,0.000,
GPU,0,57.200,35820188908,0,0,0.000,0.000,0.000,0.000,
GPU,0,57.200,35820188908,0,0,0.000,0.000,0.000,0.000,
GPU,0,57.200,35820188908,0,0,0.000,0.000,0.000,0.000,
GPU,0,57.200,35820188908,0,0,0.000,0.000,0.000,0.000,
GPU,0,57.200,35820188908,0,0,0.000,0.000,0.000,0.000,
GPU,0,57.200,35820188908,0,0,0.000,0.000,0.000,0.000,
GPU,0,57.200,35820188908,0,0,0.000,0.000,0.000,0.000,
GPU,0,57.200,35820188908,0,0,0.000,0.000,0.000,0.000,
GPU,0,57.200,35820188908,0,0,0.000,0.000,0.000,0.000,
GPU,0,57.200,35820188908,0,0,0.000,0.000,0.000,0.000,
GPU,0,57.200,35820188908,0,0,0.000,0.000,0.000,0.000,
GPU,0,57.200,35820188908,0,0,0.000,0.000,0.000,0.000,
GPU,0,57.200,35820188908,0,0,0.000,0.000,0.000,0.000,
GPU,0,57.200,35820188908,0,0,0.000,0.000,0.000,0.000,
GPU,0,57.200,35820188908,0,0,0.000,0.000,0.000,0.000,
GPU,0,57.200,35820188908,0,0,0.000,0.000,0.000,0.000,
GPU,0,57.200,35820188908,0,0,0.000,0.000,0.000,0.000,
GPU,0,57.200,35820188908,0,0,0.000,0.000,0.000,0.000,
GPU,0,57.200,35820188908,0,0,0.000,0.000,0.000,0.000,
GPU,0,57.200,35820188908,0,0,0.000,0.000,0.000,0.000,
GPU,0,57.200,35820188908,0,0,0.000,0.000,0.000,0.000,
GPU,0,57.200,35820188908,0,0,0.000,0.000,0.000,0.000,
GPU,0,57.200,35820188908,0,0,0.000,0.000,0.000,0.000,
GPU,0,57.200,35820188908,0,0,0.000,0.000,0.000,0.000,
GPU,0,57.200,35820194681,0,0,0.000,0.000,0.000,0.000,
GPU,0,57.200,35820194681,0,0,0.000,0.000,0.000,0.000,
GPU,0,57.200,35820194681,0,0,0.000,0.000,0.000,0.000,
GPU,0,57.200,35820194681,0,0,0.000,0.000,0.000,0.000,
GPU,0,57.200,35820194681,0,0,0.000,0.000,0.000,0.000,
GPU,0,57.200,35820194681,0,0,0.000,0.000,0.000,0.000,
GPU,0,57.200,35820194681,0,0,0.000,0.000,0.000,0.000,
GPU,0,57.200,35820194681,0,0,0.000,0.000,0.000,0.000,
GPU,0,57.200,35820194681,0,0,0.000,0.000,0.000,0.000,
GPU,0,57.200,35820194681,0,0,0.000,0.000,0.000,0.000,
GPU,0,57.200,35820194681,0,0,0.000,0.000,0.000,0.000,
GPU,0,57.200,35820194681,0,0,0.000,0.000,0.000,0.000,
GPU,0,57.200,35820194681,0,0,0.000,0.000,0.000,0.000,
GPU,0,57.200,35820194681,0,0,0.000,0.000,0.000,0.000,
GPU,0,57.200,35820194681,0,0,0.000,0.000,0.000,0.000,
GPU,0,57.200,35820194681,0,0,0.000,0.000,0.000,0.000,
GPU,0,57.200,35820194681,0,0,0.000,0.000,0.000,0.000,
GPU,0,57.200,35820194681,0,0,0.000,0.000,0.000,0.000,
GPU,0,57.200,35820194681,0,0,0.000,0.000,0.000,0.000,
GPU,0,57.200,35820194681,0,0,0.000,0.000,0.000,0.000,
GPU,0,57.200,35820194681,0,0,0.000,0.000,0.000,0.000,
GPU,0,57.200,35820194681,0,0,0.000,0.000,0.000,0.000,
GPU,0,57.200,35820194681,0,0,0.000,0.000,0.000,0.000,
GPU,0,57.200,35820194681,0,0,0.000,0.000,0.000,0.000,
GPU,0,57.200,35820194681,0,0,0.000,0.000,0.000,0.000,
GPU,0,57.200,35820194681,0,0,0.000,0.000,0.000,0.000,
GPU,0,57.200,35820194681,0,0,0.000,0.000,0.000,0.000,
GPU,0,57.200,35820194681,0,0,0.000,0.000,0.000,0.000,
GPU,0,57.200,35820194681,0,0,0.000,0.000,0.000,0.000,
GPU,0,57.200,35820194681,0,0,0.000,0.000,0.000,0.000,
GPU,0,57.200,35820194681,0,0,0.000,0.000,0.000,0.000,
GPU,0,57.266,35820194681,0,0,0.000,0.000,0.000,0.000,
GPU,0,57.266,35820194681,0,0,0.000,0.000,0.000,0.000,
GPU,0,57.266,35820194681,0,0,0.000,0.000,0.000,0.000,
GPU,0,57.266,35820194681,0,0,0.000,0.000,0.000,0.000,
GPU,0,57.266,35820194681,0,0,0.000,0.000,0.000,0.000,
GPU,0,57.266,35820194681,0,0,0.000,0.000,0.000,0.000,
GPU,0,57.266,35820194681,0,0,0.000,0.000,0.000,0.000,
GPU,0,57.266,35820194681,0,0,0.000,0.000,0.000,0.000,
GPU,0,57.266,35820194681,0,0,0.000,0.000,0.000,0.000,
GPU,0,57.266,35820194681,0,0,0.000,0.000,0.000,0.000,
GPU,0,57.266,35820194681,0,0,0.000,0.000,0.000,0.000,
GPU,0,57.266,35820194681,0,0,0.000,0.000,0.000,0.000,
GPU,0,57.266,35820194681,0,0,0.000,0.000,0.000,0.000,
GPU,0,57.266,35820194681,0,0,0.000,0.000,0.000,0.000,
GPU,0,57.266,35820194681,0,0,0.000,0.000,0.000,0.000,
GPU,0,57.266,35820194681,0,0,0.000,0.000,0.000,0.000,
GPU,0,57.266,35820194681,0,0,0.000,0.000,0.000,0.000,
GPU,0,57.266,35820194681,0,0,0.000,0.000,0.000,0.000,
GPU,0,57.266,35820194681,0,0,0.000,0.000,0.000,0.000,
GPU,0,57.266,35820194681,0,0,0.000,0.000,0.000,0.000,
GPU,0,57.266,35820194681,0,0,0.000,0.000,0.000,0.000,
GPU,0,57.266,35820194681,0,0,0.000,0.000,0.000,0.000,
GPU,0,57.266,35820194681,0,0,0.000,0.000,0.000,0.000,
GPU,0,57.266,35820194681,0,0,0.000,0.000,0.000,0.000,
GPU,0,57.266,35820194681,0,0,0.000,0.000,0.000,0.000,
GPU,0,57.266,35820194681,0,0,0.000,0.000,0.000,0.000,
GPU,0,57.266,35820194681,0,0,0.000,0.000,0.000,0.000,
GPU,0,57.266,35820194681,0,0,0.000,0.000,0.000,0.000,
GPU,0,57.266,35820194681,0,0,0.000,0.000,0.000,0.000,
GPU,0,57.266,35820194681,0,0,0.000,0.000,0.000,0.000,
GPU,0,57.266,35820194681,0,0,0.000,0.000,0.000,0.000,
GPU,0,57.266,35820194681,0,0,0.000,0.000,0.000,0.000,
GPU,0,57.266,35820194681,0,0,0.000,0.000,0.000,0.000,
GPU,0,57.266,35820194681,0,0,0.000,0.000,0.000,0.000,
GPU,0,57.266,35820194681,0,0,0.000,0.000,0.000,0.000,
GPU,0,57.266,35820194681,0,0,0.000,0.000,0.000,0.000,
GPU,0,57.266,35820194681,0,0,0.000,0.000,0.000,0.000,
GPU,0,57.266,35820200448,0,0,0.000,0.000,0.000,0.000,
GPU,0,57.266,35820200448,0,0,0.000,0.000,0.000,0.000,
GPU,0,57.266,35820200448,0,0,0.000,0.000,0.000,0.000,
GPU,0,57.266,35820200448,0,0,0.000,0.000,0.000,0.000,
GPU,0,57.266,35820200448,0,0,0.000,0.000,0.000,0.000,
GPU,0,57.266,35820200448,0,0,0.000,0.000,0.000,0.000,
GPU,0,57.266,35820200448,0,0,0.000,0.000,0.000,0.000,
GPU,0,57.266,35820200448,0,0,0.000,0.000,0.000,0.000,
GPU,0,57.266,35820200448,0,0,0.000,0.000,0.000,0.000,
GPU,0,57.266,35820200448,0,0,0.000,0.000,0.000,0.000,
GPU,0,57.266,35820200448,0,0,0.000,0.000,0.000,0.000,
GPU,0,57.266,35820200448,0,0,0.000,0.000,0.000,0.000,
GPU,0,57.266,35820200448,0,0,0.000,0.000,0.000,0.000,
GPU,0,57.266,35820200448,0,0,0.000,0.000,0.000,0.000,
GPU,0,57.266,35820200448,0,0,0.000,0.000,0.000,0.000,
GPU,0,57.266,35820200448,0,0,0.000,0.000,0.000,0.000,
GPU,0,57.266,35820200448,0,0,0.000,0.000,0.000,0.000,
GPU,0,57.266,35820200448,0,0,0.000,0.000,0.000,0.000,
GPU,0,57.266,35820200448,0,0,0.000,0.000,0.000,0.000,
GPU,0,57.266,35820200448,0,0,0.000,0.000,0.000,0.000,
GPU,0,57.266,35820200448,0,0,0.000,0.000,0.000,0.000,
GPU,0,57.266,35820200448,0,0,0.000,0.000,0.000,0.000,
GPU,0,57.266,35820200448,0,0,0.000,0.000,0.000,0.000,
GPU,0,57.266,35820200448,0,0,0.000,0.000,0.000,0.000,
GPU,0,57.266,35820200448,0,0,0.000,0.000,0.000,0.000,
GPU,0,57.266,35820200448,0,0,0.000,0.000,0.000,0.000,
GPU,0,57.266,35820200448,0,0,0.000,0.000,0.000,0.000,
GPU,0,57.266,35820200448,0,0,0.000,0.000,0.000,0.000,
GPU,0,57.266,35820200448,0,0,0.000,0.000,0.000,0.000,
GPU,0,57.266,35820200448,0,0,0.000,0.000,0.000,0.000,
GPU,0,57.444,35820200448,0,0,0.000,0.000,0.000,0.000,
GPU,0,57.444,35820200448,0,0,0.000,0.000,0.000,0.000,
GPU,0,57.444,35820200448,0,0,0.000,0.000,0.000,0.000,
GPU,0,57.444,35820200448,0,0,0.000,0.000,0.000,0.000,
GPU,0,57.444,35820200448,0,0,0.000,0.000,0.000,0.000,
GPU,0,57.444,35820200448,0,0,0.000,0.000,0.000,0.000,
GPU,0,57.444,35820200448,0,0,0.000,0.000,0.000,0.000,
GPU,0,57.444,35820200448,0,0,0.000,0.000,0.000,0.000,
GPU,0,57.444,35820200448,0,0,0.000,0.000,0.000,0.000,
GPU,0,57.444,35820200448,0,0,0.000,0.000,0.000,0.000,
GPU,0,57.444,35820200448,0,0,0.000,0.000,0.000,0.000,
GPU,0,57.444,35820200448,0,0,0.000,0.000,0.000,0.000,
GPU,0,57.444,35820200448,0,0,0.000,0.000,0.000,0.000,
GPU,0,57.444,35820200448,0,0,0.000,0.000,0.000,0.000,
GPU,0,57.444,35820200448,0,0,0.000,0.000,0.000,0.000,
GPU,0,57.444,35820200448,0,0,0.000,0.000,0.000,0.000,
GPU,0,57.444,35820200448,0,0,0.000,0.000,0.000,0.000,
GPU,0,57.444,35820200448,0,0,0.000,0.000,0.000,0.000,
GPU,0,57.444,35820200448,0,0,0.000,0.000,0.000,0.000,
GPU,0,57.444,35820200448,0,0,0.000,0.000,0.000,0.000,
GPU,0,57.444,35820200448,0,0,0.000,0.000,0.000,0.000,
GPU,0,57.444,35820200448,0,0,0.000,0.000,0.000,0.000,
GPU,0,57.444,35820200448,0,0,0.000,0.000,0.000,0.000,
GPU,0,57.444,35820200448,0,0,0.000,0.000,0.000,0.000,
GPU,0,57.444,35820200448,0,0,0.000,0.000,0.000,0.000,
GPU,0,57.444,35820200448,0,0,0.000,0.000,0.000,0.000,
GPU,0,57.444,35820200448,0,0,0.000,0.000,0.000,0.000,
GPU,0,57.444,35820200448,0,0,0.000,0.000,0.000,0.000,
GPU,0,57.444,35820200448,0,0,0.000,0.000,0.000,0.000,
GPU,0,57.444,35820200448,0,0,0.000,0.000,0.000,0.000,
GPU,0,57.444,35820200448,0,0,0.000,0.000,0.000,0.000,
GPU,0,57.444,35820200448,0,0,0.000,0.000,0.000,0.000,
GPU,0,57.444,35820200448,0,0,0.000,0.000,0.000,0.000,
GPU,0,57.444,35820200448,0,0,0.000,0.000,0.000,0.000,
GPU,0,57.444,35820200448,0,0,0.000,0.000,0.000,0.000,
GPU,0,57.444,35820200448,0,0,0.000,0.000,0.000,0.000,
GPU,0,57.444,35820206170,0,0,0.000,0.000,0.000,0.000,
GPU,0,57.444,35820206170,0,0,0.000,0.000,0.000,0.000,
GPU,0,57.444,35820206170,0,0,0.000,0.000,0.000,0.000,
GPU,0,57.444,35820206170,0,0,0.000,0.000,0.000,0.000,
GPU,0,57.444,35820206170,0,0,0.000,0.000,0.000,0.000,
GPU,0,57.444,35820206170,0,0,0.000,0.000,0.000,0.000,
GPU,0,57.444,35820206170,0,0,0.000,0.000,0.000,0.000,
GPU,0,57.444,35820206170,0,0,0.000,0.000,0.000,0.000,
GPU,0,57.444,35820206170,0,0,0.000,0.000,0.000,0.000,
GPU,0,57.444,35820206170,0,0,0.000,0.000,0.000,0.000,
GPU,0,57.444,35820206170,0,0,0.000,0.000,0.000,0.000,
GPU,0,57.444,35820206170,0,0,0.000,0.000,0.000,0.000,
GPU,0,57.444,35820206170,0,0,0.000,0.000,0.000,0.000,
GPU,0,57.444,35820206170,0,0,0.000,0.000,0.000,0.000,
GPU,0,57.444,35820206170,0,0,0.000,0.000,0.000,0.000,
GPU,0,57.444,35820206170,0,0,0.000,0.000,0.000,0.000,
GPU,0,57.444,35820206170,0,0,0.000,0.000,0.000,0.000,
GPU,0,57.444,35820206170,0,0,0.000,0.000,0.000,0.000,
GPU,0,57.444,35820206170,0,0,0.000,0.000,0.000,0.000,
GPU,0,57.444,35820206170,0,0,0.000,0.000,0.000,0.000,
GPU,0,57.444,35820206170,0,0,0.000,0.000,0.000,0.000,
GPU,0,57.444,35820206170,0,0,0.000,0.000,0.000,0.000,
GPU,0,57.444,35820206170,0,0,0.000,0.000,0.000,0.000,
GPU,0,57.444,35820206170,0,0,0.000,0.000,0.000,0.000,
GPU,0,57.444,35820206170,0,0,0.000,0.000,0.000,0.000,
GPU,0,57.444,35820206170,0,0,0.000,0.000,0.000,0.000,
GPU,0,57.444,35820206170,0,0,0.000,0.000,0.000,0.000,
GPU,0,57.444,35820206170,0,0,0.000,0.000,0.000,0.000,
GPU,0,57.444,35820206170,0,0,0.000,0.000,0.000,0.000,
GPU,0,57.444,35820206170,0,0,0.000,0.000,0.000,0.000,
GPU,0,57.200,35820206170,0,0,0.000,0.000,0.000,0.000,
GPU,0,57.200,35820206170,0,0,0.000,0.000,0.000,0.000,
GPU,0,57.200,35820206170,0,0,0.000,0.000,0.000,0.000,
GPU,0,57.200,35820206170,0,0,0.000,0.000,0.000,0.000,
GPU,0,57.200,35820206170,0,0,0.000,0.000,0.000,0.000,
GPU,0,57.200,35820206170,0,0,0.000,0.000,0.000,0.000,
GPU,0,57.200,35820206170,0,0,0.000,0.000,0.000,0.000,
GPU,0,57.200,35820206170,0,0,0.000,0.000,0.000,0.000,
GPU,0,57.200,35820206170,0,0,0.000,0.000,0.000,0.000,
GPU,0,57.200,35820206170,0,0,0.000,0.000,0.000,0.000,
GPU,0,57.200,35820206170,0,0,0.000,0.000,0.000,0.000,
GPU,0,57.200,35820206170,0,0,0.000,0.000,0.000,0.000,
GPU,0,57.200,35820206170,0,0,0.000,0.000,0.000,0.000,
GPU,0,57.200,35820206170,0,0,0.000,0.000,0.000,0.000,
GPU,0,57.200,35820206170,0,0,0.000,0.000,0.000,0.000,
GPU,0,57.200,35820206170,0,0,0.000,0.000,0.000,0.000,
GPU,0,57.200,35820206170,0,0,0.000,0.000,0.000,0.000,
GPU,0,57.200,35820206170,0,0,0.000,0.000,0.000,0.000,
GPU,0,57.200,35820206170,0,0,0.000,0.000,0.000,0.000,
GPU,0,57.200,35820206170,0,0,0.000,0.000,0.000,0.000,
GPU,0,57.200,35820206170,0,0,0.000,0.000,0.000,0.000,
GPU,0,57.200,35820206170,0,0,0.000,0.000,0.000,0.000,
GPU,0,57.200,35820206170,0,0,0.000,0.000,0.000,0.000,
GPU,0,57.200,35820206170,0,0,0.000,0.000,0.000,0.000,
GPU,0,57.200,35820206170,0,0,0.000,0.000,0.000,0.000,
GPU,0,57.200,35820206170,0,0,0.000,0.000,0.000,0.000,
GPU,0,57.200,35820206170,0,0,0.000,0.000,0.000,0.000,
GPU,0,57.200,35820206170,0,0,0.000,0.000,0.000,0.000,
GPU,0,57.200,35820206170,0,0,0.000,0.000,0.000,0.000,
GPU,0,57.200,35820206170,0,0,0.000,0.000,0.000,0.000,
GPU,0,57.200,35820206170,0,0,0.000,0.000,0.000,0.000,
GPU,0,57.200,35820206170,0,0,0.000,0.000,0.000,0.000,
GPU,0,57.200,35820206170,0,0,0.000,0.000,0.000,0.000,
GPU,0,57.200,35820206170,0,0,0.000,0.000,0.000,0.000,
GPU,0,57.200,35820206170,0,0,0.000,0.000,0.000,0.000,
GPU,0,57.200,35820206170,0,0,0.000,0.000,0.000,0.000,
GPU,0,57.200,35820206170,0,0,0.000,0.000,0.000,0.000,
GPU,0,57.200,35820206170,0,0,0.000,0.000,0.000,0.000,
GPU,0,57.200,35820206170,0,0,0.000,0.000,0.000,0.000,
GPU,0,57.200,35820206170,0,0,0.000,0.000,0.000,0.000,
GPU,0,57.200,35820211969,0,0,0.000,0.000,0.000,0.000,
GPU,0,57.200,35820211969,0,0,0.000,0.000,0.000,0.000,
GPU,0,57.200,35820211969,0,0,0.000,0.000,0.000,0.000,
GPU,0,57.200,35820211969,0,0,0.000,0.000,0.000,0.000,
GPU,0,57.200,35820211969,0,0,0.000,0.000,0.000,0.000,
GPU,0,57.200,35820211969,0,0,0.000,0.000,0.000,0.000,
GPU,0,57.200,35820211969,0,0,0.000,0.000,0.000,0.000,
GPU,0,57.200,35820211969,0,0,0.000,0.000,0.000,0.000,
GPU,0,57.200,35820211969,0,0,0.000,0.000,0.000,0.000,
GPU,0,57.200,35820211969,0,0,0.000,0.000,0.000,0.000,
GPU,0,57.200,35820211969,0,0,0.000,0.000,0.000,0.000,
GPU,0,57.200,35820211969,0,0,0.000,0.000,0.000,0.000,
GPU,0,57.200,35820211969,0,0,0.000,0.000,0.000,0.000,
GPU,0,57.200,35820211969,0,0,0.000,0.000,0.000,0.000,
GPU,0,57.200,35820211969,0,0,0.000,0.000,0.000,0.000,
GPU,0,57.200,35820211969,0,0,0.000,0.000,0.000,0.000,
GPU,0,57.200,35820211969,0,0,0.000,0.000,0.000,0.000,
GPU,0,57.200,35820211969,0,0,0.000,0.000,0.000,0.000,
GPU,0,57.200,35820211969,0,0,0.000,0.000,0.000,0.000,
GPU,0,57.200,35820211969,0,0,0.000,0.000,0.000,0.000,
GPU,0,57.200,35820211969,0,0,0.000,0.000,0.000,0.000,
GPU,0,57.200,35820211969,0,0,0.000,0.000,0.000,0.000,
GPU,0,57.200,35820211969,0,0,0.000,0.000,0.000,0.000,
GPU,0,57.200,35820211969,0,0,0.000,0.000,0.000,0.000,
GPU,0,57.200,35820211969,0,0,0.000,0.000,0.000,0.000,
GPU,0,57.200,35820211969,0,0,0.000,0.000,0.000,0.000,
GPU,0,57.200,35820211969,0,0,0.000,0.000,0.000,0.000,
GPU,0,57.200,35820211969,0,0,0.000,0.000,0.000,0.000,
GPU,0,57.200,35820211969,0,0,0.000,0.000,0.000,0.000,
GPU,0,57.200,35820211969,0,0,0.000,0.000,0.000,0.000,
GPU,0,57.200,35820211969,0,0,0.000,0.000,0.000,0.000,
GPU,0,57.266,35820211969,0,0,0.000,0.000,0.000,0.000,
GPU,0,57.266,35820211969,0,0,0.000,0.000,0.000,0.000,
GPU,0,57.266,35820211969,0,0,0.000,0.000,0.000,0.000,
GPU,0,57.266,35820211969,0,0,0.000,0.000,0.000,0.000,
GPU,0,57.266,35820211969,0,0,0.000,0.000,0.000,0.000,
GPU,0,57.266,35820211969,0,0,0.000,0.000,0.000,0.000,
GPU,0,57.266,35820211969,0,0,0.000,0.000,0.000,0.000,
GPU,0,57.266,35820211969,0,0,0.000,0.000,0.000,0.000,
GPU,0,57.266,35820211969,0,0,0.000,0.000,0.000,0.000,
GPU,0,57.266,35820211969,0,0,0.000,0.000,0.000,0.000,
GPU,0,57.266,35820211969,0,0,0.000,0.000,0.000,0.000,
GPU,0,57.266,35820211969,0,0,0.000,0.000,0.000,0.000,
GPU,0,57.266,35820211969,0,0,0.000,0.000,0.000,0.000,
GPU,0,57.266,35820211969,0,0,0.000,0.000,0.000,0.000,
GPU,0,57.266,35820211969,0,0,0.000,0.000,0.000,0.000,
GPU,0,57.266,35820211969,0,0,0.000,0.000,0.000,0.000,
GPU,0,57.266,35820211969,0,0,0.000,0.000,0.000,0.000,
GPU,0,57.266,35820211969,0,0,0.000,0.000,0.000,0.000,
GPU,0,57.266,35820211969,0,0,0.000,0.000,0.000,0.000,
GPU,0,57.266,35820211969,0,0,0.000,0.000,0.000,0.000,
GPU,0,57.266,35820211969,0,0,0.000,0.000,0.000,0.000,
GPU,0,57.266,35820211969,0,0,0.000,0.000,0.000,0.000,
GPU,0,57.266,35820211969,0,0,0.000,0.000,0.000,0.000,
GPU,0,57.266,35820211969,0,0,0.000,0.000,0.000,0.000,
GPU,0,57.266,35820211969,0,0,0.000,0.000,0.000,0.000,
GPU,0,57.266,35820211969,0,0,0.000,0.000,0.000,0.000,
GPU,0,57.266,35820211969,0,0,0.000,0.000,0.000,0.000,
GPU,0,57.266,35820211969,0,0,0.000,0.000,0.000,0.000,
GPU,0,57.266,35820211969,0,0,0.000,0.000,0.000,0.000,
GPU,0,57.266,35820211969,0,0,0.000,0.000,0.000,0.000,
GPU,0,57.266,35820211969,0,0,0.000,0.000,0.000,0.000,
GPU,0,57.266,35820211969,0,0,0.000,0.000,0.000,0.000,
GPU,0,57.266,35820211969,0,0,0.000,0.000,0.000,0.000,
GPU,0,57.266,35820211969,0,0,0.000,0.000,0.000,0.000,
GPU,0,57.266,35820211969,0,0,0.000,0.000,0.000,0.000,
GPU,0,57.266,35820211969,0,0,0.000,0.000,0.000,0.000,
GPU,0,57.266,35820217710,0,0,0.000,0.000,0.000,0.000,
GPU,0,57.266,35820217710,0,0,0.000,0.000,0.000,0.000,
GPU,0,57.266,35820217710,0,0,0.000,0.000,0.000,0.000,
GPU,0,57.266,35820217710,0,0,0.000,0.000,0.000,0.000,
GPU,0,57.266,35820217710,0,0,0.000,0.000,0.000,0.000,
GPU,0,57.266,35820217710,0,0,0.000,0.000,0.000,0.000,
GPU,0,57.266,35820217710,0,0,0.000,0.000,0.000,0.000,
GPU,0,57.266,35820217710,0,0,0.000,0.000,0.000,0.000,
GPU,0,57.266,35820217710,0,0,0.000,0.000,0.000,0.000,
GPU,0,57.266,35820217710,0,0,0.000,0.000,0.000,0.000,
GPU,0,57.266,35820217710,0,0,0.000,0.000,0.000,0.000,
GPU,0,57.266,35820217710,0,0,0.000,0.000,0.000,0.000,
GPU,0,57.266,35820217710,0,0,0.000,0.000,0.000,0.000,
GPU,0,57.266,35820217710,0,0,0.000,0.000,0.000,0.000,
GPU,0,57.266,35820217710,0,0,0.000,0.000,0.000,0.000,
GPU,0,57.266,35820217710,0,0,0.000,0.000,0.000,0.000,
GPU,0,57.266,35820217710,0,0,0.000,0.000,0.000,0.000,
GPU,0,57.266,35820217710,0,0,0.000,0.000,0.000,0.000,
GPU,0,57.266,35820217710,0,0,0.000,0.000,0.000,0.000,
GPU,0,57.266,35820217710,0,0,0.000,0.000,0.000,0.000,
GPU,0,57.266,35820217710,0,0,0.000,0.000,0.000,0.000,
GPU,0,57.266,35820217710,0,0,0.000,0.000,0.000,0.000,
GPU,0,57.266,35820217710,0,0,0.000,0.000,0.000,0.000,
GPU,0,57.266,35820217710,0,0,0.000,0.000,0.000,0.000,
GPU,0,57.266,35820217710,0,0,0.000,0.000,0.000,0.000,
GPU,0,57.266,35820217710,0,0,0.000,0.000,0.000,0.000,
GPU,0,57.266,35820217710,0,0,0.000,0.000,0.000,0.000,
GPU,0,57.266,35820217710,0,0,0.000,0.000,0.000,0.000,
GPU,0,57.266,35820217710,0,0,0.000,0.000,0.000,0.000,
GPU,0,57.266,35820217710,0,0,0.000,0.000,0.000,0.000,
GPU,0,57.266,35820217710,0,0,0.000,0.000,0.000,0.000,
GPU,0,57.266,35820217710,0,0,0.000,0.000,0.000,0.000,
GPU,0,57.266,35820217710,0,0,0.000,0.000,0.000,0.000,
GPU,0,57.266,35820217710,0,0,0.000,0.000,0.000,0.000,
GPU,0,57.266,35820223491,0,0,0.000,0.000,0.000,0.000,
GPU,0,57.266,35820223491,0,0,0.000,0.000,0.000,0.000,
GPU,0,57.266,35820223491,0,0,0.000,0.000,0.000,0.000,
GPU,0,57.266,35820223491,0,0,0.000,0.000,0.000,0.000,
GPU,0,57.266,35820223491,0,0,0.000,0.000,0.000,0.000,
GPU,0,57.266,35820223491,0,0,0.000,0.000,0.000,0.000,
GPU,0,57.266,35820223491,0,0,0.000,0.000,0.000,0.000,
GPU,0,57.266,35820223491,0,0,0.000,0.000,0.000,0.000,
GPU,0,57.266,35820223491,0,0,0.000,0.000,0.000,0.000,
GPU,0,57.266,35820223491,0,0,0.000,0.000,0.000,0.000,
GPU,0,57.266,35820223491,0,0,0.000,0.000,0.000,0.000,
GPU,0,57.266,35820223491,0,0,0.000,0.000,0.000,0.000,
GPU,0,57.266,35820223491,0,0,0.000,0.000,0.000,0.000,
GPU,0,57.266,35820223491,0,0,0.000,0.000,0.000,0.000,
GPU,0,57.266,35820223491,0,0,0.000,0.000,0.000,0.000,
GPU,0,57.266,35820223491,0,0,0.000,0.000,0.000,0.000,
GPU,0,57.266,35820223491,0,0,0.000,0.000,0.000,0.000,
GPU,0,57.266,35820223491,0,0,0.000,0.000,0.000,0.000,
GPU,0,57.266,35820223491,0,0,0.000,0.000,0.000,0.000,
GPU,0,57.266,35820223491,0,0,0.000,0.000,0.000,0.000,
GPU,0,57.266,35820223491,0,0,0.000,0.000,0.000,0.000,
GPU,0,57.266,35820223491,0,0,0.000,0.000,0.000,0.000,
GPU,0,57.266,35820223491,0,0,0.000,0.000,0.000,0.000,
GPU,0,57.266,35820223491,0,0,0.000,0.000,0.000,0.000,
GPU,0,57.266,35820223491,0,0,0.000,0.000,0.000,0.000,
GPU,0,57.266,35820223491,0,0,0.000,0.000,0.000,0.000,
GPU,0,57.266,35820223491,0,0,0.000,0.000,0.000,0.000,
GPU,0,57.266,35820223491,0,0,0.000,0.000,0.000,0.000,
GPU,0,57.266,35820223491,0,0,0.000,0.000,0.000,0.000,
GPU,0,57.266,35820223491,0,0,0.000,0.000,0.000,0.000,
GPU,0,57.266,35820223491,0,0,0.000,0.000,0.000,0.000,
GPU,0,57.266,35820223491,0,0,0.000,0.000,0.000,0.000,
GPU,0,57.266,35820223491,0,0,0.000,0.000,0.000,0.000,
GPU,0,57.266,35820223491,0,0,0.000,0.000,0.000,0.000,
GPU,0,57.266,35820223491,0,0,0.000,0.000,0.000,0.000,
GPU,0,57.266,35820223491,0,0,0.000,0.000,0.000,0.000,
GPU,0,57.266,35820223491,0,0,0.000,0.000,0.000,0.000,
GPU,0,57.266,35820223491,0,0,0.000,0.000,0.000,0.000,
GPU,0,57.266,35820223491,0,0,0.000,0.000,0.000,0.000,
GPU,0,57.266,35820223491,0,0,0.000,0.000,0.000,0.000,
GPU,0,57.266,35820223491,0,0,0.000,0.000,0.000,0.000,
GPU,0,57.266,35820223491,0,0,0.000,0.000,0.000,0.000,
GPU,0,57.266,35820223491,0,0,0.000,0.000,0.000,0.000,
GPU,0,57.266,35820229303,0,0,0.000,0.000,0.000,0.000,
GPU,0,57.266,35820229303,0,0,0.000,0.000,0.000,0.000,
GPU,0,57.266,35820229303,0,0,0.000,0.000,0.000,0.000,
GPU,0,57.266,35820229303,0,0,0.000,0.000,0.000,0.000,
GPU,0,57.266,35820229303,0,0,0.000,0.000,0.000,0.000,
GPU,0,57.266,35820229303,0,0,0.000,0.000,0.000,0.000,
GPU,0,57.266,35820229303,0,0,0.000,0.000,0.000,0.000,
GPU,0,57.266,35820229303,0,0,0.000,0.000,0.000,0.000,
GPU,0,57.266,35820229303,0,0,0.000,0.000,0.000,0.000,
GPU,0,57.266,35820229303,0,0,0.000,0.000,0.000,0.000,
GPU,0,57.266,35820229303,0,0,0.000,0.000,0.000,0.000,
GPU,0,57.266,35820229303,0,0,0.000,0.000,0.000,0.000,
GPU,0,57.266,35820229303,0,0,0.000,0.000,0.000,0.000,
GPU,0,57.266,35820229303,0,0,0.000,0.000,0.000,0.000,
GPU,0,57.266,35820229303,0,0,0.000,0.000,0.000,0.000,
GPU,0,57.266,35820229303,0,0,0.000,0.000,0.000,0.000,
GPU,0,57.266,35820229303,0,0,0.000,0.000,0.000,0.000,
GPU,0,57.266,35820229303,0,0,0.000,0.000,0.000,0.000,
GPU,0,57.266,35820229303,0,0,0.000,0.000,0.000,0.000,
GPU,0,57.266,35820229303,0,0,0.000,0.000,0.000,0.000,
GPU,0,57.266,35820229303,0,0,0.000,0.000,0.000,0.000,
GPU,0,57.266,35820229303,0,0,0.000,0.000,0.000,0.000,
GPU,0,57.266,35820229303,0,0,0.000,0.000,0.000,0.000,
GPU,0,57.266,35820229303,0,0,0.000,0.000,0.000,0.000,
GPU,0,57.266,35820229303,0,0,0.000,0.000,0.000,0.000,
GPU,0,57.266,35820229303,0,0,0.000,0.000,0.000,0.000,
GPU,0,57.266,35820229303,0,0,0.000,0.000,0.000,0.000,
GPU,0,57.266,35820229303,0,0,0.000,0.000,0.000,0.000,
GPU,0,57.266,35820229303,0,0,0.000,0.000,0.000,0.000,
GPU,0,57.266,35820229303,0,0,0.000,0.000,0.000,0.000,
GPU,0,57.266,35820229303,0,0,0.000,0.000,0.000,0.000,
GPU,0,57.266,35820229303,0,0,0.000,0.000,0.000,0.000,
GPU,0,57.266,35820229303,0,0,0.000,0.000,0.000,0.000,
GPU,0,57.266,35820229303,0,0,0.000,0.000,0.000,0.000,
GPU,0,57.266,35820229303,0,0,0.000,0.000,0.000,0.000,
GPU,0,57.266,35820229303,0,0,0.000,0.000,0.000,0.000,
GPU,0,57.266,35820229303,0,0,0.000,0.000,0.000,0.000,
GPU,0,57.266,35820229303,0,0,0.000,0.000,0.000,0.000,
GPU,0,57.266,35820229303,0,0,0.000,0.000,0.000,0.000,
GPU,0,57.266,35820229303,0,0,0.000,0.000,0.000,0.000,
GPU,0,57.266,35820229303,0,0,0.000,0.000,0.000,0.000,
GPU,0,57.266,35820229303,0,0,0.000,0.000,0.000,0.000,
GPU,0,57.266,35820229303,0,0,0.000,0.000,0.000,0.000,
GPU,0,57.266,35820229303,0,0,0.000,0.000,0.000,0.000,
GPU,0,57.266,35820229303,0,0,0.000,0.000,0.000,0.000,
GPU,0,57.266,35820229303,0,0,0.000,0.000,0.000,0.000,
GPU,0,57.266,35820229303,0,0,0.000,0.000,0.000,0.000,
GPU,0,57.266,35820229303,0,0,0.000,0.000,0.000,0.000,
GPU,0,57.266,35820229303,0,0,0.000,0.000,0.000,0.000,
GPU,0,57.266,35820229303,0,0,0.000,0.000,0.000,0.000,
GPU,0,57.266,35820229303,0,0,0.000,0.000,0.000,0.000,
GPU,0,57.266,35820229303,0,0,0.000,0.000,0.000,0.000,
GPU,0,57.266,35820229303,0,0,0.000,0.000,0.000,0.000,
GPU,0,57.266,35820229303,0,0,0.000,0.000,0.000,0.000,
GPU,0,57.266,35820229303,0,0,0.000,0.000,0.000,0.000,
GPU,0,57.266,35820229303,0,0,0.000,0.000,0.000,0.000,
GPU,0,57.266,35820229303,0,0,0.000,0.000,0.000,0.000,
GPU,0,57.266,35820229303,0,0,0.000,0.000,0.000,0.000,
GPU,0,57.266,35820229303,0,0,0.000,0.000,0.000,0.000,
GPU,0,57.266,35820229303,0,0,0.000,0.000,0.000,0.000,
GPU,0,57.266,35820229303,0,0,0.000,0.000,0.000,0.000,
GPU,0,57.266,35820229303,0,0,0.000,0.000,0.000,0.000,
GPU,0,57.266,35820229303,0,0,0.000,0.000,0.000,0.000,
GPU,0,57.266,35820235029,0,0,0.000,0.000,0.000,0.000,
GPU,0,57.266,35820235029,0,0,0.000,0.000,0.000,0.000,
GPU,0,57.266,35820235029,0,0,0.000,0.000,0.000,0.000,
GPU,0,57.266,35820235029,0,0,0.000,0.000,0.000,0.000,
GPU,0,57.266,35820235029,0,0,0.000,0.000,0.000,0.000,
GPU,0,57.266,35820235029,0,0,0.000,0.000,0.000,0.000,
GPU,0,57.266,35820235029,0,0,0.000,0.000,0.000,0.000,
GPU,0,57.266,35820235029,0,0,0.000,0.000,0.000,0.000,
GPU,0,57.266,35820235029,0,0,0.000,0.000,0.000,0.000,
GPU,0,57.266,35820235029,0,0,0.000,0.000,0.000,0.000,
GPU,0,57.266,35820235029,0,0,0.000,0.000,0.000,0.000,
GPU,0,57.266,35820235029,0,0,0.000,0.000,0.000,0.000,
GPU,0,57.266,35820235029,0,0,0.000,0.000,0.000,0.000,
GPU,0,57.266,35820235029,0,0,0.000,0.000,0.000,0.000,
GPU,0,57.266,35820235029,0,0,0.000,0.000,0.000,0.000,
GPU,0,57.266,35820235029,0,0,0.000,0.000,0.000,0.000,
GPU,0,57.266,35820235029,0,0,0.000,0.000,0.000,0.000,
GPU,0,57.266,35820235029,0,0,0.000,0.000,0.000,0.000,
GPU,0,57.266,35820235029,0,0,0.000,0.000,0.000,0.000,
GPU,0,57.266,35820235029,0,0,0.000,0.000,0.000,0.000,
GPU,0,57.266,35820235029,0,0,0.000,0.000,0.000,0.000,
GPU,0,57.266,35820235029,0,0,0.000,0.000,0.000,0.000,
GPU,0,57.266,35820235029,0,0,0.000,0.000,0.000,0.000,
GPU,0,57.266,35820235029,0,0,0.000,0.000,0.000,0.000,
GPU,0,57.266,35820235029,0,0,0.000,0.000,0.000,0.000,
GPU,0,57.266,35820235029,0,0,0.000,0.000,0.000,0.000,
GPU,0,57.266,35820235029,0,0,0.000,0.000,0.000,0.000,
GPU,0,57.266,35820235029,0,0,0.000,0.000,0.000,0.000,
GPU,0,57.266,35820235029,0,0,0.000,0.000,0.000,0.000,
GPU,0,57.266,35820235029,0,0,0.000,0.000,0.000,0.000,
GPU,0,57.266,35820235029,0,0,0.000,0.000,0.000,0.000,
GPU,0,57.266,35820235029,0,0,0.000,0.000,0.000,0.000,
GPU,0,57.266,35820235029,0,0,0.000,0.000,0.000,0.000,
GPU,0,57.266,35820235029,0,0,0.000,0.000,0.000,0.000,
GPU,0,57.266,35820235029,0,0,0.000,0.000,0.000,0.000,
GPU,0,57.266,35820235029,0,0,0.000,0.000,0.000,0.000,
GPU,0,57.266,35820235029,0,0,0.000,0.000,0.000,0.000,
GPU,0,57.266,35820235029,0,0,0.000,0.000,0.000,0.000,
GPU,0,57.266,35820235029,0,0,0.000,0.000,0.000,0.000,
GPU,0,57.266,35820235029,0,0,0.000,0.000,0.000,0.000,
GPU,0,57.266,35820235029,0,0,0.000,0.000,0.000,0.000,
GPU,0,57.266,35820235029,0,0,0.000,0.000,0.000,0.000,
GPU,0,57.266,35820235029,0,0,0.000,0.000,0.000,0.000,
GPU,0,57.266,35820235029,0,0,0.000,0.000,0.000,0.000,
GPU,0,57.266,35820235029,0,0,0.000,0.000,0.000,0.000,
GPU,0,57.266,35820235029,0,0,0.000,0.000,0.000,0.000,
GPU,0,57.266,35820235029,0,0,0.000,0.000,0.000,0.000,
GPU,0,57.266,35820235029,0,0,0.000,0.000,0.000,0.000,
GPU,0,57.266,35820235029,0,0,0.000,0.000,0.000,0.000,
GPU,0,57.266,35820235029,0,0,0.000,0.000,0.000,0.000,
GPU,0,57.266,35820235029,0,0,0.000,0.000,0.000,0.000,
GPU,0,57.266,35820235029,0,0,0.000,0.000,0.000,0.000,
GPU,0,57.266,35820235029,0,0,0.000,0.000,0.000,0.000,
GPU,0,57.266,35820235029,0,0,0.000,0.000,0.000,0.000,
GPU,0,57.266,35820235029,0,0,0.000,0.000,0.000,0.000,
GPU,0,57.266,35820235029,0,0,0.000,0.000,0.000,0.000,
GPU,0,57.266,35820235029,0,0,0.000,0.000,0.000,0.000,
GPU,0,57.266,35820235029,0,0,0.000,0.000,0.000,0.000,
GPU,0,57.266,35820235029,0,0,0.000,0.000,0.000,0.000,
GPU,0,57.266,35820235029,0,0,0.000,0.000,0.000,0.000,
GPU,0,57.266,35820235029,0,0,0.000,0.000,0.000,0.000,
GPU,0,57.266,35820235029,0,0,0.000,0.000,0.000,0.000,
GPU,0,57.266,35820235029,0,0,0.000,0.000,0.000,0.000,
GPU,0,57.266,35820235029,0,0,0.000,0.000,0.000,0.000,
GPU,0,57.266,35820235029,0,0,0.000,0.000,0.000,0.000,
GPU,0,57.266,35820235029,0,0,0.000,0.000,0.000,0.000,
GPU,0,57.266,35820235029,0,0,0.000,0.000,0.000,0.000,
GPU,0,57.266,35820235029,0,0,0.000,0.000,0.000,0.000,
GPU,0,57.266,35820240815,0,0,0.000,0.000,0.000,0.000,
GPU,0,57.266,35820240815,0,0,0.000,0.000,0.000,0.000,
GPU,0,57.266,35820240815,0,0,0.000,0.000,0.000,0.000,
GPU,0,57.266,35820240815,0,0,0.000,0.000,0.000,0.000,
GPU,0,57.266,35820240815,0,0,0.000,0.000,0.000,0.000,
GPU,0,57.266,35820240815,0,0,0.000,0.000,0.000,0.000,
GPU,0,57.266,35820240815,0,0,0.000,0.000,0.000,0.000,
GPU,0,57.266,35820240815,0,0,0.000,0.000,0.000,0.000,
GPU,0,57.266,35820240815,0,0,0.000,0.000,0.000,0.000,
GPU,0,57.266,35820240815,0,0,0.000,0.000,0.000,0.000,
GPU,0,57.266,35820240815,0,0,0.000,0.000,0.000,0.000,
GPU,0,57.266,35820240815,0,0,0.000,0.000,0.000,0.000,
GPU,0,57.266,35820240815,0,0,0.000,0.000,0.000,0.000,
GPU,0,57.266,35820240815,0,0,0.000,0.000,0.000,0.000,
GPU,0,57.266,35820240815,0,0,0.000,0.000,0.000,0.000,
GPU,0,57.266,35820240815,0,0,0.000,0.000,0.000,0.000,
GPU,0,57.266,35820240815,0,0,0.000,0.000,0.000,0.000,
GPU,0,57.266,35820240815,0,0,0.000,0.000,0.000,0.000,
GPU,0,57.266,35820240815,0,0,0.000,0.000,0.000,0.000,
GPU,0,57.266,35820240815,0,0,0.000,0.000,0.000,0.000,
GPU,0,57.266,35820240815,0,0,0.000,0.000,0.000,0.000,
GPU,0,57.266,35820240815,0,0,0.000,0.000,0.000,0.000,
GPU,0,57.266,35820240815,0,0,0.000,0.000,0.000,0.000,
GPU,0,57.266,35820240815,0,0,0.000,0.000,0.000,0.000,
GPU,0,57.266,35820240815,0,0,0.000,0.000,0.000,0.000,
GPU,0,57.266,35820240815,0,0,0.000,0.000,0.000,0.000,
GPU,0,57.266,35820240815,0,0,0.000,0.000,0.000,0.000,
GPU,0,57.266,35820240815,0,0,0.000,0.000,0.000,0.000,
GPU,0,57.266,35820240815,0,0,0.000,0.000,0.000,0.000,
GPU,0,57.266,35820240815,0,0,0.000,0.000,0.000,0.000,
GPU,0,57.266,35820240815,0,0,0.000,0.000,0.000,0.000,
GPU,0,57.266,35820240815,0,0,0.000,0.000,0.000,0.000,
GPU,0,57.266,35820240815,0,0,0.000,0.000,0.000,0.000,
GPU,0,57.266,35820240815,0,0,0.000,0.000,0.000,0.000,
GPU,0,57.266,35820240815,0,0,0.000,0.000,0.000,0.000,
GPU,0,57.266,35820240815,0,0,0.000,0.000,0.000,0.000,
GPU,0,57.266,35820240815,0,0,0.000,0.000,0.000,0.000,
GPU,0,57.510,35820240815,0,0,0.000,0.000,0.000,0.000,
GPU,0,57.510,35820240815,0,0,0.000,0.000,0.000,0.000,
GPU,0,57.510,35820240815,0,0,0.000,0.000,0.000,0.000,
GPU,0,57.510,35820240815,0,0,0.000,0.000,0.000,0.000,
GPU,0,57.510,35820240815,0,0,0.000,0.000,0.000,0.000,
GPU,0,57.510,35820240815,0,0,0.000,0.000,0.000,0.000,
GPU,0,57.510,35820240815,0,0,0.000,0.000,0.000,0.000,
GPU,0,57.510,35820240815,0,0,0.000,0.000,0.000,0.000,
GPU,0,57.510,35820240815,0,0,0.000,0.000,0.000,0.000,
GPU,0,57.510,35820240815,0,0,0.000,0.000,0.000,0.000,
GPU,0,57.510,35820240815,0,0,0.000,0.000,0.000,0.000,
GPU,0,57.510,35820240815,0,0,0.000,0.000,0.000,0.000,
GPU,0,57.510,35820240815,0,0,0.000,0.000,0.000,0.000,
GPU,0,57.510,35820240815,0,0,0.000,0.000,0.000,0.000,
GPU,0,57.510,35820240815,0,0,0.000,0.000,0.000,0.000,
GPU,0,57.510,35820240815,0,0,0.000,0.000,0.000,0.000,
GPU,0,57.510,35820240815,0,0,0.000,0.000,0.000,0.000,
GPU,0,57.510,35820240815,0,0,0.000,0.000,0.000,0.000,
GPU,0,57.510,35820240815,0,0,0.000,0.000,0.000,0.000,
GPU,0,57.510,35820240815,0,0,0.000,0.000,0.000,0.000,
GPU,0,57.510,35820240815,0,0,0.000,0.000,0.000,0.000,
GPU,0,57.510,35820240815,0,0,0.000,0.000,0.000,0.000,
GPU,0,57.510,35820240815,0,0,0.000,0.000,0.000,0.000,
GPU,0,57.510,35820240815,0,0,0.000,0.000,0.000,0.000,
GPU,0,57.510,35820240815,0,0,0.000,0.000,0.000,0.000,
GPU,0,57.510,35820240815,0,0,0.000,0.000,0.000,0.000,
GPU,0,57.510,35820240815,0,0,0.000,0.000,0.000,0.000,
GPU,0,57.510,35820240815,0,0,0.000,0.000,0.000,0.000,
GPU,0,57.510,35820240815,0,0,0.000,0.000,0.000,0.000,
GPU,0,57.510,35820240815,0,0,0.000,0.000,0.000,0.000,
GPU,0,57.510,35820240815,0,0,0.000,0.000,0.000,0.000,
GPU,0,57.510,35820246593,0,0,0.000,0.000,0.000,0.000,
GPU,0,57.510,35820246593,0,0,0.000,0.000,0.000,0.000,
GPU,0,57.510,35820246593,0,0,0.000,0.000,0.000,0.000,
GPU,0,57.510,35820246593,0,0,0.000,0.000,0.000,0.000,
GPU,0,57.510,35820246593,0,0,0.000,0.000,0.000,0.000,
GPU,0,57.510,35820246593,0,0,0.000,0.000,0.000,0.000,
GPU,0,57.510,35820246593,0,0,0.000,0.000,0.000,0.000,
GPU,0,57.510,35820246593,0,0,0.000,0.000,0.000,0.000,
GPU,0,57.510,35820246593,0,0,0.000,0.000,0.000,0.000,
GPU,0,57.510,35820246593,0,0,0.000,0.000,0.000,0.000,
GPU,0,57.510,35820246593,0,0,0.000,0.000,0.000,0.000,
GPU,0,57.510,35820246593,0,0,0.000,0.000,0.000,0.000,
GPU,0,57.510,35820246593,0,0,0.000,0.000,0.000,0.000,
GPU,0,57.510,35820246593,0,0,0.000,0.000,0.000,0.000,
GPU,0,57.510,35820246593,0,0,0.000,0.000,0.000,0.000,
GPU,0,57.510,35820246593,0,0,0.000,0.000,0.000,0.000,
GPU,0,57.510,35820246593,0,0,0.000,0.000,0.000,0.000,
GPU,0,57.510,35820246593,0,0,0.000,0.000,0.000,0.000,
GPU,0,57.510,35820246593,0,0,0.000,0.000,0.000,0.000,
GPU,0,57.510,35820246593,0,0,0.000,0.000,0.000,0.000,
GPU,0,57.510,35820246593,0,0,0.000,0.000,0.000,0.000,
GPU,0,57.510,35820246593,0,0,0.000,0.000,0.000,0.000,
GPU,0,57.510,35820246593,0,0,0.000,0.000,0.000,0.000,
GPU,0,57.510,35820246593,0,0,0.000,0.000,0.000,0.000,
GPU,0,57.510,35820246593,0,0,0.000,0.000,0.000,0.000,
GPU,0,57.510,35820246593,0,0,0.000,0.000,0.000,0.000,
GPU,0,57.510,35820246593,0,0,0.000,0.000,0.000,0.000,
GPU,0,57.510,35820246593,0,0,0.000,0.000,0.000,0.000,
GPU,0,57.510,35820246593,0,0,0.000,0.000,0.000,0.000,
GPU,0,57.510,35820246593,0,0,0.000,0.000,0.000,0.000,
GPU,0,57.510,35820246593,0,0,0.000,0.000,0.000,0.000,
GPU,0,57.510,35820246593,0,0,0.000,0.000,0.000,0.000,
GPU,0,57.510,35820246593,0,0,0.000,0.000,0.000,0.000,
GPU,0,57.510,35820246593,0,0,0.000,0.000,0.000,0.000,
GPU,0,57.510,35820246593,0,0,0.000,0.000,0.000,0.000,
GPU,0,57.510,35820246593,0,0,0.000,0.000,0.000,0.000,
GPU,0,57.266,35820246593,0,0,0.000,0.000,0.000,0.000,
GPU,0,57.266,35820246593,0,0,0.000,0.000,0.000,0.000,
GPU,0,57.266,35820246593,0,0,0.000,0.000,0.000,0.000,
GPU,0,57.266,35820246593,0,0,0.000,0.000,0.000,0.000,
GPU,0,57.266,35820246593,0,0,0.000,0.000,0.000,0.000,
GPU,0,57.266,35820246593,0,0,0.000,0.000,0.000,0.000,
GPU,0,57.266,35820246593,0,0,0.000,0.000,0.000,0.000,
GPU,0,57.266,35820246593,0,0,0.000,0.000,0.000,0.000,
GPU,0,57.266,35820246593,0,0,0.000,0.000,0.000,0.000,
GPU,0,57.266,35820246593,0,0,0.000,0.000,0.000,0.000,
GPU,0,57.266,35820246593,0,0,0.000,0.000,0.000,0.000,
GPU,0,57.266,35820246593,0,0,0.000,0.000,0.000,0.000,
GPU,0,57.266,35820246593,0,0,0.000,0.000,0.000,0.000,
GPU,0,57.266,35820246593,0,0,0.000,0.000,0.000,0.000,
GPU,0,57.266,35820246593,0,0,0.000,0.000,0.000,0.000,
GPU,0,57.266,35820246593,0,0,0.000,0.000,0.000,0.000,
GPU,0,57.266,35820246593,0,0,0.000,0.000,0.000,0.000,
GPU,0,57.266,35820246593,0,0,0.000,0.000,0.000,0.000,
GPU,0,57.266,35820246593,0,0,0.000,0.000,0.000,0.000,
GPU,0,57.266,35820246593,0,0,0.000,0.000,0.000,0.000,
GPU,0,57.266,35820246593,0,0,0.000,0.000,0.000,0.000,
GPU,0,57.266,35820246593,0,0,0.000,0.000,0.000,0.000,
GPU,0,57.266,35820246593,0,0,0.000,0.000,0.000,0.000,
GPU,0,57.266,35820246593,0,0,0.000,0.000,0.000,0.000,
GPU,0,57.266,35820246593,0,0,0.000,0.000,0.000,0.000,
GPU,0,57.266,35820246593,0,0,0.000,0.000,0.000,0.000,
GPU,0,57.266,35820246593,0,0,0.000,0.000,0.000,0.000,
GPU,0,57.266,35820246593,0,0,0.000,0.000,0.000,0.000,
GPU,0,57.266,35820246593,0,0,0.000,0.000,0.000,0.000,
GPU,0,57.266,35820252425,0,0,0.000,0.000,0.000,0.000,
GPU,0,57.266,35820252425,0,0,0.000,0.000,0.000,0.000,
GPU,0,57.266,35820252425,0,0,0.000,0.000,0.000,0.000,
GPU,0,57.266,35820252425,0,0,0.000,0.000,0.000,0.000,
GPU,0,57.266,35820252425,0,0,0.000,0.000,0.000,0.000,
GPU,0,57.266,35820252425,0,0,0.000,0.000,0.000,0.000,
GPU,0,57.266,35820252425,0,0,0.000,0.000,0.000,0.000,
GPU,0,57.266,35820252425,0,0,0.000,0.000,0.000,0.000,
GPU,0,57.266,35820252425,0,0,0.000,0.000,0.000,0.000,
GPU,0,57.266,35820252425,0,0,0.000,0.000,0.000,0.000,
GPU,0,57.266,35820252425,0,0,0.000,0.000,0.000,0.000,
GPU,0,57.266,35820252425,0,0,0.000,0.000,0.000,0.000,
GPU,0,57.266,35820252425,0,0,0.000,0.000,0.000,0.000,
GPU,0,57.266,35820252425,0,0,0.000,0.000,0.000,0.000,
GPU,0,57.266,35820252425,0,0,0.000,0.000,0.000,0.000,
GPU,0,57.266,35820252425,0,0,0.000,0.000,0.000,0.000,
GPU,0,57.266,35820252425,0,0,0.000,0.000,0.000,0.000,
GPU,0,57.266,35820252425,0,0,0.000,0.000,0.000,0.000,
GPU,0,57.266,35820252425,0,0,0.000,0.000,0.000,0.000,
GPU,0,57.266,35820252425,0,0,0.000,0.000,0.000,0.000,
GPU,0,57.266,35820252425,0,0,0.000,0.000,0.000,0.000,
GPU,0,57.266,35820252425,0,0,0.000,0.000,0.000,0.000,
GPU,0,57.266,35820252425,0,0,0.000,0.000,0.000,0.000,
GPU,0,57.266,35820252425,0,0,0.000,0.000,0.000,0.000,
GPU,0,57.266,35820252425,0,0,0.000,0.000,0.000,0.000,
GPU,0,57.266,35820252425,0,0,0.000,0.000,0.000,0.000,
GPU,0,57.266,35820252425,0,0,0.000,0.000,0.000,0.000,
GPU,0,57.266,35820252425,0,0,0.000,0.000,0.000,0.000,
GPU,0,57.266,35820252425,0,0,0.000,0.000,0.000,0.000,
GPU,0,57.266,35820252425,0,0,0.000,0.000,0.000,0.000,
GPU,0,57.266,35820252425,0,0,0.000,0.000,0.000,0.000,
GPU,0,57.266,35820252425,0,0,0.000,0.000,0.000,0.000,
GPU,0,57.266,35820252425,0,0,0.000,0.000,0.000,0.000,
GPU,0,57.266,35820252425,0,0,0.000,0.000,0.000,0.000,
GPU,0,57.266,35820252425,0,0,0.000,0.000,0.000,0.000,
GPU,0,57.266,35820252425,0,0,0.000,0.000,0.000,0.000,
GPU,0,57.266,35820252425,0,0,0.000,0.000,0.000,0.000,
GPU,0,57.266,35820252425,0,0,0.000,0.000,0.000,0.000,
GPU,0,57.266,35820252425,0,0,0.000,0.000,0.000,0.000,
GPU,0,57.266,35820252425,0,0,0.000,0.000,0.000,0.000,
GPU,0,57.266,35820252425,0,0,0.000,0.000,0.000,0.000,
GPU,0,57.266,35820252425,0,0,0.000,0.000,0.000,0.000,
GPU,0,57.266,35820252425,0,0,0.000,0.000,0.000,0.000,
GPU,0,57.266,35820252425,0,0,0.000,0.000,0.000,0.000,
GPU,0,57.266,35820252425,0,0,0.000,0.000,0.000,0.000,
GPU,0,57.266,35820252425,0,0,0.000,0.000,0.000,0.000,
GPU,0,57.266,35820252425,0,0,0.000,0.000,0.000,0.000,
GPU,0,57.266,35820252425,0,0,0.000,0.000,0.000,0.000,
GPU,0,57.266,35820252425,0,0,0.000,0.000,0.000,0.000,
GPU,0,57.266,35820252425,0,0,0.000,0.000,0.000,0.000,
GPU,0,57.266,35820252425,0,0,0.000,0.000,0.000,0.000,
GPU,0,57.266,35820252425,0,0,0.000,0.000,0.000,0.000,
GPU,0,57.266,35820252425,0,0,0.000,0.000,0.000,0.000,
GPU,0,57.266,35820252425,0,0,0.000,0.000,0.000,0.000,
GPU,0,57.266,35820252425,0,0,0.000,0.000,0.000,0.000,
GPU,0,57.266,35820252425,0,0,0.000,0.000,0.000,0.000,
GPU,0,57.266,35820252425,0,0,0.000,0.000,0.000,0.000,
GPU,0,57.266,35820252425,0,0,0.000,0.000,0.000,0.000,
GPU,0,57.266,35820252425,0,0,0.000,0.000,0.000,0.000,
GPU,0,57.266,35820252425,0,0,0.000,0.000,0.000,0.000,
GPU,0,57.266,35820252425,0,0,0.000,0.000,0.000,0.000,
GPU,0,57.266,35820252425,0,0,0.000,0.000,0.000,0.000,
GPU,0,57.266,35820252425,0,0,0.000,0.000,0.000,0.000,
GPU,0,57.266,35820252425,0,0,0.000,0.000,0.000,0.000,
GPU,0,57.266,35820252425,0,0,0.000,0.000,0.000,0.000,
GPU,0,57.266,35820252425,0,0,0.000,0.000,0.000,0.000,
GPU,0,57.266,35820252425,0,0,0.000,0.000,0.000,0.000,
GPU,0,57.266,35820252425,0,0,0.000,0.000,0.000,0.000,
GPU,0,57.266,35820258262,0,0,0.000,0.000,0.000,0.000,
GPU,0,57.266,35820258262,0,0,0.000,0.000,0.000,0.000,
GPU,0,57.266,35820258262,0,0,0.000,0.000,0.000,0.000,
GPU,0,57.266,35820258262,0,0,0.000,0.000,0.000,0.000,
GPU,0,57.266,35820258262,0,0,0.000,0.000,0.000,0.000,
GPU,0,57.266,35820258262,0,0,0.000,0.000,0.000,0.000,
GPU,0,57.266,35820258262,0,0,0.000,0.000,0.000,0.000,
GPU,0,57.266,35820258262,0,0,0.000,0.000,0.000,0.000,
GPU,0,57.266,35820258262,0,0,0.000,0.000,0.000,0.000,
GPU,0,57.266,35820258262,0,0,0.000,0.000,0.000,0.000,
GPU,0,57.266,35820258262,0,0,0.000,0.000,0.000,0.000,
GPU,0,57.266,35820258262,0,0,0.000,0.000,0.000,0.000,
GPU,0,57.266,35820258262,0,0,0.000,0.000,0.000,0.000,
GPU,0,57.266,35820258262,0,0,0.000,0.000,0.000,0.000,
GPU,0,57.266,35820258262,0,0,0.000,0.000,0.000,0.000,
GPU,0,57.266,35820258262,0,0,0.000,0.000,0.000,0.000,
GPU,0,57.266,35820258262,0,0,0.000,0.000,0.000,0.000,
GPU,0,57.266,35820258262,0,0,0.000,0.000,0.000,0.000,
GPU,0,57.266,35820258262,0,0,0.000,0.000,0.000,0.000,
GPU,0,57.266,35820258262,0,0,0.000,0.000,0.000,0.000,
GPU,0,57.266,35820258262,0,0,0.000,0.000,0.000,0.000,
GPU,0,57.266,35820258262,0,0,0.000,0.000,0.000,0.000,
GPU,0,57.266,35820258262,0,0,0.000,0.000,0.000,0.000,
GPU,0,57.266,35820258262,0,0,0.000,0.000,0.000,0.000,
GPU,0,57.266,35820258262,0,0,0.000,0.000,0.000,0.000,
GPU,0,57.266,35820258262,0,0,0.000,0.000,0.000,0.000,
GPU,0,57.266,35820258262,0,0,0.000,0.000,0.000,0.000,
GPU,0,57.266,35820258262,0,0,0.000,0.000,0.000,0.000,
GPU,0,57.266,35820258262,0,0,0.000,0.000,0.000,0.000,
GPU,0,57.266,35820258262,0,0,0.000,0.000,0.000,0.000,
GPU,0,57.266,35820258262,0,0,0.000,0.000,0.000,0.000,
GPU,0,57.266,35820258262,0,0,0.000,0.000,0.000,0.000,
GPU,0,57.266,35820258262,0,0,0.000,0.000,0.000,0.000,
GPU,0,57.266,35820258262,0,0,0.000,0.000,0.000,0.000,
GPU,0,57.266,35820258262,0,0,0.000,0.000,0.000,0.000,
GPU,0,57.266,35820258262,0,0,0.000,0.000,0.000,0.000,
GPU,0,57.266,35820258262,0,0,0.000,0.000,0.000,0.000,
GPU,0,57.266,35820258262,0,0,0.000,0.000,0.000,0.000,
GPU,0,57.266,35820258262,0,0,0.000,0.000,0.000,0.000,
GPU,0,57.266,35820258262,0,0,0.000,0.000,0.000,0.000,
GPU,0,57.266,35820258262,0,0,0.000,0.000,0.000,0.000,
GPU,0,57.266,35820258262,0,0,0.000,0.000,0.000,0.000,
GPU,0,57.266,35820258262,0,0,0.000,0.000,0.000,0.000,
GPU,0,57.510,35820258262,0,0,0.000,0.000,0.000,0.000,
GPU,0,57.510,35820258262,0,0,0.000,0.000,0.000,0.000,
GPU,0,57.510,35820258262,0,0,0.000,0.000,0.000,0.000,
GPU,0,57.510,35820258262,0,0,0.000,0.000,0.000,0.000,
GPU,0,57.510,35820258262,0,0,0.000,0.000,0.000,0.000,
GPU,0,57.510,35820258262,0,0,0.000,0.000,0.000,0.000,
GPU,0,57.510,35820258262,0,0,0.000,0.000,0.000,0.000,
GPU,0,57.510,35820258262,0,0,0.000,0.000,0.000,0.000,
GPU,0,57.510,35820258262,0,0,0.000,0.000,0.000,0.000,
GPU,0,57.510,35820258262,0,0,0.000,0.000,0.000,0.000,
GPU,0,57.510,35820258262,0,0,0.000,0.000,0.000,0.000,
GPU,0,57.510,35820258262,0,0,0.000,0.000,0.000,0.000,
GPU,0,57.510,35820258262,0,0,0.000,0.000,0.000,0.000,
GPU,0,57.510,35820258262,0,0,0.000,0.000,0.000,0.000,
GPU,0,57.510,35820258262,0,0,0.000,0.000,0.000,0.000,
GPU,0,57.510,35820258262,0,0,0.000,0.000,0.000,0.000,
GPU,0,57.510,35820258262,0,0,0.000,0.000,0.000,0.000,
GPU,0,57.510,35820258262,0,0,0.000,0.000,0.000,0.000,
GPU,0,57.510,35820258262,0,0,0.000,0.000,0.000,0.000,
GPU,0,57.510,35820258262,0,0,0.000,0.000,0.000,0.000,
GPU,0,57.510,35820258262,0,0,0.000,0.000,0.000,0.000,
GPU,0,57.510,35820258262,0,0,0.000,0.000,0.000,0.000,
GPU,0,57.510,35820258262,0,0,0.000,0.000,0.000,0.000,
GPU,0,57.510,35820258262,0,0,0.000,0.000,0.000,0.000,
GPU,0,57.510,35820258262,0,0,0.000,0.000,0.000,0.000,
GPU,0,57.510,35820264048,0,0,0.000,0.000,0.000,0.000,
GPU,0,57.510,35820264048,0,0,0.000,0.000,0.000,0.000,
GPU,0,57.510,35820264048,0,0,0.000,0.000,0.000,0.000,
GPU,0,57.510,35820264048,0,0,0.000,0.000,0.000,0.000,
GPU,0,57.510,35820264048,0,0,0.000,0.000,0.000,0.000,
GPU,0,57.510,35820264048,0,0,0.000,0.000,0.000,0.000,
GPU,0,57.510,35820264048,0,0,0.000,0.000,0.000,0.000,
GPU,0,57.510,35820264048,0,0,0.000,0.000,0.000,0.000,
GPU,0,57.510,35820264048,0,0,0.000,0.000,0.000,0.000,
GPU,0,57.510,35820264048,0,0,0.000,0.000,0.000,0.000,
GPU,0,57.510,35820264048,0,0,0.000,0.000,0.000,0.000,
GPU,0,57.510,35820264048,0,0,0.000,0.000,0.000,0.000,
GPU,0,57.510,35820264048,0,0,0.000,0.000,0.000,0.000,
GPU,0,57.510,35820264048,0,0,0.000,0.000,0.000,0.000,
GPU,0,57.510,35820264048,0,0,0.000,0.000,0.000,0.000,
GPU,0,57.510,35820264048,0,0,0.000,0.000,0.000,0.000,
GPU,0,57.510,35820264048,0,0,0.000,0.000,0.000,0.000,
GPU,0,57.510,35820264048,0,0,0.000,0.000,0.000,0.000,
GPU,0,57.510,35820264048,0,0,0.000,0.000,0.000,0.000,
GPU,0,57.510,35820264048,0,0,0.000,0.000,0.000,0.000,
GPU,0,57.510,35820264048,0,0,0.000,0.000,0.000,0.000,
GPU,0,57.510,35820264048,0,0,0.000,0.000,0.000,0.000,
GPU,0,57.510,35820264048,0,0,0.000,0.000,0.000,0.000,
GPU,0,57.510,35820264048,0,0,0.000,0.000,0.000,0.000,
GPU,0,57.510,35820264048,0,0,0.000,0.000,0.000,0.000,
GPU,0,57.510,35820264048,0,0,0.000,0.000,0.000,0.000,
GPU,0,57.510,35820264048,0,0,0.000,0.000,0.000,0.000,
GPU,0,57.510,35820264048,0,0,0.000,0.000,0.000,0.000,
GPU,0,57.510,35820264048,0,0,0.000,0.000,0.000,0.000,
GPU,0,57.510,35820264048,0,0,0.000,0.000,0.000,0.000,
GPU,0,57.510,35820264048,0,0,0.000,0.000,0.000,0.000,
GPU,0,57.510,35820264048,0,0,0.000,0.000,0.000,0.000,
GPU,0,57.510,35820264048,0,0,0.000,0.000,0.000,0.000,
GPU,0,57.510,35820264048,0,0,0.000,0.000,0.000,0.000,
GPU,0,57.510,35820264048,0,0,0.000,0.000,0.000,0.000,
GPU,0,57.510,35820264048,0,0,0.000,0.000,0.000,0.000,
GPU,0,57.510,35820264048,0,0,0.000,0.000,0.000,0.000,
GPU,0,57.510,35820264048,0,0,0.000,0.000,0.000,0.000,
GPU,0,57.510,35820264048,0,0,0.000,0.000,0.000,0.000,
GPU,0,57.510,35820264048,0,0,0.000,0.000,0.000,0.000,
GPU,0,57.510,35820264048,0,0,0.000,0.000,0.000,0.000,
GPU,0,57.510,35820264048,0,0,0.000,0.000,0.000,0.000,
GPU,0,57.510,35820264048,0,0,0.000,0.000,0.000,0.000,
GPU,0,57.510,35820264048,0,0,0.000,0.000,0.000,0.000,
GPU,0,57.510,35820264048,0,0,0.000,0.000,0.000,0.000,
GPU,0,57.510,35820264048,0,0,0.000,0.000,0.000,0.000,
GPU,0,57.510,35820264048,0,0,0.000,0.000,0.000,0.000,
GPU,0,57.510,35820264048,0,0,0.000,0.000,0.000,0.000,
GPU,0,57.510,35820264048,0,0,0.000,0.000,0.000,0.000,
GPU,0,57.510,35820264048,0,0,0.000,0.000,0.000,0.000,
GPU,0,57.510,35820264048,0,0,0.000,0.000,0.000,0.000,
GPU,0,57.510,35820264048,0,0,0.000,0.000,0.000,0.000,
GPU,0,57.510,35820264048,0,0,0.000,0.000,0.000,0.000,
GPU,0,57.510,35820264048,0,0,0.000,0.000,0.000,0.000,
GPU,0,57.510,35820264048,0,0,0.000,0.000,0.000,0.000,
GPU,0,57.510,35820264048,0,0,0.000,0.000,0.000,0.000,
GPU,0,57.510,35820264048,0,0,0.000,0.000,0.000,0.000,
GPU,0,57.510,35820264048,0,0,0.000,0.000,0.000,0.000,
GPU,0,57.510,35820264048,0,0,0.000,0.000,0.000,0.000,
GPU,0,57.510,35820264048,0,0,0.000,0.000,0.000,0.000,
GPU,0,57.510,35820264048,0,0,0.000,0.000,0.000,0.000,
GPU,0,57.510,35820264048,0,0,0.000,0.000,0.000,0.000,
GPU,0,57.510,35820264048,0,0,0.000,0.000,0.000,0.000,
GPU,0,57.510,35820264048,0,0,0.000,0.000,0.000,0.000,
GPU,0,57.510,35820264048,0,0,0.000,0.000,0.000,0.000,
GPU,0,57.510,35820264048,0,0,0.000,0.000,0.000,0.000,
GPU,0,57.510,35820264048,0,0,0.000,0.000,0.000,0.000,
GPU,0,57.510,35820264048,0,0,0.000,0.000,0.000,0.000,
GPU,0,57.510,35820269824,0,0,0.000,0.000,0.000,0.000,
GPU,0,57.510,35820269824,0,0,0.000,0.000,0.000,0.000,
GPU,0,57.510,35820269824,0,0,0.000,0.000,0.000,0.000,
GPU,0,57.510,35820269824,0,0,0.000,0.000,0.000,0.000,
GPU,0,57.510,35820269824,0,0,0.000,0.000,0.000,0.000,
GPU,0,57.510,35820269824,0,0,0.000,0.000,0.000,0.000,
GPU,0,57.510,35820269824,0,0,0.000,0.000,0.000,0.000,
GPU,0,57.510,35820269824,0,0,0.000,0.000,0.000,0.000,
GPU,0,57.510,35820269824,0,0,0.000,0.000,0.000,0.000,
GPU,0,57.510,35820269824,0,0,0.000,0.000,0.000,0.000,
GPU,0,57.510,35820269824,0,0,0.000,0.000,0.000,0.000,
GPU,0,57.510,35820269824,0,0,0.000,0.000,0.000,0.000,
GPU,0,57.510,35820269824,0,0,0.000,0.000,0.000,0.000,
GPU,0,57.510,35820269824,0,0,0.000,0.000,0.000,0.000,
GPU,0,57.510,35820269824,0,0,0.000,0.000,0.000,0.000,
GPU,0,57.510,35820269824,0,0,0.000,0.000,0.000,0.000,
GPU,0,57.510,35820269824,0,0,0.000,0.000,0.000,0.000,
GPU,0,57.510,35820269824,0,0,0.000,0.000,0.000,0.000,
GPU,0,57.510,35820269824,0,0,0.000,0.000,0.000,0.000,
GPU,0,57.510,35820269824,0,0,0.000,0.000,0.000,0.000,
GPU,0,57.510,35820269824,0,0,0.000,0.000,0.000,0.000,
GPU,0,57.510,35820269824,0,0,0.000,0.000,0.000,0.000,
GPU,0,57.510,35820269824,0,0,0.000,0.000,0.000,0.000,
GPU,0,57.510,35820269824,0,0,0.000,0.000,0.000,0.000,
GPU,0,57.510,35820269824,0,0,0.000,0.000,0.000,0.000,
GPU,0,57.510,35820269824,0,0,0.000,0.000,0.000,0.000,
GPU,0,57.510,35820269824,0,0,0.000,0.000,0.000,0.000,
GPU,0,57.510,35820269824,0,0,0.000,0.000,0.000,0.000,
GPU,0,57.510,35820269824,0,0,0.000,0.000,0.000,0.000,
GPU,0,57.510,35820269824,0,0,0.000,0.000,0.000,0.000,
GPU,0,57.510,35820269824,0,0,0.000,0.000,0.000,0.000,
GPU,0,57.510,35820269824,0,0,0.000,0.000,0.000,0.000,
GPU,0,57.510,35820269824,0,0,0.000,0.000,0.000,0.000,
GPU,0,57.510,35820269824,0,0,0.000,0.000,0.000,0.000,
GPU,0,57.510,35820269824,0,0,0.000,0.000,0.000,0.000,
GPU,0,57.510,35820269824,0,0,0.000,0.000,0.000,0.000,
GPU,0,57.510,35820269824,0,0,0.000,0.000,0.000,0.000,
GPU,0,57.510,35820269824,0,0,0.000,0.000,0.000,0.000,
GPU,0,57.510,35820269824,0,0,0.000,0.000,0.000,0.000,
GPU,0,57.510,35820269824,0,0,0.000,0.000,0.000,0.000,
GPU,0,57.510,35820269824,0,0,0.000,0.000,0.000,0.000,
GPU,0,57.510,35820269824,0,0,0.000,0.000,0.000,0.000,
GPU,0,57.510,35820269824,0,0,0.000,0.000,0.000,0.000,
GPU,0,57.510,35820269824,0,0,0.000,0.000,0.000,0.000,
GPU,0,57.510,35820269824,0,0,0.000,0.000,0.000,0.000,
GPU,0,57.510,35820269824,0,0,0.000,0.000,0.000,0.000,
GPU,0,57.510,35820269824,0,0,0.000,0.000,0.000,0.000,
GPU,0,57.510,35820269824,0,0,0.000,0.000,0.000,0.000,
GPU,0,57.510,35820269824,0,0,0.000,0.000,0.000,0.000,
GPU,0,57.510,35820269824,0,0,0.000,0.000,0.000,0.000,
GPU,0,57.510,35820269824,0,0,0.000,0.000,0.000,0.000,
GPU,0,57.510,35820269824,0,0,0.000,0.000,0.000,0.000,
GPU,0,57.510,35820269824,0,0,0.000,0.000,0.000,0.000,
GPU,0,57.510,35820269824,0,0,0.000,0.000,0.000,0.000,
GPU,0,57.510,35820269824,0,0,0.000,0.000,0.000,0.000,
GPU,0,57.510,35820269824,0,0,0.000,0.000,0.000,0.000,
GPU,0,57.510,35820269824,0,0,0.000,0.000,0.000,0.000,
GPU,0,57.510,35820269824,0,0,0.000,0.000,0.000,0.000,
GPU,0,57.510,35820269824,0,0,0.000,0.000,0.000,0.000,
GPU,0,57.510,35820269824,0,0,0.000,0.000,0.000,0.000,
GPU,0,57.510,35820269824,0,0,0.000,0.000,0.000,0.000,
GPU,0,57.510,35820269824,0,0,0.000,0.000,0.000,0.000,
GPU,0,57.510,35820269824,0,0,0.000,0.000,0.000,0.000,
GPU,0,57.510,35820269824,0,0,0.000,0.000,0.000,0.000,
GPU,0,57.510,35820269824,0,0,0.000,0.000,0.000,0.000,
GPU,0,57.510,35820269824,0,0,0.000,0.000,0.000,0.000,
GPU,0,57.510,35820269824,0,0,0.000,0.000,0.000,0.000,
GPU,0,57.510,35820275624,0,0,0.000,0.000,0.000,0.000,
GPU,0,57.510,35820275624,0,0,0.000,0.000,0.000,0.000,
GPU,0,57.510,35820275624,0,0,0.000,0.000,0.000,0.000,
GPU,0,57.510,35820275624,0,0,0.000,0.000,0.000,0.000,
GPU,0,57.510,35820275624,0,0,0.000,0.000,0.000,0.000,
GPU,0,57.510,35820275624,0,0,0.000,0.000,0.000,0.000,
GPU,0,57.510,35820275624,0,0,0.000,0.000,0.000,0.000,
GPU,0,57.510,35820275624,0,0,0.000,0.000,0.000,0.000,
GPU,0,57.510,35820275624,0,0,0.000,0.000,0.000,0.000,
GPU,0,57.510,35820275624,0,0,0.000,0.000,0.000,0.000,
GPU,0,57.510,35820275624,0,0,0.000,0.000,0.000,0.000,
GPU,0,57.510,35820275624,0,0,0.000,0.000,0.000,0.000,
GPU,0,57.510,35820275624,0,0,0.000,0.000,0.000,0.000,
GPU,0,57.510,35820275624,0,0,0.000,0.000,0.000,0.000,
GPU,0,57.510,35820275624,0,0,0.000,0.000,0.000,0.000,
GPU,0,57.510,35820275624,0,0,0.000,0.000,0.000,0.000,
GPU,0,57.510,35820275624,0,0,0.000,0.000,0.000,0.000,
GPU,0,57.510,35820275624,0,0,0.000,0.000,0.000,0.000,
GPU,0,57.510,35820275624,0,0,0.000,0.000,0.000,0.000,
GPU,0,57.510,35820275624,0,0,0.000,0.000,0.000,0.000,
GPU,0,57.510,35820275624,0,0,0.000,0.000,0.000,0.000,
GPU,0,57.510,35820275624,0,0,0.000,0.000,0.000,0.000,
GPU,0,57.510,35820275624,0,0,0.000,0.000,0.000,0.000,
GPU,0,57.510,35820275624,0,0,0.000,0.000,0.000,0.000,
GPU,0,57.510,35820275624,0,0,0.000,0.000,0.000,0.000,
GPU,0,57.510,35820275624,0,0,0.000,0.000,0.000,0.000,
GPU,0,57.510,35820275624,0,0,0.000,0.000,0.000,0.000,
GPU,0,57.510,35820275624,0,0,0.000,0.000,0.000,0.000,
GPU,0,57.510,35820275624,0,0,0.000,0.000,0.000,0.000,
GPU,0,57.510,35820275624,0,0,0.000,0.000,0.000,0.000,
GPU,0,57.510,35820275624,0,0,0.000,0.000,0.000,0.000,
GPU,0,57.510,35820275624,0,0,0.000,0.000,0.000,0.000,
GPU,0,57.510,35820275624,0,0,0.000,0.000,0.000,0.000,
GPU,0,57.510,35820275624,0,0,0.000,0.000,0.000,0.000,
GPU,0,57.510,35820275624,0,0,0.000,0.000,0.000,0.000,
GPU,0,57.510,35820275624,0,0,0.000,0.000,0.000,0.000,
GPU,0,57.510,35820275624,0,0,0.000,0.000,0.000,0.000,
GPU,0,57.510,35820275624,0,0,0.000,0.000,0.000,0.000,
GPU,0,57.510,35820275624,0,0,0.000,0.000,0.000,0.000,
GPU,0,57.510,35820275624,0,0,0.000,0.000,0.000,0.000,
GPU,0,57.510,35820275624,0,0,0.000,0.000,0.000,0.000,
GPU,0,57.510,35820275624,0,0,0.000,0.000,0.000,0.000,
GPU,0,57.510,35820275624,0,0,0.000,0.000,0.000,0.000,
GPU,0,57.510,35820275624,0,0,0.000,0.000,0.000,0.000,
GPU,0,57.510,35820275624,0,0,0.000,0.000,0.000,0.000,
GPU,0,57.510,35820275624,0,0,0.000,0.000,0.000,0.000,
GPU,0,57.510,35820275624,0,0,0.000,0.000,0.000,0.000,
GPU,0,57.510,35820275624,0,0,0.000,0.000,0.000,0.000,
GPU,0,57.510,35820275624,0,0,0.000,0.000,0.000,0.000,
GPU,0,57.510,35820275624,0,0,0.000,0.000,0.000,0.000,
GPU,0,57.510,35820275624,0,0,0.000,0.000,0.000,0.000,
