timestamp, temperature_gpu, power_draw_w,utilization_gpu, utilization_memory, memory_used_mib, memory_free_mib, total_energy_consumption_j
1.72236e+18, 30, 57, 0, 0, 2600, 40348, 33682206424
1.72236e+18, 30, 57, 0, 0, 2600, 40348, 33682206424
1.72236e+18, 30, 57, 0, 0, 2600, 40348, 33682206424
1.72236e+18, 30, 57, 0, 0, 2600, 40348, 33682206424
1.72236e+18, 30, 57, 0, 0, 2600, 40348, 33682206424
1.72236e+18, 30, 57, 0, 0, 2600, 40348, 33682206424
1.72236e+18, 30, 57, 0, 0, 2600, 40348, 33682206424
1.72236e+18, 30, 57, 0, 0, 2600, 40348, 33682206424
1.72236e+18, 30, 57, 0, 0, 2600, 40348, 33682206424
1.72236e+18, 30, 57, 0, 0, 2600, 40348, 33682206424
1.72236e+18, 30, 57, 0, 0, 2600, 40348, 33682206424
1.72236e+18, 30, 57, 0, 0, 2600, 40348, 33682206424
1.72236e+18, 30, 57, 0, 0, 2600, 40348, 33682206424
1.72236e+18, 30, 57, 0, 0, 2600, 40348, 33682206424
1.72236e+18, 30, 57, 0, 0, 2600, 40348, 33682206424
1.72236e+18, 30, 57, 0, 0, 2600, 40348, 33682206424
1.72236e+18, 30, 57, 0, 0, 2600, 40348, 33682206424
1.72236e+18, 30, 57, 0, 0, 2600, 40348, 33682206424
1.72236e+18, 30, 57, 0, 0, 2600, 40348, 33682206424
1.72236e+18, 30, 57, 0, 0, 2600, 40348, 33682206424
1.72236e+18, 30, 57, 0, 0, 2600, 40348, 33682206424
1.72236e+18, 30, 57, 0, 0, 2600, 40348, 33682212144
1.72236e+18, 30, 57, 0, 0, 2600, 40348, 33682212144
1.72236e+18, 30, 57, 0, 0, 2600, 40348, 33682212144
1.72236e+18, 30, 57, 0, 0, 2600, 40348, 33682212144
1.72236e+18, 30, 57, 0, 0, 2600, 40348, 33682212144
1.72236e+18, 30, 57, 0, 0, 2600, 40348, 33682212144
1.72236e+18, 30, 57, 0, 0, 2600, 40348, 33682212144
1.72236e+18, 30, 57, 0, 0, 2600, 40348, 33682212144
1.72236e+18, 30, 57, 0, 0, 2600, 40348, 33682212144
1.72236e+18, 30, 57, 0, 0, 2600, 40348, 33682212144
1.72236e+18, 30, 57, 0, 0, 2600, 40348, 33682212144
1.72236e+18, 30, 57, 0, 0, 2600, 40348, 33682212144
1.72236e+18, 30, 57, 0, 0, 2600, 40348, 33682212144
1.72236e+18, 30, 57, 0, 0, 2600, 40348, 33682212144
1.72236e+18, 30, 57, 0, 0, 2600, 40348, 33682212144
1.72236e+18, 30, 57, 0, 0, 2600, 40348, 33682212144
1.72236e+18, 30, 57, 0, 0, 2600, 40348, 33682212144
1.72236e+18, 30, 57, 0, 0, 2600, 40348, 33682212144
1.72236e+18, 30, 57, 0, 0, 2600, 40348, 33682212144
1.72236e+18, 30, 57, 0, 0, 2600, 40348, 33682212144
1.72236e+18, 30, 57, 0, 0, 2600, 40348, 33682212144
1.72236e+18, 30, 57, 0, 0, 2600, 40348, 33682212144
1.72236e+18, 30, 57, 0, 0, 2600, 40348, 33682212144
1.72236e+18, 30, 57, 0, 0, 2600, 40348, 33682212144
1.72236e+18, 30, 57, 0, 0, 2600, 40348, 33682212144
1.72236e+18, 30, 57, 0, 0, 2600, 40348, 33682212144
1.72236e+18, 30, 57, 0, 0, 2600, 40348, 33682217901
1.72236e+18, 30, 57, 0, 0, 2600, 40348, 33682217901
1.72236e+18, 30, 57, 0, 0, 2600, 40348, 33682217901
1.72236e+18, 30, 57, 0, 0, 2600, 40348, 33682217901
1.72236e+18, 30, 57, 0, 0, 2600, 40348, 33682217901
1.72236e+18, 30, 57, 0, 0, 2600, 40348, 33682217901
1.72236e+18, 30, 57, 0, 0, 2600, 40348, 33682217901
1.72236e+18, 30, 57, 0, 0, 2600, 40348, 33682217901
1.72236e+18, 30, 57, 0, 0, 2600, 40348, 33682217901
1.72236e+18, 30, 57, 0, 0, 2600, 40348, 33682217901
1.72236e+18, 30, 57, 0, 0, 2600, 40348, 33682217901
1.72236e+18, 30, 57, 0, 0, 2600, 40348, 33682217901
1.72236e+18, 30, 57, 0, 0, 2600, 40348, 33682217901
1.72236e+18, 30, 57, 0, 0, 2600, 40348, 33682217901
1.72236e+18, 30, 57, 0, 0, 2600, 40348, 33682217901
1.72236e+18, 30, 57, 0, 0, 2600, 40348, 33682217901
1.72236e+18, 30, 57, 0, 0, 2600, 40348, 33682217901
1.72236e+18, 30, 57, 0, 0, 2600, 40348, 33682217901
1.72236e+18, 30, 57, 0, 0, 2600, 40348, 33682217901
1.72236e+18, 30, 57, 0, 0, 2600, 40348, 33682217901
1.72236e+18, 30, 57, 0, 0, 2600, 40348, 33682217901
1.72236e+18, 30, 57, 0, 0, 2600, 40348, 33682217901
1.72236e+18, 30, 57, 0, 0, 2600, 40348, 33682217901
1.72236e+18, 30, 57, 0, 0, 2600, 40348, 33682217901
1.72236e+18, 30, 57, 0, 0, 2600, 40348, 33682217901
1.72236e+18, 30, 57, 0, 0, 2600, 40348, 33682217901
1.72236e+18, 30, 57, 0, 0, 2600, 40348, 33682217901
1.72236e+18, 30, 57, 0, 0, 2600, 40348, 33682223683
1.72236e+18, 30, 57, 0, 0, 2600, 40348, 33682223683
1.72236e+18, 30, 57, 0, 0, 2600, 40348, 33682223683
1.72236e+18, 30, 57, 0, 0, 2600, 40348, 33682223683
1.72236e+18, 30, 57, 0, 0, 2600, 40348, 33682223683
1.72236e+18, 30, 57, 0, 0, 2600, 40348, 33682223683
1.72236e+18, 30, 57, 0, 0, 2600, 40348, 33682223683
1.72236e+18, 30, 57, 0, 0, 2600, 40348, 33682223683
1.72236e+18, 30, 57, 0, 0, 2600, 40348, 33682223683
1.72236e+18, 30, 57, 0, 0, 2600, 40348, 33682223683
1.72236e+18, 30, 57, 0, 0, 2600, 40348, 33682223683
1.72236e+18, 30, 57, 0, 0, 2600, 40348, 33682223683
1.72236e+18, 30, 57, 0, 0, 2600, 40348, 33682223683
1.72236e+18, 30, 57, 0, 0, 2600, 40348, 33682223683
1.72236e+18, 30, 57, 0, 0, 2600, 40348, 33682223683
1.72236e+18, 30, 57, 0, 0, 2600, 40348, 33682223683
1.72236e+18, 30, 57, 0, 0, 2600, 40348, 33682223683
1.72236e+18, 30, 57, 0, 0, 2600, 40348, 33682223683
1.72236e+18, 30, 57, 0, 0, 2600, 40348, 33682223683
1.72236e+18, 30, 57, 0, 0, 2600, 40348, 33682223683
1.72236e+18, 30, 57, 0, 0, 2600, 40348, 33682223683
1.72236e+18, 30, 57, 0, 0, 2600, 40348, 33682223683
1.72236e+18, 30, 57, 0, 0, 2600, 40348, 33682223683
1.72236e+18, 30, 57, 0, 0, 2600, 40348, 33682223683
1.72236e+18, 30, 57, 0, 0, 2600, 40348, 33682223683
1.72236e+18, 30, 57, 0, 0, 2600, 40348, 33682223683
1.72236e+18, 30, 57, 0, 0, 2600, 40348, 33682223683
1.72236e+18, 30, 57, 0, 0, 2600, 40348, 33682229441
1.72236e+18, 30, 57, 0, 0, 2600, 40348, 33682229441
1.72236e+18, 30, 57, 0, 0, 2600, 40348, 33682229441
1.72236e+18, 30, 57, 0, 0, 2600, 40348, 33682229441
1.72236e+18, 30, 57, 0, 0, 2600, 40348, 33682229441
1.72236e+18, 30, 57, 0, 0, 2600, 40348, 33682229441
1.72236e+18, 30, 57, 0, 0, 2600, 40348, 33682229441
1.72236e+18, 30, 57, 0, 0, 2600, 40348, 33682229441
1.72236e+18, 30, 57, 0, 0, 2600, 40348, 33682229441
1.72236e+18, 30, 57, 0, 0, 2600, 40348, 33682229441
1.72236e+18, 30, 57, 0, 0, 2600, 40348, 33682229441
1.72236e+18, 30, 57, 0, 0, 2600, 40348, 33682229441
1.72236e+18, 30, 57, 0, 0, 2600, 40348, 33682229441
1.72236e+18, 30, 57, 0, 0, 2600, 40348, 33682229441
1.72236e+18, 30, 57, 0, 0, 2600, 40348, 33682229441
1.72236e+18, 30, 57, 0, 0, 2600, 40348, 33682229441
1.72236e+18, 30, 57, 0, 0, 2600, 40348, 33682229441
1.72236e+18, 30, 57, 0, 0, 2600, 40348, 33682229441
1.72236e+18, 30, 57, 0, 0, 2600, 40348, 33682229441
1.72236e+18, 30, 57, 0, 0, 2600, 40348, 33682229441
1.72236e+18, 30, 57, 0, 0, 2600, 40348, 33682229441
1.72236e+18, 30, 57, 0, 0, 2600, 40348, 33682229441
1.72236e+18, 30, 57, 0, 0, 2600, 40348, 33682229441
1.72236e+18, 30, 57, 0, 0, 2600, 40348, 33682229441
1.72236e+18, 30, 57, 0, 0, 2600, 40348, 33682229441
1.72236e+18, 30, 57, 0, 0, 2600, 40348, 33682229441
1.72236e+18, 30, 57, 0, 0, 2600, 40348, 33682235213
1.72236e+18, 30, 57, 0, 0, 2600, 40348, 33682235213
1.72236e+18, 30, 57, 0, 0, 2600, 40348, 33682235213
1.72236e+18, 30, 57, 0, 0, 2600, 40348, 33682235213
1.72236e+18, 30, 57, 0, 0, 2600, 40348, 33682235213
1.72236e+18, 30, 57, 0, 0, 2600, 40348, 33682235213
1.72236e+18, 30, 57, 0, 0, 2600, 40348, 33682235213
1.72236e+18, 30, 57, 0, 0, 2600, 40348, 33682235213
1.72236e+18, 30, 57, 0, 0, 2600, 40348, 33682235213
1.72236e+18, 30, 57, 0, 0, 2600, 40348, 33682235213
1.72236e+18, 30, 57, 0, 0, 2600, 40348, 33682235213
1.72236e+18, 30, 57, 0, 0, 2600, 40348, 33682235213
1.72236e+18, 30, 57, 0, 0, 2600, 40348, 33682235213
1.72236e+18, 30, 57, 0, 0, 2600, 40348, 33682235213
1.72236e+18, 30, 57, 0, 0, 2600, 40348, 33682235213
1.72236e+18, 30, 57, 0, 0, 2600, 40348, 33682235213
1.72236e+18, 30, 57, 0, 0, 2600, 40348, 33682235213
1.72236e+18, 30, 57, 0, 0, 2600, 40348, 33682235213
1.72236e+18, 30, 57, 0, 0, 2600, 40348, 33682235213
1.72236e+18, 30, 57, 0, 0, 2600, 40348, 33682235213
1.72236e+18, 30, 57, 0, 0, 2600, 40348, 33682235213
1.72236e+18, 30, 57, 0, 0, 2600, 40348, 33682235213
1.72236e+18, 30, 57, 0, 0, 2600, 40348, 33682235213
1.72236e+18, 30, 57, 0, 0, 2600, 40348, 33682235213
1.72236e+18, 30, 57, 0, 0, 2600, 40348, 33682235213
1.72236e+18, 30, 57, 0, 0, 2600, 40348, 33682235213
1.72236e+18, 30, 57, 0, 0, 2600, 40348, 33682240976
1.72236e+18, 30, 57, 0, 0, 2600, 40348, 33682240976
1.72236e+18, 30, 57, 0, 0, 2600, 40348, 33682240976
1.72236e+18, 30, 57, 0, 0, 2600, 40348, 33682240976
1.72236e+18, 30, 57, 0, 0, 2600, 40348, 33682240976
1.72236e+18, 30, 57, 0, 0, 2600, 40348, 33682240976
1.72236e+18, 30, 57, 0, 0, 2600, 40348, 33682240976
1.72236e+18, 30, 57, 0, 0, 2600, 40348, 33682240976
1.72236e+18, 30, 57, 0, 0, 2600, 40348, 33682240976
1.72236e+18, 30, 57, 0, 0, 2600, 40348, 33682240976
1.72236e+18, 30, 57, 0, 0, 2600, 40348, 33682240976
1.72236e+18, 30, 57, 0, 0, 2600, 40348, 33682240976
1.72236e+18, 30, 57, 0, 0, 2600, 40348, 33682240976
1.72236e+18, 30, 57, 0, 0, 2600, 40348, 33682240976
1.72236e+18, 30, 57, 0, 0, 2600, 40348, 33682240976
1.72236e+18, 30, 57, 0, 0, 2600, 40348, 33682240976
1.72236e+18, 30, 57, 0, 0, 2600, 40348, 33682240976
1.72236e+18, 30, 57, 0, 0, 2600, 40348, 33682240976
1.72236e+18, 30, 57, 0, 0, 2600, 40348, 33682240976
1.72236e+18, 30, 57, 0, 0, 2600, 40348, 33682240976
1.72236e+18, 30, 57, 0, 0, 2600, 40348, 33682240976
1.72236e+18, 30, 57, 0, 0, 2600, 40348, 33682240976
1.72236e+18, 30, 57, 0, 0, 2600, 40348, 33682240976
1.72236e+18, 30, 57, 0, 0, 2600, 40348, 33682240976
1.72236e+18, 30, 57, 0, 0, 2600, 40348, 33682240976
1.72236e+18, 30, 57, 0, 0, 2600, 40348, 33682240976
1.72236e+18, 30, 57, 0, 0, 2600, 40348, 33682240976
1.72236e+18, 30, 57, 0, 0, 2600, 40348, 33682246735
1.72236e+18, 30, 57, 0, 0, 2600, 40348, 33682246735
1.72236e+18, 30, 57, 0, 0, 2600, 40348, 33682246735
1.72236e+18, 30, 57, 0, 0, 2600, 40348, 33682246735
1.72236e+18, 30, 57, 0, 0, 2600, 40348, 33682246735
1.72236e+18, 30, 57, 0, 0, 2600, 40348, 33682246735
1.72236e+18, 30, 57, 0, 0, 2600, 40348, 33682246735
1.72236e+18, 30, 57, 0, 0, 2600, 40348, 33682246735
1.72236e+18, 30, 57, 0, 0, 2600, 40348, 33682246735
1.72236e+18, 30, 57, 0, 0, 2600, 40348, 33682246735
1.72236e+18, 30, 57, 0, 0, 2600, 40348, 33682246735
1.72236e+18, 30, 57, 0, 0, 2600, 40348, 33682246735
1.72236e+18, 30, 57, 0, 0, 2600, 40348, 33682246735
1.72236e+18, 30, 57, 0, 0, 2600, 40348, 33682246735
1.72236e+18, 30, 57, 0, 0, 2600, 40348, 33682246735
1.72236e+18, 30, 57, 0, 0, 2600, 40348, 33682246735
1.72236e+18, 30, 57, 0, 0, 2600, 40348, 33682246735
1.72236e+18, 30, 57, 0, 0, 2600, 40348, 33682246735
1.72236e+18, 30, 57, 0, 0, 2600, 40348, 33682246735
1.72236e+18, 30, 57, 0, 0, 2600, 40348, 33682246735
1.72236e+18, 30, 57, 0, 0, 2600, 40348, 33682246735
1.72236e+18, 30, 57, 0, 0, 2600, 40348, 33682246735
1.72236e+18, 30, 57, 0, 0, 2600, 40348, 33682246735
1.72236e+18, 30, 57, 0, 0, 2600, 40348, 33682246735
1.72236e+18, 30, 57, 0, 0, 2600, 40348, 33682246735
1.72236e+18, 30, 57, 0, 0, 2600, 40348, 33682246735
1.72236e+18, 30, 57, 0, 0, 2600, 40348, 33682246735
1.72236e+18, 30, 57, 0, 0, 2600, 40348, 33682252497
1.72236e+18, 30, 57, 0, 0, 2600, 40348, 33682252497
1.72236e+18, 30, 57, 0, 0, 2600, 40348, 33682252497
1.72236e+18, 30, 57, 0, 0, 2600, 40348, 33682252497
1.72236e+18, 30, 57, 0, 0, 2600, 40348, 33682252497
1.72236e+18, 30, 57, 0, 0, 2600, 40348, 33682252497
1.72236e+18, 30, 57, 0, 0, 2600, 40348, 33682252497
1.72236e+18, 30, 57, 0, 0, 2600, 40348, 33682252497
1.72236e+18, 30, 57, 0, 0, 2600, 40348, 33682252497
1.72236e+18, 30, 57, 0, 0, 2600, 40348, 33682252497
1.72236e+18, 30, 57, 0, 0, 2600, 40348, 33682252497
1.72236e+18, 30, 57, 0, 0, 2600, 40348, 33682252497
1.72236e+18, 30, 57, 0, 0, 2600, 40348, 33682252497
1.72236e+18, 30, 57, 0, 0, 2600, 40348, 33682252497
1.72236e+18, 30, 57, 0, 0, 2600, 40348, 33682252497
1.72236e+18, 30, 57, 0, 0, 2600, 40348, 33682252497
1.72236e+18, 30, 57, 0, 0, 2600, 40348, 33682252497
1.72236e+18, 30, 57, 0, 0, 2600, 40348, 33682252497
1.72236e+18, 30, 57, 0, 0, 2600, 40348, 33682252497
1.72236e+18, 30, 57, 0, 0, 2600, 40348, 33682252497
1.72236e+18, 30, 57, 0, 0, 2600, 40348, 33682252497
1.72236e+18, 30, 57, 0, 0, 2600, 40348, 33682252497
1.72236e+18, 30, 57, 0, 0, 2600, 40348, 33682252497
1.72236e+18, 30, 57, 0, 0, 2600, 40348, 33682252497
1.72236e+18, 30, 57, 0, 0, 2600, 40348, 33682252497
1.72236e+18, 30, 57, 0, 0, 2600, 40348, 33682252497
1.72236e+18, 30, 57, 0, 0, 2600, 40348, 33682258274
1.72236e+18, 30, 57, 0, 0, 2600, 40348, 33682258274
1.72236e+18, 30, 57, 0, 0, 2600, 40348, 33682258274
1.72236e+18, 30, 57, 0, 0, 2600, 40348, 33682258274
1.72236e+18, 30, 57, 0, 0, 2600, 40348, 33682258274
1.72236e+18, 30, 57, 0, 0, 2600, 40348, 33682258274
1.72236e+18, 30, 57, 0, 0, 2600, 40348, 33682258274
1.72236e+18, 30, 57, 0, 0, 2600, 40348, 33682258274
1.72236e+18, 30, 57, 0, 0, 2600, 40348, 33682258274
1.72236e+18, 30, 57, 0, 0, 2600, 40348, 33682258274
1.72236e+18, 30, 57, 0, 0, 2600, 40348, 33682258274
1.72236e+18, 30, 57, 0, 0, 2600, 40348, 33682258274
1.72236e+18, 30, 57, 0, 0, 2600, 40348, 33682258274
1.72236e+18, 30, 57, 0, 0, 2600, 40348, 33682258274
1.72236e+18, 30, 57, 0, 0, 2600, 40348, 33682258274
1.72236e+18, 30, 57, 0, 0, 2600, 40348, 33682258274
1.72236e+18, 30, 57, 0, 0, 2600, 40348, 33682258274
1.72236e+18, 30, 57, 0, 0, 2600, 40348, 33682258274
1.72236e+18, 30, 57, 0, 0, 2600, 40348, 33682258274
1.72236e+18, 30, 57, 0, 0, 2600, 40348, 33682258274
1.72236e+18, 30, 57, 0, 0, 2600, 40348, 33682258274
1.72236e+18, 30, 57, 0, 0, 2600, 40348, 33682258274
1.72236e+18, 30, 57, 0, 0, 2600, 40348, 33682258274
1.72236e+18, 30, 57, 0, 0, 2600, 40348, 33682258274
1.72236e+18, 30, 57, 0, 0, 2600, 40348, 33682258274
1.72236e+18, 30, 57, 0, 0, 2600, 40348, 33682258274
1.72236e+18, 30, 57, 0, 0, 2600, 40348, 33682258274
1.72236e+18, 30, 57, 0, 0, 2600, 40348, 33682264039
1.72236e+18, 30, 57, 0, 0, 2600, 40348, 33682264039
1.72236e+18, 30, 57, 0, 0, 2600, 40348, 33682264039
1.72236e+18, 30, 57, 0, 0, 2600, 40348, 33682264039
1.72236e+18, 30, 57, 0, 0, 2600, 40348, 33682264039
1.72236e+18, 30, 57, 0, 0, 2600, 40348, 33682264039
1.72236e+18, 30, 57, 0, 0, 2600, 40348, 33682264039
1.72236e+18, 30, 57, 0, 0, 2600, 40348, 33682264039
1.72236e+18, 30, 57, 0, 0, 2600, 40348, 33682264039
1.72236e+18, 30, 57, 0, 0, 2600, 40348, 33682264039
1.72236e+18, 30, 57, 0, 0, 2600, 40348, 33682264039
1.72236e+18, 30, 57, 0, 0, 2600, 40348, 33682264039
1.72236e+18, 30, 57, 0, 0, 2600, 40348, 33682264039
1.72236e+18, 30, 57, 0, 0, 2600, 40348, 33682264039
1.72236e+18, 30, 57, 0, 0, 2600, 40348, 33682264039
1.72236e+18, 30, 57, 0, 0, 2600, 40348, 33682264039
1.72236e+18, 30, 57, 0, 0, 2600, 40348, 33682264039
1.72236e+18, 30, 57, 0, 0, 2600, 40348, 33682264039
1.72236e+18, 30, 57, 0, 0, 2600, 40348, 33682264039
1.72236e+18, 30, 57, 0, 0, 2600, 40348, 33682264039
1.72236e+18, 30, 57, 0, 0, 2600, 40348, 33682264039
1.72236e+18, 30, 57, 0, 0, 2600, 40348, 33682264039
1.72236e+18, 30, 57, 0, 0, 2600, 40348, 33682264039
1.72236e+18, 30, 57, 0, 0, 2600, 40348, 33682264039
1.72236e+18, 30, 57, 0, 0, 2600, 40348, 33682264039
1.72236e+18, 30, 57, 0, 0, 2600, 40348, 33682264039
1.72236e+18, 30, 57, 0, 0, 2600, 40348, 33682264039
1.72236e+18, 30, 57, 0, 0, 2600, 40348, 33682269813
1.72236e+18, 30, 57, 0, 0, 2600, 40348, 33682269813
1.72236e+18, 30, 57, 0, 0, 2600, 40348, 33682269813
1.72236e+18, 30, 57, 0, 0, 2600, 40348, 33682269813
1.72236e+18, 30, 57, 0, 0, 2600, 40348, 33682269813
1.72236e+18, 30, 57, 0, 0, 2600, 40348, 33682269813
1.72236e+18, 30, 57, 0, 0, 2600, 40348, 33682269813
1.72236e+18, 30, 57, 0, 0, 2600, 40348, 33682269813
1.72236e+18, 30, 57, 0, 0, 2600, 40348, 33682269813
1.72236e+18, 30, 57, 0, 0, 2600, 40348, 33682269813
1.72236e+18, 30, 57, 0, 0, 2600, 40348, 33682269813
1.72236e+18, 30, 57, 0, 0, 2600, 40348, 33682269813
1.72236e+18, 30, 57, 0, 0, 2600, 40348, 33682269813
1.72236e+18, 30, 57, 0, 0, 2600, 40348, 33682269813
1.72236e+18, 30, 57, 0, 0, 2600, 40348, 33682269813
1.72236e+18, 30, 57, 0, 0, 2600, 40348, 33682269813
1.72236e+18, 30, 57, 0, 0, 2600, 40348, 33682269813
1.72236e+18, 30, 57, 0, 0, 2600, 40348, 33682269813
1.72236e+18, 30, 57, 0, 0, 2600, 40348, 33682269813
1.72236e+18, 30, 57, 0, 0, 2600, 40348, 33682269813
1.72236e+18, 30, 57, 0, 0, 2600, 40348, 33682269813
1.72236e+18, 30, 57, 0, 0, 2600, 40348, 33682269813
1.72236e+18, 30, 57, 0, 0, 2600, 40348, 33682269813
1.72236e+18, 30, 57, 0, 0, 2600, 40348, 33682269813
1.72236e+18, 30, 57, 0, 0, 2600, 40348, 33682269813
1.72236e+18, 30, 57, 0, 0, 2600, 40348, 33682275582
1.72236e+18, 30, 57, 0, 0, 2600, 40348, 33682275582
1.72236e+18, 30, 57, 0, 0, 2600, 40348, 33682275582
1.72236e+18, 30, 57, 0, 0, 2600, 40348, 33682275582
1.72236e+18, 30, 57, 0, 0, 2600, 40348, 33682275582
1.72236e+18, 30, 57, 0, 0, 2600, 40348, 33682275582
1.72236e+18, 30, 57, 0, 0, 2600, 40348, 33682275582
1.72236e+18, 30, 57, 0, 0, 2600, 40348, 33682275582
1.72236e+18, 30, 57, 0, 0, 2600, 40348, 33682275582
1.72236e+18, 30, 57, 0, 0, 2600, 40348, 33682275582
1.72236e+18, 30, 57, 0, 0, 2600, 40348, 33682275582
1.72236e+18, 30, 57, 0, 0, 2600, 40348, 33682275582
1.72236e+18, 30, 57, 0, 0, 2600, 40348, 33682275582
1.72236e+18, 30, 57, 0, 0, 2600, 40348, 33682275582
1.72236e+18, 30, 57, 0, 0, 2600, 40348, 33682275582
1.72236e+18, 30, 57, 0, 0, 2600, 40348, 33682275582
1.72236e+18, 30, 57, 0, 0, 2600, 40348, 33682275582
1.72236e+18, 30, 57, 0, 0, 2600, 40348, 33682275582
1.72236e+18, 30, 57, 0, 0, 2600, 40348, 33682275582
1.72236e+18, 30, 57, 0, 0, 2600, 40348, 33682275582
1.72236e+18, 30, 57, 0, 0, 2600, 40348, 33682275582
1.72236e+18, 30, 57, 0, 0, 2600, 40348, 33682275582
1.72236e+18, 30, 57, 0, 0, 2600, 40348, 33682275582
1.72236e+18, 30, 57, 0, 0, 2600, 40348, 33682275582
1.72236e+18, 30, 57, 0, 0, 2600, 40348, 33682275582
1.72236e+18, 30, 57, 0, 0, 2600, 40348, 33682275582
1.72236e+18, 30, 57, 0, 0, 2600, 40348, 33682275582
1.72236e+18, 30, 57, 0, 0, 2600, 40348, 33682281368
1.72236e+18, 30, 57, 0, 0, 2600, 40348, 33682281368
1.72236e+18, 30, 57, 0, 0, 2600, 40348, 33682281368
1.72236e+18, 30, 57, 0, 0, 2600, 40348, 33682281368
1.72236e+18, 30, 57, 0, 0, 2600, 40348, 33682281368
1.72236e+18, 30, 57, 0, 0, 2600, 40348, 33682281368
1.72236e+18, 30, 57, 0, 0, 2600, 40348, 33682281368
1.72236e+18, 30, 57, 0, 0, 2600, 40348, 33682281368
1.72236e+18, 30, 57, 0, 0, 2600, 40348, 33682281368
1.72236e+18, 30, 57, 0, 0, 2600, 40348, 33682281368
1.72236e+18, 30, 57, 0, 0, 2600, 40348, 33682281368
1.72236e+18, 30, 57, 0, 0, 2600, 40348, 33682281368
1.72236e+18, 30, 57, 0, 0, 2600, 40348, 33682281368
1.72236e+18, 30, 57, 0, 0, 2600, 40348, 33682281368
1.72236e+18, 30, 57, 0, 0, 2600, 40348, 33682281368
1.72236e+18, 30, 57, 0, 0, 2600, 40348, 33682281368
1.72236e+18, 30, 57, 0, 0, 2600, 40348, 33682281368
1.72236e+18, 30, 57, 0, 0, 2600, 40348, 33682281368
1.72236e+18, 30, 57, 0, 0, 2600, 40348, 33682281368
1.72236e+18, 30, 57, 0, 0, 2600, 40348, 33682281368
1.72236e+18, 30, 57, 0, 0, 2600, 40348, 33682281368
1.72236e+18, 30, 57, 0, 0, 2600, 40348, 33682281368
1.72236e+18, 30, 57, 0, 0, 2600, 40348, 33682281368
1.72236e+18, 30, 57, 0, 0, 2600, 40348, 33682281368
1.72236e+18, 30, 57, 0, 0, 2600, 40348, 33682281368
1.72236e+18, 30, 57, 0, 0, 2600, 40348, 33682281368
1.72236e+18, 30, 57, 0, 0, 2600, 40348, 33682281368
1.72236e+18, 30, 57, 0, 0, 2600, 40348, 33682287131
1.72236e+18, 30, 57, 0, 0, 2600, 40348, 33682287131
1.72236e+18, 30, 57, 0, 0, 2600, 40348, 33682287131
1.72236e+18, 30, 57, 0, 0, 2600, 40348, 33682287131
1.72236e+18, 30, 57, 0, 0, 2600, 40348, 33682287131
1.72236e+18, 30, 57, 0, 0, 2600, 40348, 33682287131
1.72236e+18, 30, 57, 0, 0, 2600, 40348, 33682287131
1.72236e+18, 30, 57, 0, 0, 2600, 40348, 33682287131
1.72236e+18, 30, 57, 0, 0, 2600, 40348, 33682287131
1.72236e+18, 30, 57, 0, 0, 2600, 40348, 33682287131
1.72236e+18, 30, 57, 0, 0, 2600, 40348, 33682287131
1.72236e+18, 30, 57, 0, 0, 2600, 40348, 33682287131
1.72236e+18, 30, 57, 0, 0, 2600, 40348, 33682287131
1.72236e+18, 30, 57, 0, 0, 2600, 40348, 33682287131
1.72236e+18, 30, 57, 0, 0, 2600, 40348, 33682287131
1.72236e+18, 30, 57, 0, 0, 2600, 40348, 33682287131
1.72236e+18, 30, 57, 0, 0, 2600, 40348, 33682287131
1.72236e+18, 30, 57, 0, 0, 2600, 40348, 33682287131
1.72236e+18, 30, 57, 0, 0, 2600, 40348, 33682287131
1.72236e+18, 30, 57, 0, 0, 2600, 40348, 33682287131
1.72236e+18, 30, 57, 0, 0, 2600, 40348, 33682287131
1.72236e+18, 30, 57, 0, 0, 2600, 40348, 33682287131
1.72236e+18, 30, 57, 0, 0, 2600, 40348, 33682287131
1.72236e+18, 30, 57, 0, 0, 2600, 40348, 33682287131
1.72236e+18, 30, 57, 0, 0, 2600, 40348, 33682287131
1.72236e+18, 30, 57, 0, 0, 2600, 40348, 33682287131
1.72236e+18, 30, 57, 0, 0, 2600, 40348, 33682287131
1.72236e+18, 30, 57, 0, 0, 2600, 40348, 33682292898
1.72236e+18, 30, 57, 0, 0, 2600, 40348, 33682292898
1.72236e+18, 30, 57, 0, 0, 2600, 40348, 33682292898
1.72236e+18, 30, 57, 0, 0, 2600, 40348, 33682292898
1.72236e+18, 30, 57, 0, 0, 2600, 40348, 33682292898
1.72236e+18, 30, 57, 0, 0, 2600, 40348, 33682292898
1.72236e+18, 30, 57, 0, 0, 2600, 40348, 33682292898
1.72236e+18, 30, 57, 0, 0, 2600, 40348, 33682292898
1.72236e+18, 30, 57, 0, 0, 2600, 40348, 33682292898
1.72236e+18, 30, 57, 0, 0, 2600, 40348, 33682292898
1.72236e+18, 30, 57, 0, 0, 2600, 40348, 33682292898
1.72236e+18, 30, 57, 0, 0, 2600, 40348, 33682292898
1.72236e+18, 30, 57, 0, 0, 2600, 40348, 33682292898
1.72236e+18, 30, 57, 0, 0, 2600, 40348, 33682292898
1.72236e+18, 30, 57, 0, 0, 2600, 40348, 33682292898
1.72236e+18, 30, 57, 0, 0, 2600, 40348, 33682292898
1.72236e+18, 30, 57, 0, 0, 2600, 40348, 33682292898
1.72236e+18, 30, 57, 0, 0, 2600, 40348, 33682292898
1.72236e+18, 30, 57, 0, 0, 2600, 40348, 33682292898
1.72236e+18, 30, 57, 0, 0, 2600, 40348, 33682292898
1.72236e+18, 30, 57, 0, 0, 2600, 40348, 33682292898
1.72236e+18, 30, 57, 0, 0, 2600, 40348, 33682292898
1.72236e+18, 30, 57, 0, 0, 2600, 40348, 33682292898
1.72236e+18, 30, 57, 0, 0, 2600, 40348, 33682292898
1.72236e+18, 30, 57, 0, 0, 2600, 40348, 33682292898
1.72236e+18, 30, 57, 0, 0, 2600, 40348, 33682292898
1.72236e+18, 30, 57, 0, 0, 2600, 40348, 33682292898
1.72236e+18, 30, 57, 0, 0, 2600, 40348, 33682292898
1.72236e+18, 30, 57, 0, 0, 2600, 40348, 33682298863
1.72236e+18, 30, 57, 0, 0, 2600, 40348, 33682298863
1.72236e+18, 30, 57, 0, 0, 2600, 40348, 33682298863
1.72236e+18, 30, 57, 0, 0, 2600, 40348, 33682298863
1.72236e+18, 30, 57, 0, 0, 2600, 40348, 33682298863
1.72236e+18, 30, 57, 0, 0, 2600, 40348, 33682298863
1.72236e+18, 30, 57, 0, 0, 2600, 40348, 33682298863
1.72236e+18, 30, 57, 0, 0, 2600, 40348, 33682298863
1.72236e+18, 30, 57, 0, 0, 2600, 40348, 33682298863
1.72236e+18, 30, 57, 0, 0, 2600, 40348, 33682298863
1.72236e+18, 30, 57, 0, 0, 2600, 40348, 33682298863
1.72236e+18, 30, 57, 0, 0, 2600, 40348, 33682298863
1.72236e+18, 30, 57, 0, 0, 2600, 40348, 33682298863
1.72236e+18, 30, 57, 0, 0, 2600, 40348, 33682298863
1.72236e+18, 30, 57, 0, 0, 2600, 40348, 33682298863
1.72236e+18, 30, 57, 0, 0, 2600, 40348, 33682298863
1.72236e+18, 30, 57, 0, 0, 2600, 40348, 33682298863
1.72236e+18, 30, 57, 0, 0, 2600, 40348, 33682298863
1.72236e+18, 30, 57, 0, 0, 2600, 40348, 33682298863
1.72236e+18, 30, 57, 0, 0, 2600, 40348, 33682298863
1.72236e+18, 30, 57, 1, 0, 2600, 40348, 33682298863
1.72236e+18, 30, 57, 1, 0, 2600, 40348, 33682298863
1.72236e+18, 30, 57, 1, 0, 2600, 40348, 33682298863
1.72236e+18, 30, 57, 1, 0, 2600, 40348, 33682298863
1.72236e+18, 30, 57, 1, 0, 2600, 40348, 33682298863
1.72236e+18, 30, 57, 1, 0, 2600, 40348, 33682298863
1.72236e+18, 30, 57, 1, 0, 2600, 40348, 33682298863
1.72236e+18, 30, 57, 1, 0, 2600, 40348, 33682304645
1.72236e+18, 30, 57, 1, 0, 2600, 40348, 33682304645
1.72236e+18, 30, 57, 1, 0, 2600, 40348, 33682304645
1.72236e+18, 30, 57, 1, 0, 2600, 40348, 33682304645
1.72236e+18, 30, 57, 1, 0, 2600, 40348, 33682304645
1.72236e+18, 30, 57, 1, 0, 2600, 40348, 33682304645
1.72236e+18, 30, 57, 1, 0, 2600, 40348, 33682304645
1.72236e+18, 30, 57, 1, 0, 2600, 40348, 33682304645
1.72236e+18, 30, 57, 1, 0, 2600, 40348, 33682304645
1.72236e+18, 30, 57, 1, 0, 2600, 40348, 33682304645
1.72236e+18, 30, 57, 1, 0, 2600, 40348, 33682304645
1.72236e+18, 30, 57, 1, 0, 2600, 40348, 33682304645
1.72236e+18, 30, 57, 1, 0, 2600, 40348, 33682304645
1.72236e+18, 30, 57, 1, 0, 2600, 40348, 33682304645
1.72236e+18, 30, 57, 1, 0, 2600, 40348, 33682304645
1.72236e+18, 30, 57, 1, 0, 2600, 40348, 33682304645
1.72236e+18, 30, 57, 1, 0, 2600, 40348, 33682304645
1.72236e+18, 30, 57, 1, 0, 2600, 40348, 33682304645
1.72236e+18, 30, 57, 1, 0, 2600, 40348, 33682304645
1.72236e+18, 30, 57, 1, 0, 2600, 40348, 33682304645
1.72236e+18, 30, 57, 1, 0, 2600, 40348, 33682304645
1.72236e+18, 30, 57, 1, 0, 2600, 40348, 33682304645
1.72236e+18, 30, 57, 1, 0, 2600, 40348, 33682304645
1.72236e+18, 30, 57, 1, 0, 2600, 40348, 33682304645
1.72236e+18, 30, 57, 1, 0, 2600, 40348, 33682304645
1.72236e+18, 30, 57, 1, 0, 2600, 40348, 33682304645
1.72236e+18, 30, 57, 1, 0, 2600, 40348, 33682304645
1.72236e+18, 30, 57, 1, 0, 2600, 40348, 33682304645
1.72236e+18, 30, 57, 1, 0, 2600, 40348, 33682310410
1.72236e+18, 30, 57, 1, 0, 2600, 40348, 33682310410
1.72236e+18, 30, 57, 1, 0, 2600, 40348, 33682310410
1.72236e+18, 30, 57, 1, 0, 2600, 40348, 33682310410
1.72236e+18, 30, 57, 1, 0, 2600, 40348, 33682310410
1.72236e+18, 30, 57, 1, 0, 2600, 40348, 33682310410
1.72236e+18, 30, 57, 1, 0, 2600, 40348, 33682310410
1.72236e+18, 30, 57, 1, 0, 2600, 40348, 33682310410
1.72236e+18, 30, 57, 1, 0, 2600, 40348, 33682310410
1.72236e+18, 30, 57, 1, 0, 2600, 40348, 33682310410
1.72236e+18, 30, 57, 1, 0, 2600, 40348, 33682310410
1.72236e+18, 30, 57, 1, 0, 2600, 40348, 33682310410
1.72236e+18, 30, 57, 1, 0, 2600, 40348, 33682310410
1.72236e+18, 30, 57, 1, 0, 2600, 40348, 33682310410
1.72236e+18, 30, 57, 1, 0, 2600, 40348, 33682310410
1.72236e+18, 30, 57, 1, 0, 2600, 40348, 33682310410
1.72236e+18, 30, 57, 1, 0, 2600, 40348, 33682310410
1.72236e+18, 30, 57, 1, 0, 2600, 40348, 33682310410
1.72236e+18, 30, 57, 1, 0, 2600, 40348, 33682310410
1.72236e+18, 30, 57, 1, 0, 2600, 40348, 33682310410
1.72236e+18, 30, 57, 1, 0, 2600, 40348, 33682310410
1.72236e+18, 30, 57, 1, 0, 2600, 40348, 33682310410
1.72236e+18, 30, 57, 1, 0, 2600, 40348, 33682310410
1.72236e+18, 30, 57, 0, 0, 2600, 40348, 33682310410
1.72236e+18, 30, 57, 0, 0, 2600, 40348, 33682310410
1.72236e+18, 30, 57, 0, 0, 2600, 40348, 33682310410
1.72236e+18, 30, 57, 0, 0, 2600, 40348, 33682310410
1.72236e+18, 30, 57, 0, 0, 2600, 40348, 33682316190
1.72236e+18, 30, 57, 0, 0, 2600, 40348, 33682316190
1.72236e+18, 30, 57, 0, 0, 2600, 40348, 33682316190
1.72236e+18, 30, 57, 0, 0, 2600, 40348, 33682316190
1.72236e+18, 30, 57, 0, 0, 2600, 40348, 33682316190
1.72236e+18, 30, 57, 0, 0, 2600, 40348, 33682316190
1.72236e+18, 30, 57, 0, 0, 2600, 40348, 33682316190
1.72236e+18, 30, 57, 0, 0, 2600, 40348, 33682316190
1.72236e+18, 30, 57, 0, 0, 2600, 40348, 33682316190
1.72236e+18, 30, 57, 0, 0, 2600, 40348, 33682316190
1.72236e+18, 30, 57, 0, 0, 2600, 40348, 33682316190
1.72236e+18, 30, 57, 0, 0, 2600, 40348, 33682316190
1.72236e+18, 30, 57, 0, 0, 2600, 40348, 33682316190
1.72236e+18, 30, 57, 0, 0, 2600, 40348, 33682316190
1.72236e+18, 30, 57, 0, 0, 2600, 40348, 33682316190
1.72236e+18, 30, 57, 0, 0, 2600, 40348, 33682316190
1.72236e+18, 30, 57, 0, 0, 2600, 40348, 33682316190
1.72236e+18, 30, 57, 0, 0, 2600, 40348, 33682316190
1.72236e+18, 30, 57, 0, 0, 2600, 40348, 33682316190
1.72236e+18, 30, 57, 0, 0, 2600, 40348, 33682316190
1.72236e+18, 30, 57, 0, 0, 2600, 40348, 33682316190
1.72236e+18, 30, 57, 0, 0, 2600, 40348, 33682316190
1.72236e+18, 30, 57, 0, 0, 2600, 40348, 33682316190
1.72236e+18, 30, 57, 0, 0, 2600, 40348, 33682316190
1.72236e+18, 30, 57, 0, 0, 2600, 40348, 33682316190
1.72236e+18, 30, 57, 0, 0, 2600, 40348, 33682316190
1.72236e+18, 30, 57, 0, 0, 2600, 40348, 33682316190
1.72236e+18, 30, 57, 0, 0, 2600, 40348, 33682316190
1.72236e+18, 30, 57, 0, 0, 2600, 40348, 33682321965
1.72236e+18, 30, 57, 0, 0, 2600, 40348, 33682321965
1.72236e+18, 30, 57, 0, 0, 2600, 40348, 33682321965
1.72236e+18, 30, 57, 0, 0, 2600, 40348, 33682321965
1.72236e+18, 30, 57, 0, 0, 2600, 40348, 33682321965
1.72236e+18, 30, 57, 0, 0, 2600, 40348, 33682321965
1.72236e+18, 30, 57, 0, 0, 2600, 40348, 33682321965
1.72236e+18, 30, 57, 0, 0, 2600, 40348, 33682321965
1.72236e+18, 30, 57, 0, 0, 2600, 40348, 33682321965
1.72236e+18, 30, 57, 0, 0, 2600, 40348, 33682321965
1.72236e+18, 30, 57, 0, 0, 2600, 40348, 33682321965
1.72236e+18, 30, 57, 0, 0, 2600, 40348, 33682321965
1.72236e+18, 30, 57, 0, 0, 2600, 40348, 33682321965
1.72236e+18, 30, 57, 0, 0, 2600, 40348, 33682321965
1.72236e+18, 30, 57, 0, 0, 2600, 40348, 33682321965
1.72236e+18, 30, 57, 0, 0, 2600, 40348, 33682321965
1.72236e+18, 30, 57, 0, 0, 2600, 40348, 33682321965
1.72236e+18, 30, 57, 0, 0, 2600, 40348, 33682321965
1.72236e+18, 30, 57, 0, 0, 2600, 40348, 33682321965
1.72236e+18, 30, 57, 0, 0, 2600, 40348, 33682321965
1.72236e+18, 30, 57, 0, 0, 2600, 40348, 33682321965
1.72236e+18, 30, 57, 0, 0, 2600, 40348, 33682321965
1.72236e+18, 30, 57, 0, 0, 2600, 40348, 33682321965
1.72236e+18, 30, 57, 0, 0, 2600, 40348, 33682321965
1.72236e+18, 30, 57, 0, 0, 2600, 40348, 33682321965
1.72236e+18, 30, 57, 0, 0, 2600, 40348, 33682321965
1.72236e+18, 30, 57, 0, 0, 2600, 40348, 33682321965
1.72236e+18, 30, 57, 0, 0, 2600, 40348, 33682321965
1.72236e+18, 30, 57, 0, 0, 2600, 40348, 33682327736
1.72236e+18, 30, 57, 0, 0, 2600, 40348, 33682327736
1.72236e+18, 30, 57, 0, 0, 2600, 40348, 33682327736
1.72236e+18, 30, 57, 0, 0, 2600, 40348, 33682327736
1.72236e+18, 30, 57, 0, 0, 2600, 40348, 33682327736
1.72236e+18, 30, 57, 0, 0, 2600, 40348, 33682327736
1.72236e+18, 30, 57, 0, 0, 2600, 40348, 33682327736
1.72236e+18, 30, 57, 0, 0, 2600, 40348, 33682327736
1.72236e+18, 30, 57, 0, 0, 2600, 40348, 33682327736
1.72236e+18, 30, 57, 0, 0, 2600, 40348, 33682327736
1.72236e+18, 30, 57, 0, 0, 2600, 40348, 33682327736
1.72236e+18, 30, 57, 0, 0, 2600, 40348, 33682327736
1.72236e+18, 30, 57, 0, 0, 2600, 40348, 33682327736
1.72236e+18, 30, 57, 0, 0, 2600, 40348, 33682327736
1.72236e+18, 30, 57, 0, 0, 2600, 40348, 33682327736
1.72236e+18, 30, 57, 0, 0, 2600, 40348, 33682327736
1.72236e+18, 30, 57, 0, 0, 2600, 40348, 33682327736
1.72236e+18, 30, 57, 0, 0, 2600, 40348, 33682327736
1.72236e+18, 30, 57, 0, 0, 2600, 40348, 33682327736
1.72236e+18, 30, 57, 0, 0, 2600, 40348, 33682327736
1.72236e+18, 30, 57, 0, 0, 2600, 40348, 33682327736
1.72236e+18, 30, 57, 0, 0, 2600, 40348, 33682327736
1.72236e+18, 30, 57, 0, 0, 2600, 40348, 33682327736
1.72236e+18, 30, 57, 0, 0, 2600, 40348, 33682327736
1.72236e+18, 30, 57, 0, 0, 2600, 40348, 33682327736
1.72236e+18, 30, 57, 0, 0, 2600, 40348, 33682327736
1.72236e+18, 30, 57, 0, 0, 2600, 40348, 33682327736
1.72236e+18, 30, 57, 0, 0, 2600, 40348, 33682333496
1.72236e+18, 30, 57, 0, 0, 2600, 40348, 33682333496
1.72236e+18, 30, 57, 0, 0, 2600, 40348, 33682333496
1.72236e+18, 30, 57, 0, 0, 2600, 40348, 33682333496
1.72236e+18, 30, 57, 0, 0, 2600, 40348, 33682333496
1.72236e+18, 30, 57, 0, 0, 2600, 40348, 33682333496
1.72236e+18, 30, 57, 0, 0, 2600, 40348, 33682333496
1.72236e+18, 30, 57, 0, 0, 2600, 40348, 33682333496
1.72236e+18, 30, 57, 0, 0, 2600, 40348, 33682333496
1.72236e+18, 30, 57, 0, 0, 2600, 40348, 33682333496
1.72236e+18, 30, 57, 0, 0, 2600, 40348, 33682333496
1.72236e+18, 30, 57, 0, 0, 2600, 40348, 33682333496
1.72236e+18, 30, 57, 0, 0, 2600, 40348, 33682333496
1.72236e+18, 30, 57, 0, 0, 2600, 40348, 33682333496
1.72236e+18, 30, 57, 0, 0, 2600, 40348, 33682333496
1.72236e+18, 30, 57, 0, 0, 2600, 40348, 33682333496
1.72236e+18, 30, 57, 0, 0, 2600, 40348, 33682333496
1.72236e+18, 30, 57, 0, 0, 2600, 40348, 33682333496
1.72236e+18, 30, 57, 0, 0, 2600, 40348, 33682333496
1.72236e+18, 30, 57, 0, 0, 2600, 40348, 33682333496
1.72236e+18, 30, 57, 0, 0, 2600, 40348, 33682333496
1.72236e+18, 30, 57, 0, 0, 2600, 40348, 33682333496
1.72236e+18, 30, 57, 0, 0, 2600, 40348, 33682333496
1.72236e+18, 30, 57, 0, 0, 2600, 40348, 33682333496
1.72236e+18, 30, 57, 0, 0, 2600, 40348, 33682333496
1.72236e+18, 30, 57, 0, 0, 2600, 40348, 33682333496
1.72236e+18, 30, 57, 0, 0, 2600, 40348, 33682333496
1.72236e+18, 30, 57, 0, 0, 2600, 40348, 33682339269
1.72236e+18, 30, 57, 0, 0, 2600, 40348, 33682339269
1.72236e+18, 30, 57, 0, 0, 2600, 40348, 33682339269
1.72236e+18, 30, 57, 0, 0, 2600, 40348, 33682339269
1.72236e+18, 30, 57, 0, 0, 2600, 40348, 33682339269
1.72236e+18, 30, 57, 0, 0, 2600, 40348, 33682339269
1.72236e+18, 30, 57, 0, 0, 2600, 40348, 33682339269
1.72236e+18, 30, 57, 0, 0, 2600, 40348, 33682339269
1.72236e+18, 30, 57, 0, 0, 2600, 40348, 33682339269
1.72236e+18, 30, 57, 0, 0, 2600, 40348, 33682339269
1.72236e+18, 30, 57, 0, 0, 2600, 40348, 33682339269
1.72236e+18, 30, 57, 0, 0, 2600, 40348, 33682339269
1.72236e+18, 30, 57, 0, 0, 2600, 40348, 33682339269
1.72236e+18, 30, 57, 0, 0, 2600, 40348, 33682339269
1.72236e+18, 30, 57, 0, 0, 2600, 40348, 33682339269
1.72236e+18, 30, 57, 0, 0, 2600, 40348, 33682339269
1.72236e+18, 30, 57, 0, 0, 2600, 40348, 33682339269
1.72236e+18, 30, 57, 0, 0, 2600, 40348, 33682339269
1.72236e+18, 30, 57, 0, 0, 2600, 40348, 33682339269
1.72236e+18, 30, 57, 0, 0, 2600, 40348, 33682339269
1.72236e+18, 30, 57, 0, 0, 2600, 40348, 33682339269
1.72236e+18, 30, 57, 0, 0, 2600, 40348, 33682339269
1.72236e+18, 30, 57, 0, 0, 2600, 40348, 33682339269
1.72236e+18, 30, 57, 0, 0, 2600, 40348, 33682339269
1.72236e+18, 30, 57, 0, 0, 2600, 40348, 33682339269
1.72236e+18, 30, 57, 0, 0, 2600, 40348, 33682339269
1.72236e+18, 30, 57, 0, 0, 2600, 40348, 33682339269
1.72236e+18, 30, 57, 0, 0, 2600, 40348, 33682345034
1.72236e+18, 30, 57, 0, 0, 2600, 40348, 33682345034
1.72236e+18, 30, 57, 0, 0, 2600, 40348, 33682345034
1.72236e+18, 30, 57, 0, 0, 2600, 40348, 33682345034
1.72236e+18, 30, 57, 0, 0, 2600, 40348, 33682345034
1.72236e+18, 30, 57, 0, 0, 2600, 40348, 33682345034
1.72236e+18, 30, 57, 0, 0, 2600, 40348, 33682345034
1.72236e+18, 30, 57, 0, 0, 2600, 40348, 33682345034
1.72236e+18, 30, 57, 0, 0, 2600, 40348, 33682345034
1.72236e+18, 30, 57, 0, 0, 2600, 40348, 33682345034
1.72236e+18, 30, 57, 0, 0, 2600, 40348, 33682345034
1.72236e+18, 30, 57, 0, 0, 2600, 40348, 33682345034
1.72236e+18, 30, 57, 0, 0, 2600, 40348, 33682345034
1.72236e+18, 30, 57, 0, 0, 2600, 40348, 33682345034
1.72236e+18, 30, 57, 0, 0, 2600, 40348, 33682345034
1.72236e+18, 30, 57, 0, 0, 2600, 40348, 33682345034
1.72236e+18, 30, 57, 0, 0, 2600, 40348, 33682345034
1.72236e+18, 30, 57, 0, 0, 2600, 40348, 33682345034
1.72236e+18, 30, 57, 0, 0, 2600, 40348, 33682345034
1.72236e+18, 30, 57, 0, 0, 2600, 40348, 33682345034
1.72236e+18, 30, 57, 0, 0, 2600, 40348, 33682345034
1.72236e+18, 30, 57, 0, 0, 2600, 40348, 33682345034
1.72236e+18, 30, 57, 0, 0, 2600, 40348, 33682345034
1.72236e+18, 30, 57, 0, 0, 2600, 40348, 33682345034
1.72236e+18, 30, 57, 0, 0, 2600, 40348, 33682345034
1.72236e+18, 30, 57, 0, 0, 2600, 40348, 33682345034
1.72236e+18, 30, 57, 0, 0, 2600, 40348, 33682345034
