#Entity,SMACT,SMOCC,DRAMA,PCITX,PCIRX,NVLTX,NVLRX,
GPU,3,0.000,0.000,0.000,83267623,37848919,0,0,
GPU,3,0.000,0.000,0.000,83267623,37848919,0,0,
GPU,3,0.000,0.000,0.000,83267623,37848919,0,0,
GPU,3,0.000,0.000,0.000,83267623,37848919,0,0,
GPU,3,0.000,0.000,0.000,83267623,37848919,0,0,
GPU,3,0.000,0.000,0.000,83267623,37848919,0,0,
GPU,3,0.000,0.000,0.000,83267623,37848919,0,0,
GPU,3,0.000,0.000,0.000,83267623,37848919,0,0,
GPU,3,0.000,0.000,0.000,83267623,37848919,0,0,
GPU,3,0.000,0.000,0.000,83267623,37848919,0,0,
GPU,3,0.000,0.000,0.000,83267623,37848919,0,0,
GPU,3,0.000,0.000,0.000,83267623,37848919,0,0,
GPU,3,0.000,0.000,0.000,83267623,37848919,0,0,
GPU,3,0.000,0.000,0.000,83267623,37848919,0,0,
GPU,3,0.000,0.000,0.000,83267623,37848919,0,0,
GPU,3,0.000,0.000,0.000,83267623,37848919,0,0,
GPU,3,0.000,0.000,0.000,83267623,37848919,0,0,
GPU,3,0.000,0.000,0.000,83267623,37848919,0,0,
GPU,3,0.000,0.000,0.000,83267623,37848919,0,0,
GPU,3,0.000,0.000,0.000,83267623,37848919,0,0,
GPU,3,0.000,0.000,0.000,83267623,37848919,0,0,
GPU,3,0.000,0.000,0.000,83267623,37848919,0,0,
GPU,3,0.000,0.000,0.000,83267623,37848919,0,0,
GPU,3,0.000,0.000,0.000,83267623,37848919,0,0,
GPU,3,0.000,0.000,0.000,83267623,37848919,0,0,
GPU,3,0.000,0.000,0.000,83267623,37848919,0,0,
GPU,3,0.000,0.000,0.000,83267623,37848919,0,0,
GPU,3,0.000,0.000,0.000,83267623,37848919,0,0,
GPU,3,0.000,0.000,0.000,83267623,37848919,0,0,
GPU,3,0.000,0.000,0.000,83267623,37848919,0,0,
GPU,3,0.000,0.000,0.000,83267623,37848919,0,0,
GPU,3,0.000,0.000,0.000,83267623,37848919,0,0,
GPU,3,0.000,0.000,0.000,22320338,14461124,0,0,
GPU,3,0.000,0.000,0.000,22320338,14461124,0,0,
GPU,3,0.000,0.000,0.000,18146590,11719672,0,0,
GPU,3,0.000,0.000,0.000,18146590,11719672,0,0,
GPU,3,0.000,0.000,0.000,16868262,10882749,0,0,
GPU,3,0.000,0.000,0.000,16868262,10882749,0,0,
GPU,3,0.000,0.000,0.000,17369867,11037103,0,0,
GPU,3,0.000,0.000,0.000,17369867,11037103,0,0,
GPU,3,0.000,0.000,0.000,17494903,11298791,0,0,
GPU,3,0.000,0.000,0.000,17494903,11298791,0,0,
GPU,3,0.000,0.000,0.000,17494903,11298791,0,0,
GPU,3,0.000,0.000,0.000,17494903,11298791,0,0,
GPU,3,0.000,0.000,0.000,22914944,12046713,0,0,
GPU,3,0.000,0.000,0.000,22914944,12046713,0,0,
GPU,3,0.000,0.000,0.000,21243912,11908022,0,0,
GPU,3,0.000,0.000,0.000,21243912,11908022,0,0,
GPU,3,0.000,0.000,0.000,16188017,10454761,0,0,
GPU,3,0.000,0.000,0.000,16188017,10454761,0,0,
GPU,3,0.000,0.000,0.000,16841719,10800668,0,0,
GPU,3,0.000,0.000,0.000,16841719,10800668,0,0,
GPU,3,0.000,0.000,0.000,17619124,11379017,0,0,
GPU,3,0.000,0.000,0.000,17619124,11379017,0,0,
GPU,3,0.000,0.000,0.000,17620741,11196512,0,0,
GPU,3,0.000,0.000,0.000,17620741,11196512,0,0,
GPU,3,0.000,0.000,0.000,17575376,11350763,0,0,
GPU,3,0.000,0.000,0.000,17575376,11350763,0,0,
GPU,3,0.000,0.000,0.000,19328937,11481097,0,0,
GPU,3,0.000,0.000,0.000,19328937,11481097,0,0,
GPU,3,0.000,0.000,0.000,17799798,11377190,0,0,
GPU,3,0.000,0.000,0.000,17799798,11377190,0,0,
GPU,3,0.000,0.000,0.000,16930085,10870896,0,0,
GPU,3,0.000,0.000,0.000,16930085,10870896,0,0,
GPU,3,0.000,0.000,0.000,17276037,11027258,0,0,
GPU,3,0.000,0.000,0.000,17276037,11027258,0,0,
GPU,3,0.000,0.000,0.000,17626402,11383718,0,0,
GPU,3,0.000,0.000,0.000,17633282,11204481,0,0,
GPU,3,0.000,0.000,0.000,17633282,11204481,0,0,
GPU,3,0.000,0.000,0.000,17633282,11204481,0,0,
GPU,3,0.000,0.000,0.000,17821668,11391169,0,0,
GPU,3,0.000,0.000,0.000,17821668,11391169,0,0,
GPU,3,0.000,0.000,0.000,20293852,11985630,0,0,
GPU,3,0.000,0.000,0.000,20293852,11985630,0,0,
GPU,3,0.000,0.000,0.000,17622156,11197411,0,0,
GPU,3,0.000,0.000,0.000,17622156,11197411,0,0,
GPU,3,0.000,0.000,0.000,17003188,10917836,0,0,
GPU,3,0.000,0.000,0.000,17003188,10917836,0,0,
GPU,3,0.000,0.000,0.000,17628830,11201652,0,0,
GPU,3,0.000,0.000,0.000,17633485,11388292,0,0,
GPU,3,0.000,0.000,0.000,17633485,11388292,0,0,
GPU,3,0.000,0.000,0.000,17604786,11186374,0,0,
GPU,3,0.000,0.000,0.000,17604786,11186374,0,0,
GPU,3,0.000,0.000,0.000,17604786,11186374,0,0,
GPU,3,0.000,0.000,0.000,19769900,12008383,0,0,
GPU,3,0.000,0.000,0.000,19769900,12008383,0,0,
GPU,3,0.000,0.000,0.000,17728228,11331444,0,0,
GPU,3,0.000,0.000,0.000,17728228,11331444,0,0,
GPU,3,0.000,0.000,0.000,14059110,8933393,0,0,
GPU,3,0.000,0.000,0.000,14059110,8933393,0,0,
GPU,3,0.000,0.000,0.000,17584229,11356481,0,0,
GPU,3,0.000,0.000,0.000,17584229,11356481,0,0,
GPU,3,0.000,0.000,0.000,18118776,11394281,0,0,
GPU,3,0.000,0.000,0.000,18118776,11394281,0,0,
GPU,3,0.000,0.000,0.000,17646450,11396666,0,0,
GPU,3,0.000,0.000,0.000,17646450,11396666,0,0,
GPU,3,0.000,0.000,0.000,17637737,11207312,0,0,
GPU,3,0.000,0.000,0.000,17637737,11207312,0,0,
GPU,3,0.000,0.000,0.000,18501507,11585056,0,0,
GPU,3,0.000,0.000,0.000,18501507,11585056,0,0,
GPU,3,0.000,0.000,0.000,17689028,11306389,0,0,
GPU,3,0.000,0.000,0.000,17689028,11306389,0,0,
GPU,3,0.000,0.000,0.000,13374431,8498336,0,0,
GPU,3,0.000,0.000,0.000,13374431,8498336,0,0,
GPU,3,0.000,0.000,0.000,17408433,11178047,0,0,
GPU,3,0.000,0.000,0.000,17408433,11178047,0,0,
GPU,3,0.000,0.000,0.000,17821668,11391169,0,0,
GPU,3,0.000,0.000,0.000,17821668,11391169,0,0,
GPU,3,0.000,0.000,0.000,17633282,11204481,0,0,
GPU,3,0.000,0.000,0.000,17633282,11204481,0,0,
GPU,3,0.000,0.000,0.000,17659841,11405314,0,0,
GPU,3,0.000,0.000,0.000,17659841,11405314,0,0,
GPU,3,0.000,0.000,0.000,17954933,11491157,0,0,
GPU,3,0.000,0.000,0.000,17742820,11157856,0,0,
GPU,3,0.000,0.000,0.000,17742820,11157856,0,0,
GPU,3,0.000,0.000,0.000,17742820,11157856,0,0,
GPU,3,0.000,0.000,0.000,12932340,8352136,0,0,
GPU,3,0.000,0.000,0.000,12932340,8352136,0,0,
GPU,3,0.000,0.000,0.000,17411624,11180095,0,0,
GPU,3,0.000,0.000,0.000,17411624,11180095,0,0,
GPU,3,0.000,0.000,0.000,17642802,11210530,0,0,
GPU,3,0.000,0.000,0.000,17642802,11210530,0,0,
GPU,3,0.000,0.000,0.000,17829448,11396142,0,0,
GPU,3,0.000,0.000,0.000,17829448,11396142,0,0,
GPU,3,0.000,0.000,0.000,17639560,11208470,0,0,
GPU,3,0.000,0.000,0.000,17639560,11208470,0,0,
GPU,3,0.000,0.000,0.000,19255315,11524014,0,0,
GPU,3,0.000,0.000,0.000,19255315,11524014,0,0,
GPU,3,0.000,0.000,0.000,17214737,11171266,0,0,
GPU,3,0.000,0.000,0.000,17214737,11171266,0,0,
GPU,3,0.000,0.000,0.000,16827713,10692609,0,0,
GPU,3,0.000,0.000,0.000,16827713,10692609,0,0,
GPU,3,0.000,0.000,0.000,17063241,11008543,0,0,
GPU,3,0.000,0.000,0.000,17063241,11008543,0,0,
GPU,3,0.000,0.000,0.000,17624582,11198953,0,0,
GPU,3,0.000,0.000,0.000,17624582,11198953,0,0,
GPU,3,0.000,0.000,0.000,17600953,11367282,0,0,
GPU,3,0.000,0.000,0.000,17600953,11367282,0,0,
GPU,3,0.000,0.000,0.000,17637939,11207441,0,0,
GPU,3,0.000,0.000,0.000,17637939,11207441,0,0,
GPU,3,0.000,0.000,0.000,20257149,12044791,0,0,
GPU,3,0.000,0.000,0.000,20257149,12044791,0,0,
GPU,3,0.000,0.000,0.000,17635307,11205768,0,0,
GPU,3,0.000,0.000,0.000,17635307,11205768,0,0,
GPU,3,0.000,0.000,0.000,17134060,11065747,0,0,
GPU,3,0.000,0.000,0.000,17134060,11065747,0,0,
GPU,3,0.000,0.000,0.000,16853289,10808087,0,0,
GPU,3,0.000,0.000,0.000,16853289,10808087,0,0,
GPU,3,0.000,0.000,0.000,17619528,11195741,0,0,
GPU,3,0.000,0.000,0.000,17619528,11195741,0,0,
GPU,3,0.000,0.000,0.000,17609428,11372755,0,0,
GPU,3,0.000,0.000,0.000,17609428,11372755,0,0,
GPU,3,0.000,0.000,0.000,19670988,11890671,0,0,
GPU,3,0.000,0.000,0.000,19670988,11890671,0,0,
GPU,3,0.000,0.000,0.000,17743631,11341290,0,0,
GPU,3,0.000,0.000,0.000,17743631,11341290,0,0,
GPU,3,0.000,0.000,0.000,13682447,8604425,0,0,
GPU,3,0.000,0.000,0.000,13682447,8604425,0,0,
GPU,3,0.000,0.000,0.000,17598936,11182657,0,0,
GPU,3,0.000,0.000,0.000,17598936,11182657,0,0,
GPU,3,0.000,0.000,0.000,17617103,11377712,0,0,
GPU,3,0.000,0.000,0.000,17617103,11377712,0,0,
GPU,3,0.000,0.000,0.000,17644018,11211303,0,0,
GPU,3,0.000,0.000,0.000,17644018,11211303,0,0,
GPU,3,0.000,0.000,0.000,17625796,11383326,0,0,
GPU,3,0.000,0.000,0.000,17625796,11383326,0,0,
GPU,3,0.000,0.000,0.000,18195739,11529973,0,0,
GPU,3,0.000,0.000,0.000,18195739,11529973,0,0,
GPU,3,0.000,0.000,0.000,17541255,11328727,0,0,
GPU,3,0.000,0.000,0.000,17541255,11328727,0,0,
GPU,3,0.000,0.000,0.000,13115761,8333973,0,0,
GPU,3,0.000,0.000,0.000,13115761,8333973,0,0,
GPU,3,0.000,0.000,0.000,17805720,11380975,0,0,
GPU,3,0.000,0.000,0.000,17805720,11380975,0,0,
GPU,3,0.000,0.000,0.000,17612659,11191377,0,0,
GPU,3,0.000,0.000,0.000,17612659,11191377,0,0,
GPU,3,0.000,0.000,0.000,17629842,11202295,0,0,
GPU,3,0.000,0.000,0.000,17629842,11202295,0,0,
GPU,3,0.000,0.000,0.000,17628223,11384894,0,0,
GPU,3,0.000,0.000,0.000,17628223,11384894,0,0,
GPU,3,0.000,0.000,0.000,17939029,11480979,0,0,
GPU,3,0.000,0.000,0.000,17939029,11480979,0,0,
GPU,3,0.000,0.000,0.000,17732886,11334422,0,0,
GPU,3,0.000,0.000,0.000,17732886,11334422,0,0,
GPU,3,0.000,0.000,0.000,13931593,8852366,0,0,
GPU,3,0.000,0.000,0.000,13931593,8852366,0,0,
GPU,3,0.000,0.000,0.000,17653751,11401381,0,0,
GPU,3,0.000,0.000,0.000,17653751,11401381,0,0,
GPU,3,0.000,0.000,0.000,17628830,11201652,0,0,
GPU,3,0.000,0.000,0.000,17628830,11201652,0,0,
GPU,3,0.000,0.000,0.000,17644423,11211560,0,0,
GPU,3,0.000,0.000,0.000,17644423,11211560,0,0,
GPU,3,0.000,0.000,0.000,17648072,11397713,0,0,
GPU,3,0.000,0.000,0.000,17648072,11397713,0,0,
GPU,3,0.000,0.000,0.000,19361824,11500632,0,0,
GPU,3,0.000,0.000,0.000,19361824,11500632,0,0,
GPU,3,0.000,0.000,0.000,16884219,11011447,0,0,
GPU,3,0.000,0.000,0.000,16884219,11011447,0,0,
GPU,3,0.000,0.000,0.000,16906617,10742746,0,0,
GPU,3,0.000,0.000,0.000,16906617,10742746,0,0,
GPU,3,0.000,0.000,0.000,17648072,11397713,0,0,
GPU,3,0.000,0.000,0.000,17648072,11397713,0,0,
GPU,3,0.000,0.000,0.000,17828424,11211689,0,0,
GPU,3,0.000,0.000,0.000,17828424,11211689,0,0,
GPU,3,0.000,0.000,0.000,17641586,11393524,0,0,
GPU,3,0.000,0.000,0.000,17641586,11393524,0,0,
GPU,3,0.000,0.000,0.000,17610841,11190222,0,0,
GPU,3,0.000,0.000,0.000,17610841,11190222,0,0,
GPU,3,0.000,0.000,0.000,20132073,11940402,0,0,
GPU,3,0.000,0.000,0.000,20132073,11940402,0,0,
GPU,3,0.000,0.000,0.000,17558098,11156708,0,0,
GPU,3,0.000,0.000,0.000,17558098,11156708,0,0,
GPU,3,0.000,0.000,0.000,17319688,11070316,0,0,
GPU,3,0.000,0.000,0.000,17319688,11070316,0,0,
GPU,3,0.000,0.000,0.000,17383348,11161939,0,0,
GPU,3,0.000,0.000,0.000,17383348,11161939,0,0,
GPU,3,0.000,0.000,0.000,17619730,11379409,0,0,
GPU,3,0.000,0.000,0.000,17619730,11379409,0,0,
GPU,3,0.000,0.000,0.000,17638142,11207569,0,0,
GPU,3,0.000,0.000,0.000,17638142,11207569,0,0,
GPU,3,0.000,0.000,0.000,20282655,11922912,0,0,
GPU,3,0.000,0.000,0.000,20282655,11922912,0,0,
GPU,3,0.000,0.000,0.000,17726203,11330150,0,0,
GPU,3,0.000,0.000,0.000,17726203,11330150,0,0,
GPU,3,0.000,0.000,0.000,13971002,9022939,0,0,
GPU,3,0.000,0.000,0.000,13971002,9022939,0,0,
GPU,3,0.000,0.000,0.000,17584229,11173312,0,0,
GPU,3,0.000,0.000,0.000,17584229,11173312,0,0,
GPU,3,0.000,0.000,0.000,16893908,11017766,0,0,
GPU,3,0.000,0.000,0.000,16893908,11017766,0,0,
GPU,3,0.000,0.000,0.000,17818190,11205253,0,0,
GPU,3,0.000,0.000,0.000,17818190,11205253,0,0,
GPU,3,0.000,0.000,0.000,17637534,11390907,0,0,
GPU,3,0.000,0.000,0.000,17637534,11390907,0,0,
GPU,3,0.000,0.000,0.000,18100751,11357334,0,0,
GPU,3,0.000,0.000,0.000,18100751,11357334,0,0,
GPU,3,0.000,0.000,0.000,17660446,11288120,0,0,
GPU,3,0.000,0.000,0.000,17660446,11288120,0,0,
GPU,3,0.000,0.000,0.000,12934087,8267148,0,0,
GPU,3,0.000,0.000,0.000,12934087,8267148,0,0,
GPU,3,0.000,0.000,0.000,17424398,11188298,0,0,
GPU,3,0.000,0.000,0.000,17424398,11188298,0,0,
GPU,3,0.000,0.000,0.000,17774316,11360903,0,0,
GPU,3,0.000,0.000,0.000,17774316,11360903,0,0,
GPU,3,0.000,0.000,0.000,17479903,11223938,0,0,
GPU,3,0.000,0.000,0.000,17479903,11223938,0,0,
GPU,3,0.000,0.000,0.000,17841541,11403871,0,0,
GPU,3,0.000,0.000,0.000,17841541,11403871,0,0,
GPU,3,0.000,0.000,0.000,17962996,11316687,0,0,
GPU,3,0.000,0.000,0.000,17962996,11316687,0,0,
GPU,3,0.000,0.000,0.000,17719119,11325623,0,0,
GPU,3,0.000,0.000,0.000,17719119,11325623,0,0,
GPU,3,0.000,0.000,0.000,14463140,9340778,0,0,
GPU,3,0.000,0.000,0.000,14463140,9340778,0,0,
GPU,3,0.000,0.000,0.000,17460025,11211174,0,0,
GPU,3,0.000,0.000,0.000,17460025,11211174,0,0,
GPU,3,0.000,0.000,0.000,17469657,11033468,0,0,
GPU,3,0.000,0.000,0.000,17469657,11033468,0,0,
GPU,3,0.000,0.000,0.000,17616093,11377060,0,0,
GPU,3,0.000,0.000,0.000,17616093,11377060,0,0,
GPU,3,0.000,0.000,0.000,17644220,11211431,0,0,
GPU,3,0.000,0.000,0.000,17644220,11211431,0,0,
GPU,3,0.000,0.000,0.000,18104414,11472103,0,0,
GPU,3,0.000,0.000,0.000,18104414,11472103,0,0,
GPU,3,0.000,0.000,0.000,17735318,11335976,0,0,
GPU,3,0.000,0.000,0.000,17735318,11335976,0,0,
GPU,3,0.000,0.000,0.000,12630228,8025457,0,0,
GPU,3,0.000,0.000,0.000,12630228,8025457,0,0,
GPU,3,0.000,0.000,0.000,17608822,11372364,0,0,
GPU,3,0.000,0.000,0.000,17608822,11372364,0,0,
GPU,3,0.000,0.000,0.000,17640168,11208856,0,0,
GPU,3,0.000,0.000,0.000,17640168,11208856,0,0,
GPU,3,0.000,0.000,0.000,17648883,11398237,0,0,
GPU,3,0.000,0.000,0.000,17648883,11398237,0,0,
GPU,3,0.000,0.000,0.000,20263983,11855119,0,0,
GPU,3,0.000,0.000,0.000,20263983,11855119,0,0,
GPU,3,0.000,0.000,0.000,17547266,11332609,0,0,
GPU,3,0.000,0.000,0.000,17547266,11332609,0,0,
GPU,3,0.000,0.000,0.000,17547266,11332609,0,0,
GPU,3,0.000,0.000,0.000,13582583,8772084,0,0,
GPU,3,0.000,0.000,0.000,13582583,8772084,0,0,
GPU,3,0.000,0.000,0.000,17788577,11186631,0,0,
GPU,3,0.000,0.000,0.000,17788577,11186631,0,0,
GPU,3,0.000,0.000,0.000,17090090,11025864,0,0,
GPU,3,0.000,0.000,0.000,17640775,11393001,0,0,
GPU,3,0.000,0.000,0.000,17640775,11393001,0,0,
GPU,3,0.000,0.000,0.000,17607409,11188041,0,0,
GPU,3,0.000,0.000,0.000,17607409,11188041,0,0,
GPU,3,0.000,0.000,0.000,18040975,11546224,0,0,
GPU,3,0.000,0.000,0.000,18040975,11546224,0,0,
GPU,3,0.000,0.000,0.000,17756421,11166409,0,0,
GPU,3,0.000,0.000,0.000,17756421,11166409,0,0,
GPU,3,0.000,0.000,0.000,17756421,11166409,0,0,
GPU,3,0.000,0.000,0.000,14024579,9057540,0,0,
GPU,3,0.000,0.000,0.000,17578996,11169987,0,0,
GPU,3,0.000,0.000,0.000,17578996,11169987,0,0,
GPU,3,0.000,0.000,0.000,17053659,11002360,0,0,
GPU,3,0.000,0.000,0.000,17053659,11002360,0,0,
GPU,3,0.000,0.000,0.000,17614678,11376146,0,0,
GPU,3,0.000,0.000,0.000,17614678,11376146,0,0,
GPU,3,0.000,0.000,0.000,17643207,11210788,0,0,
GPU,3,0.000,0.000,0.000,17643207,11210788,0,0,
GPU,3,0.000,0.000,0.000,18158323,11506264,0,0,
GPU,3,0.000,0.000,0.000,18158323,11506264,0,0,
GPU,3,0.000,0.000,0.000,17697702,11311933,0,0,
GPU,3,0.000,0.000,0.000,17697702,11311933,0,0,
GPU,3,0.000,0.000,0.000,17697702,11311933,0,0,
GPU,3,0.000,0.000,0.000,12324282,7959432,0,0,
GPU,3,0.000,0.000,0.000,12324282,7959432,0,0,
GPU,3,0.000,0.000,0.000,17601961,11184579,0,0,
GPU,3,0.000,0.000,0.000,17071267,11013721,0,0,
GPU,3,0.000,0.000,0.000,17071267,11013721,0,0,
GPU,3,0.000,0.000,0.000,17630651,11202809,0,0,
GPU,3,0.000,0.000,0.000,17630651,11202809,0,0,
GPU,3,0.000,0.000,0.000,17630651,11202809,0,0,
GPU,3,0.000,0.000,0.000,17614880,11376277,0,0,
GPU,3,0.000,0.000,0.000,17614880,11376277,0,0,
GPU,3,0.000,0.000,0.000,20012951,11780673,0,0,
GPU,3,0.000,0.000,0.000,20012951,11780673,0,0,
GPU,3,0.000,0.000,0.000,17606400,11370800,0,0,
GPU,3,0.000,0.000,0.000,17606400,11370800,0,0,
GPU,3,0.000,0.000,0.000,17261336,10968140,0,0,
GPU,3,0.000,0.000,0.000,17451205,11205510,0,0,
GPU,3,0.000,0.000,0.000,17451205,11205510,0,0,
GPU,3,0.000,0.000,0.000,17267310,11021687,0,0,
GPU,3,0.000,0.000,0.000,17267310,11021687,0,0,
GPU,3,0.000,0.000,0.000,17625391,11383065,0,0,
GPU,3,0.000,0.000,0.000,17625391,11383065,0,0,
GPU,3,0.000,0.000,0.000,17625391,11383065,0,0,
GPU,3,0.000,0.000,0.000,17643004,11210659,0,0,
GPU,3,0.000,0.000,0.000,19324881,11738076,0,0,
GPU,3,0.000,0.000,0.000,19324881,11738076,0,0,
GPU,3,0.000,0.000,0.000,17399864,10989388,0,0,
GPU,3,0.000,0.000,0.000,17399864,10989388,0,0,
GPU,3,0.000,0.000,0.000,17372421,11104021,0,0,
GPU,3,0.000,0.000,0.000,17372421,11104021,0,0,
GPU,3,0.000,0.000,0.000,17332010,11128975,0,0,
GPU,3,0.000,0.000,0.000,17332010,11128975,0,0,
GPU,3,0.000,0.000,0.000,17635509,11205896,0,0,
GPU,3,0.000,0.000,0.000,17635509,11205896,0,0,
GPU,3,0.000,0.000,0.000,17599340,11366240,0,0,
GPU,3,0.000,0.000,0.000,17599340,11366240,0,0,
GPU,3,0.000,0.000,0.000,19888845,11818009,0,0,
GPU,3,0.000,0.000,0.000,19888845,11818009,0,0,
GPU,3,0.000,0.000,0.000,17733494,11334811,0,0,
GPU,3,0.000,0.000,0.000,17733494,11334811,0,0,
GPU,3,0.000,0.000,0.000,17638547,11391561,0,0,
GPU,3,0.000,0.000,0.000,17638547,11391561,0,0,
GPU,3,0.000,0.000,0.000,17318529,10891033,0,0,
GPU,3,0.000,0.000,0.000,17318529,10891033,0,0,
GPU,3,0.000,0.000,0.000,17461229,11211947,0,0,
GPU,3,0.000,0.000,0.000,17461229,11211947,0,0,
GPU,3,0.000,0.000,0.000,17646653,11396796,0,0,
GPU,3,0.000,0.000,0.000,17646653,11396796,0,0,
GPU,3,0.000,0.000,0.000,17631258,11203195,0,0,
GPU,3,0.000,0.000,0.000,17631258,11203195,0,0,
GPU,3,0.000,0.000,0.000,17631258,11203195,0,0,
GPU,3,0.000,0.000,0.000,17631258,11203195,0,0,
GPU,3,0.000,0.000,0.000,8503282,5411179,0,0,
GPU,3,0.000,0.000,0.000,8503282,5411179,0,0,
GPU,3,0.000,0.000,0.000,17726608,11330409,0,0,
GPU,3,0.000,0.000,0.000,17726608,11330409,0,0,
GPU,3,0.000,0.000,0.000,17131003,11063772,0,0,
GPU,3,0.000,0.000,0.000,17131003,11063772,0,0,
GPU,3,0.000,0.000,0.000,17632270,11203838,0,0,
GPU,3,0.000,0.000,0.000,17632270,11203838,0,0,
GPU,3,0.000,0.000,0.000,17672235,11229232,0,0,
GPU,3,0.000,0.000,0.000,17617709,11378104,0,0,
GPU,3,0.000,0.000,0.000,17617709,11378104,0,0,
GPU,3,0.000,0.000,0.000,17617709,11378104,0,0,
GPU,3,0.000,0.000,0.000,19920769,11701710,0,0,
GPU,3,0.000,0.000,0.000,19920769,11701710,0,0,
GPU,3,0.000,0.000,0.000,17542457,11329503,0,0,
GPU,3,0.000,0.000,0.000,17542457,11329503,0,0,
GPU,3,0.000,0.000,0.000,12944012,8273492,0,0,
GPU,3,0.000,0.000,0.000,12944012,8273492,0,0,
GPU,3,0.000,0.000,0.000,17592486,11178559,0,0,
GPU,3,0.000,0.000,0.000,17592486,11178559,0,0,
GPU,3,0.000,0.000,0.000,17456616,11208985,0,0,
GPU,3,0.000,0.000,0.000,17456616,11208985,0,0,
GPU,3,0.000,0.000,0.000,17650100,11215168,0,0,
GPU,3,0.000,0.000,0.000,17650100,11215168,0,0,
GPU,3,0.000,0.000,0.000,17644220,11395225,0,0,
GPU,3,0.000,0.000,0.000,17644220,11395225,0,0,
GPU,3,0.000,0.000,0.000,17969855,11321009,0,0,
GPU,3,0.000,0.000,0.000,17969855,11321009,0,0,
GPU,3,0.000,0.000,0.000,17744443,11341809,0,0,
GPU,3,0.000,0.000,0.000,17744443,11341809,0,0,
GPU,3,0.000,0.000,0.000,17744443,11341809,0,0,
GPU,3,0.000,0.000,0.000,12130114,7834032,0,0,
GPU,3,0.000,0.000,0.000,17624582,11198953,0,0,
GPU,3,0.000,0.000,0.000,17624582,11198953,0,0,
GPU,3,0.000,0.000,0.000,16974287,10951153,0,0,
GPU,3,0.000,0.000,0.000,16974287,10951153,0,0,
GPU,3,0.000,0.000,0.000,17600550,11183682,0,0,
GPU,3,0.000,0.000,0.000,17600550,11183682,0,0,
GPU,3,0.000,0.000,0.000,17600550,11183682,0,0,
GPU,3,0.000,0.000,0.000,19420443,11652266,0,0,
GPU,3,0.000,0.000,0.000,19420443,11652266,0,0,
GPU,3,0.000,0.000,0.000,17723571,11328468,0,0,
GPU,3,0.000,0.000,0.000,17591479,11361163,0,0,
GPU,3,0.000,0.000,0.000,17591479,11361163,0,0,
GPU,3,0.000,0.000,0.000,17591479,11361163,0,0,
GPU,3,0.000,0.000,0.000,14734095,9362289,0,0,
GPU,3,0.000,0.000,0.000,14734095,9362289,0,0,
GPU,3,0.000,0.000,0.000,17639965,11208728,0,0,
GPU,3,0.000,0.000,0.000,17453810,11207183,0,0,
GPU,3,0.000,0.000,0.000,17453810,11207183,0,0,
GPU,3,0.000,0.000,0.000,17621549,11380584,0,0,
GPU,3,0.000,0.000,0.000,17621549,11380584,0,0,
GPU,3,0.000,0.000,0.000,18043366,11433420,0,0,
GPU,3,0.000,0.000,0.000,18043366,11433420,0,0,
GPU,3,0.000,0.000,0.000,17728835,11149061,0,0,
GPU,3,0.000,0.000,0.000,17728835,11149061,0,0,
GPU,3,0.000,0.000,0.000,17230515,11181504,0,0,
GPU,3,0.000,0.000,0.000,17230515,11181504,0,0,
GPU,3,0.000,0.000,0.000,17190630,10923212,0,0,
GPU,3,0.000,0.000,0.000,17190630,10923212,0,0,
GPU,3,0.000,0.000,0.000,17455213,11208084,0,0,
GPU,3,0.000,0.000,0.000,17455213,11208084,0,0,
GPU,3,0.000,0.000,0.000,17070288,11013089,0,0,
GPU,3,0.000,0.000,0.000,17070288,11013089,0,0,
GPU,3,0.000,0.000,0.000,17651317,11215941,0,0,
GPU,3,0.000,0.000,0.000,17651317,11215941,0,0,
GPU,3,0.000,0.000,0.000,19247746,11641782,0,0,
GPU,3,0.000,0.000,0.000,19247746,11641782,0,0,
GPU,3,0.000,0.000,0.000,17736940,11337013,0,0,
GPU,3,0.000,0.000,0.000,17736940,11337013,0,0,
GPU,3,0.000,0.000,0.000,17636319,11390123,0,0,
GPU,3,0.000,0.000,0.000,17156835,11080456,0,0,
GPU,3,0.000,0.000,0.000,17156835,11080456,0,0,
GPU,3,0.000,0.000,0.000,17629639,11202166,0,0,
GPU,3,0.000,0.000,0.000,17629639,11202166,0,0,
GPU,3,0.000,0.000,0.000,16905549,10841602,0,0,
GPU,3,0.000,0.000,0.000,16905549,10841602,0,0,
GPU,3,0.000,0.000,0.000,17662684,11407150,0,0,
GPU,3,0.000,0.000,0.000,17662684,11407150,0,0,
GPU,3,0.000,0.000,0.000,17662684,11407150,0,0,
GPU,3,0.000,0.000,0.000,19724114,11661702,0,0,
GPU,3,0.000,0.000,0.000,17716894,11324200,0,0,
GPU,3,0.000,0.000,0.000,17716894,11324200,0,0,
GPU,3,0.000,0.000,0.000,17716894,11324200,0,0,
GPU,3,0.000,0.000,0.000,12896942,8329275,0,0,
GPU,3,0.000,0.000,0.000,12896942,8329275,0,0,
GPU,3,0.000,0.000,0.000,17616295,11193687,0,0,
GPU,3,0.000,0.000,0.000,17616295,11193687,0,0,
GPU,3,0.000,0.000,0.000,17653549,11401250,0,0,
GPU,3,0.000,0.000,0.000,17653549,11401250,0,0,
GPU,3,0.000,0.000,0.000,17654969,11218261,0,0,
GPU,3,0.000,0.000,0.000,17650506,11215425,0,0,
GPU,3,0.000,0.000,0.000,17650506,11215425,0,0,
GPU,3,0.000,0.000,0.000,18000787,11520504,0,0,
GPU,3,0.000,0.000,0.000,18000787,11520504,0,0,
GPU,3,0.000,0.000,0.000,17739981,11338957,0,0,
GPU,3,0.000,0.000,0.000,17739981,11338957,0,0,
GPU,3,0.000,0.000,0.000,17739981,11338957,0,0,
GPU,3,0.000,0.000,0.000,11690120,7428097,0,0,
GPU,3,0.000,0.000,0.000,11690120,7428097,0,0,
GPU,3,0.000,0.000,0.000,17807150,11381889,0,0,
GPU,3,0.000,0.000,0.000,17807150,11381889,0,0,
GPU,3,0.000,0.000,0.000,17466245,11215168,0,0,
GPU,3,0.000,0.000,0.000,17466245,11215168,0,0,
GPU,3,0.000,0.000,0.000,17802044,11378626,0,0,
GPU,3,0.000,0.000,0.000,17802044,11378626,0,0,
GPU,3,0.000,0.000,0.000,19212331,11616758,0,0,
GPU,3,0.000,0.000,0.000,19212331,11616758,0,0,
GPU,3,0.000,0.000,0.000,17733494,11334811,0,0,
GPU,3,0.000,0.000,0.000,17733494,11334811,0,0,
GPU,3,0.000,0.000,0.000,17463435,11213364,0,0,
GPU,3,0.000,0.000,0.000,17463435,11213364,0,0,
GPU,3,0.000,0.000,0.000,17463435,11213364,0,0,
GPU,3,0.000,0.000,0.000,11541353,7366821,0,0,
GPU,3,0.000,0.000,0.000,11541353,7366821,0,0,
GPU,3,0.000,0.000,0.000,17466646,11215425,0,0,
GPU,3,0.000,0.000,0.000,17466646,11215425,0,0,
GPU,3,0.000,0.000,0.000,17452808,11206540,0,0,
GPU,3,0.000,0.000,0.000,17901426,11257598,0,0,
GPU,3,0.000,0.000,0.000,17901426,11257598,0,0,
GPU,3,0.000,0.000,0.000,17867818,11550913,0,0,
GPU,3,0.000,0.000,0.000,17867818,11550913,0,0,
GPU,3,0.000,0.000,0.000,17755608,11348945,0,0,
GPU,3,0.000,0.000,0.000,17755608,11348945,0,0,
GPU,3,0.000,0.000,0.000,17755608,11348945,0,0,
GPU,3,0.000,0.000,0.000,12718495,8081544,0,0,
GPU,3,0.000,0.000,0.000,12718495,8081544,0,0,
GPU,3,0.000,0.000,0.000,17588658,11359342,0,0,
GPU,3,0.000,0.000,0.000,17588658,11359342,0,0,
GPU,3,0.000,0.000,0.000,17635104,11205639,0,0,
GPU,3,0.000,0.000,0.000,17664309,11224196,0,0,
GPU,3,0.000,0.000,0.000,17664309,11224196,0,0,
GPU,3,0.000,0.000,0.000,17664309,11224196,0,0,
GPU,3,0.000,0.000,0.000,17657810,11404002,0,0,
GPU,3,0.000,0.000,0.000,17657810,11404002,0,0,
GPU,3,0.000,0.000,0.000,20476723,11989660,0,0,
GPU,3,0.000,0.000,0.000,20476723,11989660,0,0,
GPU,3,0.000,0.000,0.000,17645437,11212204,0,0,
GPU,3,0.000,0.000,0.000,17645437,11212204,0,0,
GPU,3,0.000,0.000,0.000,17222434,11122821,0,0,
GPU,3,0.000,0.000,0.000,17222434,11122821,0,0,
GPU,3,0.000,0.000,0.000,17679965,11234144,0,0,
GPU,3,0.000,0.000,0.000,17679965,11234144,0,0,
GPU,3,0.000,0.000,0.000,17672031,11413187,0,0,
GPU,3,0.000,0.000,0.000,17652128,11216456,0,0,
GPU,3,0.000,0.000,0.000,17652128,11216456,0,0,
GPU,3,0.000,0.000,0.000,17652128,11216456,0,0,
GPU,3,0.000,0.000,0.000,17652737,11400726,0,0,
GPU,3,0.000,0.000,0.000,17652737,11400726,0,0,
GPU,3,0.000,0.000,0.000,20872271,11961886,0,0,
GPU,3,0.000,0.000,0.000,20872271,11961886,0,0,
GPU,3,0.000,0.000,0.000,17644626,11395487,0,0,
GPU,3,0.000,0.000,0.000,17644626,11395487,0,0,
GPU,3,0.000,0.000,0.000,17242540,10956197,0,0,
GPU,3,0.000,0.000,0.000,17242540,10956197,0,0,
GPU,3,0.000,0.000,0.000,17665324,11224841,0,0,
GPU,3,0.000,0.000,0.000,17665324,11224841,0,0,
GPU,3,0.000,0.000,0.000,17282588,11215296,0,0,
GPU,3,0.000,0.000,0.000,17282588,11215296,0,0,
GPU,3,0.000,0.000,0.000,17238810,11003495,0,0,
GPU,3,0.000,0.000,0.000,18011121,11527117,0,0,
GPU,3,0.000,0.000,0.000,18011121,11527117,0,0,
GPU,3,0.000,0.000,0.000,18055329,11540519,0,0,
GPU,3,0.000,0.000,0.000,18055329,11540519,0,0,
GPU,3,0.000,0.000,0.000,17465442,11214652,0,0,
GPU,3,0.000,0.000,0.000,17465442,11214652,0,0,
GPU,3,0.000,0.000,0.000,17425280,11137807,0,0,
GPU,3,0.000,0.000,0.000,17425280,11137807,0,0,
GPU,3,0.000,0.000,0.000,17655172,11218390,0,0,
GPU,3,0.000,0.000,0.000,17655172,11218390,0,0,
GPU,3,0.000,0.000,0.000,17654969,11402167,0,0,
GPU,3,0.000,0.000,0.000,17654969,11402167,0,0,
GPU,3,0.000,0.000,0.000,17674065,11230395,0,0,
GPU,3,0.000,0.000,0.000,17674065,11230395,0,0,
GPU,3,0.000,0.000,0.000,18697697,11567219,0,0,
GPU,3,0.000,0.000,0.000,18697697,11567219,0,0,
GPU,3,0.000,0.000,0.000,17821463,11207312,0,0,
GPU,3,0.000,0.000,0.000,17821463,11207312,0,0,
GPU,3,0.000,0.000,0.000,17217221,11119455,0,0,
GPU,3,0.000,0.000,0.000,17217221,11119455,0,0,
GPU,3,0.000,0.000,0.000,16471035,10562946,0,0,
GPU,3,0.000,0.000,0.000,16471035,10562946,0,0,
GPU,3,0.000,0.000,0.000,17649694,11214910,0,0,
GPU,3,0.000,0.000,0.000,17631461,11386985,0,0,
GPU,3,0.000,0.000,0.000,17631461,11386985,0,0,
GPU,3,0.000,0.000,0.000,17654360,11217875,0,0,
GPU,3,0.000,0.000,0.000,17654360,11217875,0,0,
GPU,3,0.000,0.000,0.000,17654360,11217875,0,0,
GPU,3,0.000,0.000,0.000,19371398,11777810,0,0,
GPU,3,0.000,0.000,0.000,19371398,11777810,0,0,
GPU,3,0.000,0.000,0.000,17704566,11316320,0,0,
GPU,3,0.000,0.000,0.000,17675285,11231171,0,0,
GPU,3,0.000,0.000,0.000,17675285,11231171,0,0,
GPU,3,0.000,0.000,0.000,17206421,11112480,0,0,
GPU,3,0.000,0.000,0.000,17206421,11112480,0,0,
GPU,3,0.000,0.000,0.000,17804290,11380061,0,0,
GPU,3,0.000,0.000,0.000,17804290,11380061,0,0,
GPU,3,0.000,0.000,0.000,17649289,11214652,0,0,
GPU,3,0.000,0.000,0.000,17649289,11214652,0,0,
GPU,3,0.000,0.000,0.000,17644423,11211560,0,0,
GPU,3,0.000,0.000,0.000,17644423,11211560,0,0,
GPU,3,0.000,0.000,0.000,19324791,11904071,0,0,
GPU,3,0.000,0.000,0.000,19324791,11904071,0,0,
GPU,3,0.000,0.000,0.000,17711638,11138246,0,0,
GPU,3,0.000,0.000,0.000,17711638,11138246,0,0,
GPU,3,0.000,0.000,0.000,17839900,11402823,0,0,
GPU,3,0.000,0.000,0.000,17839900,11402823,0,0,
GPU,3,0.000,0.000,0.000,17217414,10940232,0,0,
GPU,3,0.000,0.000,0.000,17217414,10940232,0,0,
GPU,3,0.000,0.000,0.000,17650100,11399023,0,0,
GPU,3,0.000,0.000,0.000,17650100,11399023,0,0,
GPU,3,0.000,0.000,0.000,17654157,11217746,0,0,
GPU,3,0.000,0.000,0.000,17654157,11217746,0,0,
GPU,3,0.000,0.000,0.000,17562314,11342327,0,0,
GPU,3,0.000,0.000,0.000,17562314,11342327,0,0,
GPU,3,0.000,0.000,0.000,19734413,11667792,0,0,
GPU,3,0.000,0.000,0.000,19734413,11667792,0,0,
GPU,3,0.000,0.000,0.000,17670298,11294417,0,0,
GPU,3,0.000,0.000,0.000,17670298,11294417,0,0,
GPU,3,0.000,0.000,0.000,17670298,11294417,0,0,
GPU,3,0.000,0.000,0.000,13304806,8592687,0,0,
GPU,3,0.000,0.000,0.000,17615688,11193302,0,0,
GPU,3,0.000,0.000,0.000,17615688,11193302,0,0,
GPU,3,0.000,0.000,0.000,17857553,11414106,0,0,
GPU,3,0.000,0.000,0.000,17857553,11414106,0,0,
GPU,3,0.000,0.000,0.000,16916234,10848454,0,0,
GPU,3,0.000,0.000,0.000,16916234,10848454,0,0,
GPU,3,0.000,0.000,0.000,17805720,11380975,0,0,
GPU,3,0.000,0.000,0.000,17805720,11380975,0,0,
GPU,3,0.000,0.000,0.000,17972479,11502386,0,0,
GPU,3,0.000,0.000,0.000,17972479,11502386,0,0,
GPU,3,0.000,0.000,0.000,17761501,11352712,0,0,
GPU,3,0.000,0.000,0.000,17761501,11352712,0,0,
GPU,3,0.000,0.000,0.000,17761501,11352712,0,0,
GPU,3,0.000,0.000,0.000,13006276,8179205,0,0,
GPU,3,0.000,0.000,0.000,17625189,11382934,0,0,
GPU,3,0.000,0.000,0.000,17625189,11382934,0,0,
GPU,3,0.000,0.000,0.000,17655172,11218390,0,0,
GPU,3,0.000,0.000,0.000,17655172,11218390,0,0,
GPU,3,0.000,0.000,0.000,16724674,10843470,0,0,
GPU,3,0.000,0.000,0.000,16724674,10843470,0,0,
GPU,3,0.000,0.000,0.000,16724674,10843470,0,0,
GPU,3,0.000,0.000,0.000,17656796,11219422,0,0,
GPU,3,0.000,0.000,0.000,17656796,11219422,0,0,
GPU,3,0.000,0.000,0.000,19378102,11597500,0,0,
GPU,3,0.000,0.000,0.000,17612659,11374842,0,0,
GPU,3,0.000,0.000,0.000,17612659,11374842,0,0,
GPU,3,0.000,0.000,0.000,17612659,11374842,0,0,
GPU,3,0.000,0.000,0.000,15458781,9822767,0,0,
GPU,3,0.000,0.000,0.000,17622964,11381498,0,0,
GPU,3,0.000,0.000,0.000,17622964,11381498,0,0,
GPU,3,0.000,0.000,0.000,17611245,11190478,0,0,
GPU,3,0.000,0.000,0.000,17611245,11190478,0,0,
GPU,3,0.000,0.000,0.000,17476085,11221486,0,0,
GPU,3,0.000,0.000,0.000,17476085,11221486,0,0,
GPU,3,0.000,0.000,0.000,17476085,11221486,0,0,
GPU,3,0.000,0.000,0.000,19982623,11873732,0,0,
GPU,3,0.000,0.000,0.000,19982623,11873732,0,0,
GPU,3,0.000,0.000,0.000,17877094,11309998,0,0,
GPU,3,0.000,0.000,0.000,17638547,11391561,0,0,
GPU,3,0.000,0.000,0.000,17638547,11391561,0,0,
GPU,3,0.000,0.000,0.000,17167957,10908806,0,0,
GPU,3,0.000,0.000,0.000,17167957,10908806,0,0,
GPU,3,0.000,0.000,0.000,17661059,11406100,0,0,
GPU,3,0.000,0.000,0.000,17661059,11406100,0,0,
GPU,3,0.000,0.000,0.000,17648072,11213879,0,0,
GPU,3,0.000,0.000,0.000,17648072,11213879,0,0,
GPU,3,0.000,0.000,0.000,17617103,11194201,0,0,
GPU,3,0.000,0.000,0.000,17617103,11194201,0,0,
GPU,3,0.000,0.000,0.000,19232084,11726880,0,0,
GPU,3,0.000,0.000,0.000,19232084,11726880,0,0,
GPU,3,0.000,0.000,0.000,17717097,11324330,0,0,
GPU,3,0.000,0.000,0.000,17717097,11324330,0,0,
GPU,3,0.000,0.000,0.000,17648275,11214008,0,0,
GPU,3,0.000,0.000,0.000,17648275,11214008,0,0,
GPU,3,0.000,0.000,0.000,17226490,11125441,0,0,
GPU,3,0.000,0.000,0.000,17226490,11125441,0,0,
GPU,3,0.000,0.000,0.000,17842566,11220583,0,0,
GPU,3,0.000,0.000,0.000,17842566,11220583,0,0,
GPU,3,0.000,0.000,0.000,17795990,12488414,0,0,
GPU,3,0.000,0.000,0.000,17795990,12488414,0,0,
GPU,3,0.000,0.000,0.000,19935426,13868122,0,0,
GPU,3,0.000,0.000,0.000,19935426,13868122,0,0,
GPU,3,0.000,0.000,0.000,18353635,11536570,0,0,
GPU,3,0.000,0.000,0.000,18353635,11536570,0,0,
GPU,3,0.000,0.000,0.000,17744037,11341549,0,0,
GPU,3,0.000,0.000,0.000,17744037,11341549,0,0,
GPU,3,0.000,0.000,0.000,17744037,11341549,0,0,
GPU,3,0.000,0.000,0.000,13429322,8583690,0,0,
GPU,3,0.000,0.000,0.000,13429322,8583690,0,0,
GPU,3,0.000,0.000,0.000,17584833,11173696,0,0,
GPU,3,0.000,0.000,0.000,17776954,11480949,0,0,
GPU,3,0.000,0.000,0.000,17776954,11480949,0,0,
GPU,3,0.000,0.000,0.000,17657607,11219938,0,0,
GPU,3,0.000,0.000,0.000,17657607,11219938,0,0,
GPU,3,0.000,0.000,0.000,17667356,11410167,0,0,
GPU,3,0.000,0.000,0.000,17667356,11410167,0,0,
GPU,3,0.000,0.000,0.000,17978942,11506522,0,0,
GPU,3,0.000,0.000,0.000,17978942,11506522,0,0,
GPU,3,0.000,0.000,0.000,17742617,11157728,0,0,
GPU,3,0.000,0.000,0.000,17742617,11157728,0,0,
GPU,3,0.000,0.000,0.000,17742617,11157728,0,0,
GPU,3,0.000,0.000,0.000,12766912,8245297,0,0,
GPU,3,0.000,0.000,0.000,12766912,8245297,0,0,
GPU,3,0.000,0.000,0.000,17632877,11204224,0,0,
GPU,3,0.000,0.000,0.000,17663902,11407937,0,0,
GPU,3,0.000,0.000,0.000,17663902,11407937,0,0,
GPU,3,0.000,0.000,0.000,17644220,11211431,0,0,
GPU,3,0.000,0.000,0.000,17644220,11211431,0,0,
GPU,3,0.000,0.000,0.000,17644220,11211431,0,0,
GPU,3,0.000,0.000,0.000,17657201,11403609,0,0,
GPU,3,0.000,0.000,0.000,17657201,11403609,0,0,
GPU,3,0.000,0.000,0.000,19359358,11499167,0,0,
GPU,3,0.000,0.000,0.000,19359358,11499167,0,0,
GPU,3,0.000,0.000,0.000,17634295,11388815,0,0,
GPU,3,0.000,0.000,0.000,17634295,11388815,0,0,
GPU,3,0.000,0.000,0.000,15726425,9992833,0,0,
GPU,3,0.000,0.000,0.000,15726425,9992833,0,0,
GPU,3,0.000,0.000,0.000,17840515,11403216,0,0,
GPU,3,0.000,0.000,0.000,17625796,11199724,0,0,
GPU,3,0.000,0.000,0.000,17625796,11199724,0,0,
GPU,3,0.000,0.000,0.000,17068722,11012078,0,0,
GPU,3,0.000,0.000,0.000,17068722,11012078,0,0,
GPU,3,0.000,0.000,0.000,17068722,11012078,0,0,
GPU,3,0.000,0.000,0.000,20007145,12004287,0,0,
GPU,3,0.000,0.000,0.000,20007145,12004287,0,0,
GPU,3,0.000,0.000,0.000,17889944,11318128,0,0,
GPU,3,0.000,0.000,0.000,17889944,11318128,0,0,
GPU,3,0.000,0.000,0.000,17658622,11220583,0,0,
GPU,3,0.000,0.000,0.000,17658622,11220583,0,0,
GPU,3,0.000,0.000,0.000,17202566,11109991,0,0,
GPU,3,0.000,0.000,0.000,17653346,11217230,0,0,
GPU,3,0.000,0.000,0.000,17653346,11217230,0,0,
GPU,3,0.000,0.000,0.000,17644626,11211689,0,0,
GPU,3,0.000,0.000,0.000,17644626,11211689,0,0,
GPU,3,0.000,0.000,0.000,16721025,11024851,0,0,
GPU,3,0.000,0.000,0.000,16721025,11024851,0,0,
GPU,3,0.000,0.000,0.000,19443319,11727716,0,0,
GPU,3,0.000,0.000,0.000,19443319,11727716,0,0,
GPU,3,0.000,0.000,0.000,17751140,11346090,0,0,
GPU,3,0.000,0.000,0.000,17751140,11346090,0,0,
GPU,3,0.000,0.000,0.000,17641788,11209886,0,0,
GPU,3,0.000,0.000,0.000,17641788,11209886,0,0,
GPU,3,0.000,0.000,0.000,17171796,11090118,0,0,
GPU,3,0.000,0.000,0.000,17171796,11090118,0,0,
GPU,3,0.000,0.000,0.000,17667966,11226520,0,0,
GPU,3,0.000,0.000,0.000,17667966,11226520,0,0,
GPU,3,0.000,0.000,0.000,17662887,11407281,0,0,
GPU,3,0.000,0.000,0.000,17662887,11407281,0,0,
GPU,3,0.000,0.000,0.000,17073814,10831774,0,0,
GPU,3,0.000,0.000,0.000,17073814,10831774,0,0,
GPU,3,0.000,0.000,0.000,19646081,11845431,0,0,
GPU,3,0.000,0.000,0.000,19646081,11845431,0,0,
GPU,3,0.000,0.000,0.000,17758046,11350504,0,0,
GPU,3,0.000,0.000,0.000,17758046,11350504,0,0,
GPU,3,0.000,0.000,0.000,17758046,11350504,0,0,
GPU,3,0.000,0.000,0.000,13439378,8539605,0,0,
GPU,3,0.000,0.000,0.000,13439378,8539605,0,0,
GPU,3,0.000,0.000,0.000,17576783,11351672,0,0,
GPU,3,0.000,0.000,0.000,17637332,11207054,0,0,
GPU,3,0.000,0.000,0.000,17637332,11207054,0,0,
GPU,3,0.000,0.000,0.000,17653143,11217101,0,0,
GPU,3,0.000,0.000,0.000,17653143,11217101,0,0,
GPU,3,0.000,0.000,0.000,17653143,11217101,0,0,
GPU,3,0.000,0.000,0.000,17653143,11217101,0,0,
GPU,3,0.000,0.000,0.000,17653143,11217101,0,0,
GPU,3,0.000,0.000,0.000,23930124,12443664,0,0,
GPU,3,0.000,0.000,0.000,23930124,12443664,0,0,
GPU,3,0.000,0.000,0.000,21265155,11985815,0,0,
GPU,3,0.000,0.000,0.000,21265155,11985815,0,0,
GPU,3,0.000,0.000,0.000,17289314,11166015,0,0,
GPU,3,0.000,0.000,0.000,17289314,11166015,0,0,
GPU,3,0.000,0.000,0.000,17648275,11214008,0,0,
GPU,3,0.000,0.000,0.000,17648275,11214008,0,0,
GPU,3,0.000,0.000,0.000,17603777,11369106,0,0,
GPU,3,0.000,0.000,0.000,17603777,11369106,0,0,
GPU,3,0.000,0.000,0.000,17617911,11194714,0,0,
GPU,3,0.000,0.000,0.000,17617911,11194714,0,0,
GPU,3,0.000,0.000,0.000,17659232,11404920,0,0,
GPU,3,0.000,0.000,0.000,17659232,11404920,0,0,
GPU,3,0.000,0.000,0.000,18015786,11349945,0,0,
GPU,3,0.000,0.000,0.000,18015786,11349945,0,0,
GPU,3,0.000,0.000,0.000,17707192,11317999,0,0,
GPU,3,0.000,0.000,0.000,17707192,11317999,0,0,
GPU,3,0.000,0.000,0.000,15454379,9923338,0,0,
GPU,3,0.000,0.000,0.000,15454379,9923338,0,0,
GPU,3,0.000,0.000,0.000,17074206,11015616,0,0,
GPU,3,0.000,0.000,0.000,17074206,11015616,0,0,
GPU,3,0.000,0.000,0.000,17630651,11202809,0,0,
GPU,3,0.000,0.000,0.000,17648680,11398106,0,0,
GPU,3,0.000,0.000,0.000,17648680,11398106,0,0,
GPU,3,0.000,0.000,0.000,17648478,11214137,0,0,
GPU,3,0.000,0.000,0.000,17648478,11214137,0,0,
GPU,3,0.000,0.000,0.000,18069091,11564218,0,0,
GPU,3,0.000,0.000,0.000,18069091,11564218,0,0,
GPU,3,0.000,0.000,0.000,17667080,11292360,0,0,
GPU,3,0.000,0.000,0.000,17667080,11292360,0,0,
GPU,3,0.000,0.000,0.000,17192746,10924557,0,0,
GPU,3,0.000,0.000,0.000,17192746,10924557,0,0,
GPU,3,0.000,0.000,0.000,17565527,11344403,0,0,
GPU,3,0.000,0.000,0.000,17565527,11344403,0,0,
GPU,3,0.000,0.000,0.000,17652737,11216843,0,0,
GPU,3,0.000,0.000,0.000,17652737,11216843,0,0,
GPU,3,0.000,0.000,0.000,17655984,11402823,0,0,
GPU,3,0.000,0.000,0.000,17655984,11402823,0,0,
GPU,3,0.000,0.000,0.000,17653143,11217101,0,0,
GPU,3,0.000,0.000,0.000,17653143,11217101,0,0,
GPU,3,0.000,0.000,0.000,17997750,11518560,0,0,
GPU,3,0.000,0.000,0.000,17753983,11164876,0,0,
GPU,3,0.000,0.000,0.000,17753983,11164876,0,0,
GPU,3,0.000,0.000,0.000,17216642,11119081,0,0,
GPU,3,0.000,0.000,0.000,17216642,11119081,0,0,
GPU,3,0.000,0.000,0.000,17616295,11193687,0,0,
GPU,3,0.000,0.000,0.000,17616295,11193687,0,0,
GPU,3,0.000,0.000,0.000,17650506,11399285,0,0,
GPU,3,0.000,0.000,0.000,17650506,11399285,0,0,
GPU,3,0.000,0.000,0.000,17638142,11207569,0,0,
GPU,3,0.000,0.000,0.000,17638142,11207569,0,0,
GPU,3,0.000,0.000,0.000,17474879,11220712,0,0,
GPU,3,0.000,0.000,0.000,17474879,11220712,0,0,
GPU,3,0.000,0.000,0.000,18763022,11726889,0,0,
GPU,3,0.000,0.000,0.000,18763022,11726889,0,0,
GPU,3,0.000,0.000,0.000,17718715,11142697,0,0,
GPU,3,0.000,0.000,0.000,17718715,11142697,0,0,
GPU,3,0.000,0.000,0.000,15582992,10064016,0,0,
GPU,3,0.000,0.000,0.000,15582992,10064016,0,0,
GPU,3,0.000,0.000,0.000,17842156,11404265,0,0,
GPU,3,0.000,0.000,0.000,17842156,11404265,0,0,
GPU,3,0.000,0.000,0.000,17623773,11198439,0,0,
GPU,3,0.000,0.000,0.000,17623773,11198439,0,0,
GPU,3,0.000,0.000,0.000,17462432,11212720,0,0,
GPU,3,0.000,0.000,0.000,17462432,11212720,0,0,
GPU,3,0.000,0.000,0.000,17463235,11213235,0,0,
GPU,3,0.000,0.000,0.000,17463235,11213235,0,0,
GPU,3,0.000,0.000,0.000,17977124,11505359,0,0,
GPU,3,0.000,0.000,0.000,17977124,11505359,0,0,
GPU,3,0.000,0.000,0.000,17721345,11144351,0,0,
GPU,3,0.000,0.000,0.000,17721345,11144351,0,0,
GPU,3,0.000,0.000,0.000,14931902,9643520,0,0,
GPU,3,0.000,0.000,0.000,14931902,9643520,0,0,
GPU,3,0.000,0.000,0.000,17646450,11212848,0,0,
GPU,3,0.000,0.000,0.000,17646450,11212848,0,0,
GPU,3,0.000,0.000,0.000,17805107,11380584,0,0,
GPU,3,0.000,0.000,0.000,17628223,11201267,0,0,
GPU,3,0.000,0.000,0.000,17628223,11201267,0,0,
GPU,3,0.000,0.000,0.000,17085184,11022699,0,0,
GPU,3,0.000,0.000,0.000,17085184,11022699,0,0,
GPU,3,0.000,0.000,0.000,17833218,11528545,0,0,
GPU,3,0.000,0.000,0.000,17833218,11528545,0,0,
GPU,3,0.000,0.000,0.000,17750531,11345700,0,0,
GPU,3,0.000,0.000,0.000,17750531,11345700,0,0,
GPU,3,0.000,0.000,0.000,13631401,8661619,0,0,
GPU,3,0.000,0.000,0.000,13631401,8661619,0,0,
GPU,3,0.000,0.000,0.000,17243158,11189709,0,0,
GPU,3,0.000,0.000,0.000,17243158,11189709,0,0,
GPU,3,0.000,0.000,0.000,17621145,11196769,0,0,
GPU,3,0.000,0.000,0.000,17621145,11196769,0,0,
GPU,3,0.000,0.000,0.000,17605391,11186759,0,0,
GPU,3,0.000,0.000,0.000,17605391,11186759,0,0,
GPU,3,0.000,0.000,0.000,17467449,11215941,0,0,
GPU,3,0.000,0.000,0.000,17467449,11215941,0,0,
GPU,3,0.000,0.000,0.000,18036501,11543360,0,0,
GPU,3,0.000,0.000,0.000,18036501,11543360,0,0,
GPU,3,0.000,0.000,0.000,17749313,11344922,0,0,
GPU,3,0.000,0.000,0.000,17749313,11344922,0,0,
GPU,3,0.000,0.000,0.000,17142283,10892492,0,0,
GPU,3,0.000,0.000,0.000,17142283,10892492,0,0,
GPU,3,0.000,0.000,0.000,17612053,11374451,0,0,
GPU,3,0.000,0.000,0.000,17612053,11374451,0,0,
GPU,3,0.000,0.000,0.000,17653143,11217101,0,0,
GPU,3,0.000,0.000,0.000,17653143,11217101,0,0,
GPU,3,0.000,0.000,0.000,17350050,11205241,0,0,
GPU,3,0.000,0.000,0.000,17350050,11205241,0,0,
GPU,3,0.000,0.000,0.000,17350050,11205241,0,0,
GPU,3,0.000,0.000,0.000,18732446,12056521,24910,24910,
GPU,3,0.000,0.000,0.000,18732446,12056521,24910,24910,
GPU,3,0.000,0.000,0.000,17738156,11337790,0,0,
GPU,3,0.000,0.000,0.000,17738156,11337790,0,0,
GPU,3,0.000,0.000,0.000,14604647,9280036,0,0,
GPU,3,0.000,0.000,0.000,14604647,9280036,0,0,
GPU,3,0.000,0.000,0.000,17642802,11210530,0,0,
GPU,3,0.000,0.000,0.000,17642802,11210530,0,0,
GPU,3,0.000,0.000,0.000,17824943,11393262,0,0,
GPU,3,0.000,0.000,0.000,17824943,11393262,0,0,
GPU,3,0.000,0.000,0.000,17648478,11214137,0,0,
GPU,3,0.000,0.000,0.000,17648478,11214137,0,0,
GPU,3,0.000,0.000,0.000,17081654,11020422,0,0,
GPU,3,0.000,0.000,0.000,17081654,11020422,0,0,
GPU,3,0.000,0.000,0.000,18911353,11778123,0,0,
GPU,3,0.000,0.000,0.000,18911353,11778123,0,0,
GPU,3,0.000,0.000,0.000,17731671,11333645,45700,45700,
GPU,3,0.000,0.000,0.000,17731671,11333645,45700,45700,
GPU,3,0.000,0.000,0.000,15563256,10051269,0,0,
GPU,3,0.000,0.000,0.000,15563256,10051269,0,0,
GPU,3,0.000,0.000,0.000,17162969,10905637,0,0,
GPU,3,0.000,0.000,0.000,17162969,10905637,0,0,
GPU,3,0.000,0.000,0.000,17804494,11196641,0,0,
GPU,3,0.000,0.000,0.000,17647058,11397058,0,0,
GPU,3,0.000,0.000,0.000,17647058,11397058,0,0,
GPU,3,0.000,0.000,0.000,16894295,10834385,0,0,
GPU,3,0.000,0.000,0.000,16894295,10834385,0,0,
GPU,3,0.000,0.000,0.000,17971874,11501999,0,0,
GPU,3,0.000,0.000,0.000,17971874,11501999,0,0,
GPU,3,0.000,0.000,0.000,17706384,11317482,0,0,
GPU,3,0.000,0.000,0.000,17706384,11317482,0,0,
GPU,3,0.000,0.000,0.000,15347342,9809641,0,0,
GPU,3,0.000,0.000,0.000,15347342,9809641,0,0,
GPU,3,0.000,0.000,0.000,17645031,11395749,45950,45950,
GPU,3,0.000,0.000,0.000,17645031,11395749,45950,45950,
GPU,3,0.000,0.000,0.000,17655578,11218648,0,0,
GPU,3,0.000,0.000,0.000,17655578,11218648,0,0,
GPU,3,0.000,0.000,0.000,17641788,11393655,0,0,
GPU,3,0.000,0.000,0.000,17641788,11393655,0,0,
GPU,3,0.000,0.000,0.000,17267706,11021940,0,0,
GPU,3,0.000,0.000,0.000,17267706,11021940,0,0,
GPU,3,0.000,0.000,0.000,18006662,11524263,0,0,
GPU,3,0.000,0.000,0.000,18006662,11524263,0,0,
GPU,3,0.000,0.000,0.000,17743834,11341420,0,0,
GPU,3,0.000,0.000,0.000,17743834,11341420,0,0,
GPU,3,0.000,0.000,0.000,13756291,8740976,0,0,
GPU,3,0.000,0.000,0.000,13756291,8740976,0,0,
GPU,3,0.000,0.000,0.000,17658825,11404658,0,0,
GPU,3,0.000,0.000,0.000,17658825,11404658,0,0,
GPU,3,0.000,0.000,0.000,17811237,11384502,45905,45905,
GPU,3,0.000,0.000,0.000,17811237,11384502,45905,45905,
GPU,3,0.000,0.000,0.000,17450003,11204739,0,0,
GPU,3,0.000,0.000,0.000,17450003,11204739,0,0,
GPU,3,0.000,0.000,0.000,17052682,11001730,0,0,
GPU,3,0.000,0.000,0.000,17052682,11001730,0,0,
GPU,3,0.000,0.000,0.000,18058079,11376589,0,0,
GPU,3,0.000,0.000,0.000,17564322,11343624,0,0,
GPU,3,0.000,0.000,0.000,17564322,11343624,0,0,
GPU,3,0.000,0.000,0.000,17328584,11076002,0,0,
GPU,3,0.000,0.000,0.000,17328584,11076002,0,0,
GPU,3,0.000,0.000,0.000,17652940,11216972,0,0,
GPU,3,0.000,0.000,0.000,17652940,11216972,0,0,
GPU,3,0.000,0.000,0.000,17651926,11400202,0,0,
GPU,3,0.000,0.000,0.000,17651926,11400202,0,0,
GPU,3,0.000,0.000,0.000,17646247,11212720,0,0,
GPU,3,0.000,0.000,0.000,17646247,11212720,0,0,
GPU,3,0.000,0.000,0.000,17456015,11208599,45936,45936,
GPU,3,0.000,0.000,0.000,17456015,11208599,45936,45936,
GPU,3,0.000,0.000,0.000,18046062,11549480,0,0,
GPU,3,0.000,0.000,0.000,18046062,11549480,0,0,
GPU,3,0.000,0.000,0.000,17749719,11345181,0,0,
GPU,3,0.000,0.000,0.000,17749719,11345181,0,0,
GPU,3,0.000,0.000,0.000,16638388,10683596,0,0,
GPU,3,0.000,0.000,0.000,16638388,10683596,0,0,
GPU,3,0.000,0.000,0.000,17838465,11401905,0,0,
GPU,3,0.000,0.000,0.000,17838465,11401905,0,0,
GPU,3,0.000,0.000,0.000,17626402,11200110,0,0,
GPU,3,0.000,0.000,0.000,17607207,11371321,0,0,
GPU,3,0.000,0.000,0.000,17607207,11371321,0,0,
GPU,3,0.000,0.000,0.000,17654360,11217875,0,0,
GPU,3,0.000,0.000,0.000,17654360,11217875,0,0,
GPU,3,0.000,0.000,0.000,18720683,11700427,0,0,
GPU,3,0.000,0.000,0.000,18720683,11700427,0,0,
GPU,3,0.000,0.000,0.000,17734102,11335199,45706,45706,
GPU,3,0.000,0.000,0.000,17734102,11335199,45706,45706,
GPU,3,0.000,0.000,0.000,15507789,9853907,0,0,
GPU,3,0.000,0.000,0.000,15507789,9853907,0,0,
GPU,3,0.000,0.000,0.000,17817576,11388554,0,0,
GPU,3,0.000,0.000,0.000,17817576,11388554,0,0,
GPU,3,0.000,0.000,0.000,17615688,11193302,0,0,
GPU,3,0.000,0.000,0.000,17615688,11193302,0,0,
GPU,3,0.000,0.000,0.000,17640370,11392739,0,0,
GPU,3,0.000,0.000,0.000,17640370,11392739,0,0,
GPU,3,0.000,0.000,0.000,17830882,11213235,0,0,
GPU,3,0.000,0.000,0.000,17830882,11213235,0,0,
GPU,3,0.000,0.000,0.000,17819777,11519856,0,0,
GPU,3,0.000,0.000,0.000,17819777,11519856,0,0,
GPU,3,0.000,0.000,0.000,17656829,11285808,0,0,
GPU,3,0.000,0.000,0.000,17656829,11285808,0,0,
GPU,3,0.000,0.000,0.000,14898580,9522803,0,0,
GPU,3,0.000,0.000,0.000,14898580,9522803,0,0,
GPU,3,0.000,0.000,0.000,17575979,11168070,45770,45770,
GPU,3,0.000,0.000,0.000,17575979,11168070,45770,45770,
GPU,3,0.000,0.000,0.000,17640775,11393001,0,0,
GPU,3,0.000,0.000,0.000,17640775,11393001,0,0,
GPU,3,0.000,0.000,0.000,17653549,11217359,0,0,
GPU,3,0.000,0.000,0.000,17653549,11217359,0,0,
GPU,3,0.000,0.000,0.000,17832316,11397975,0,0,
GPU,3,0.000,0.000,0.000,18010919,11526988,0,0,
GPU,3,0.000,0.000,0.000,18010919,11526988,0,0,
GPU,3,0.000,0.000,0.000,17568943,11163599,0,0,
GPU,3,0.000,0.000,0.000,17568943,11163599,0,0,
GPU,3,0.000,0.000,0.000,17568943,11163599,0,0,
GPU,3,0.000,0.000,0.000,13945672,8913729,0,0,
GPU,3,0.000,0.000,0.000,13945672,8913729,0,0,
GPU,3,0.000,0.000,0.000,17470661,11218003,0,0,
GPU,3,0.000,0.000,0.000,17075969,11016754,0,0,
GPU,3,0.000,0.000,0.000,17075969,11016754,0,0,
GPU,3,0.000,0.000,0.000,17604988,11369888,45846,45846,
GPU,3,0.000,0.000,0.000,17604988,11369888,45846,45846,
GPU,3,0.000,0.000,0.000,17653954,11401512,0,0,
GPU,3,0.000,0.000,0.000,17653954,11401512,0,0,
GPU,3,0.000,0.000,0.000,18057875,11376461,0,0,
GPU,3,0.000,0.000,0.000,18057875,11376461,0,0,
GPU,3,0.000,0.000,0.000,17737751,11337531,0,0,
GPU,3,0.000,0.000,0.000,17737751,11337531,0,0,
GPU,3,0.000,0.000,0.000,17200062,10929206,0,0,
GPU,3,0.000,0.000,0.000,17200062,10929206,0,0,
GPU,3,0.000,0.000,0.000,17639155,11391954,0,0,
GPU,3,0.000,0.000,0.000,17639155,11391954,0,0,
GPU,3,0.000,0.000,0.000,17624178,11198696,0,0,
GPU,3,0.000,0.000,0.000,17624178,11198696,0,0,
GPU,3,0.000,0.000,0.000,17830677,11396927,0,0,
GPU,3,0.000,0.000,0.000,17830677,11396927,0,0,
GPU,3,0.000,0.000,0.000,17472670,11219293,0,0,
GPU,3,0.000,0.000,0.000,18060729,11558866,45151,45151,
GPU,3,0.000,0.000,0.000,18060729,11558866,45151,45151,
GPU,3,0.000,0.000,0.000,17201546,11162705,0,0,
GPU,3,0.000,0.000,0.000,17201546,11162705,0,0,
GPU,3,0.000,0.000,0.000,17100678,10866055,0,0,
GPU,3,0.000,0.000,0.000,17100678,10866055,0,0,
GPU,3,0.000,0.000,0.000,17617709,11194586,0,0,
GPU,3,0.000,0.000,0.000,17617709,11194586,0,0,
GPU,3,0.000,0.000,0.000,17649492,11398630,0,0,
GPU,3,0.000,0.000,0.000,17649492,11398630,0,0,
GPU,3,0.000,0.000,0.000,17839900,11218906,0,0,
GPU,3,0.000,0.000,0.000,17839900,11218906,0,0,
GPU,3,0.000,0.000,0.000,17458421,11210144,0,0,
GPU,3,0.000,0.000,0.000,17458421,11210144,0,0,
GPU,3,0.000,0.000,0.000,18924292,11746112,0,0,
GPU,3,0.000,0.000,0.000,18924292,11746112,0,0,
GPU,3,0.000,0.000,0.000,17705980,11317224,45633,45633,
GPU,3,0.000,0.000,0.000,17705980,11317224,45633,45633,
GPU,3,0.000,0.000,0.000,15588844,10067795,0,0,
GPU,3,0.000,0.000,0.000,15588844,10067795,0,0,
GPU,3,0.000,0.000,0.000,17638750,11207955,0,0,
GPU,3,0.000,0.000,0.000,17638750,11207955,0,0,
GPU,3,0.000,0.000,0.000,17643410,11210916,0,0,
GPU,3,0.000,0.000,0.000,17643410,11210916,0,0,
GPU,3,0.000,0.000,0.000,17636724,11390384,0,0,
GPU,3,0.000,0.000,0.000,17636724,11390384,0,0,
GPU,3,0.000,0.000,0.000,17633890,11204867,0,0,
GPU,3,0.000,0.000,0.000,17818774,11519208,0,0,
GPU,3,0.000,0.000,0.000,17818774,11519208,0,0,
GPU,3,0.000,0.000,0.000,17728835,11149061,0,0,
GPU,3,0.000,0.000,0.000,17728835,11149061,0,0,
GPU,3,0.000,0.000,0.000,17728835,11149061,0,0,
GPU,3,0.000,0.000,0.000,14777614,9543875,0,0,
GPU,3,0.000,0.000,0.000,14777614,9543875,0,0,
GPU,3,0.000,0.000,0.000,17830062,11396535,45953,45953,
GPU,3,0.000,0.000,0.000,17652331,11216585,0,0,
GPU,3,0.000,0.000,0.000,17652331,11216585,0,0,
GPU,3,0.000,0.000,0.000,17620134,11379670,0,0,
GPU,3,0.000,0.000,0.000,17620134,11379670,0,0,
GPU,3,0.000,0.000,0.000,17449202,11204224,0,0,
GPU,3,0.000,0.000,0.000,17449202,11204224,0,0,
GPU,3,0.000,0.000,0.000,17829204,11345857,0,0,
GPU,3,0.000,0.000,0.000,17829204,11345857,0,0,
GPU,3,0.000,0.000,0.000,17723976,11328727,0,0,
GPU,3,0.000,0.000,0.000,17723976,11328727,0,0,
GPU,3,0.000,0.000,0.000,13685204,8695807,0,0,
GPU,3,0.000,0.000,0.000,13685204,8695807,0,0,
GPU,3,0.000,0.000,0.000,17635914,11389861,0,0,
GPU,3,0.000,0.000,0.000,17635914,11389861,0,0,
GPU,3,0.000,0.000,0.000,16882282,10826681,0,0,
GPU,3,0.000,0.000,0.000,16882282,10826681,0,0,
GPU,3,0.000,0.000,0.000,17843592,11405182,45988,45988,
GPU,3,0.000,0.000,0.000,17843592,11405182,45988,45988,
GPU,3,0.000,0.000,0.000,17653143,11217101,0,0,
GPU,3,0.000,0.000,0.000,17653143,11217101,0,0,
GPU,3,0.000,0.000,0.000,18059506,11558083,0,0,
GPU,3,0.000,0.000,0.000,18059506,11558083,0,0,
GPU,3,0.000,0.000,0.000,17758249,11350633,0,0,
GPU,3,0.000,0.000,0.000,17758249,11350633,0,0,
GPU,3,0.000,0.000,0.000,17187937,10921501,0,0,
GPU,3,0.000,0.000,0.000,17187937,10921501,0,0,
GPU,3,0.000,0.000,0.000,17642396,11394047,0,0,
GPU,3,0.000,0.000,0.000,17627414,11200752,0,0,
GPU,3,0.000,0.000,0.000,17627414,11200752,0,0,
GPU,3,0.000,0.000,0.000,17826376,11394178,0,0,
GPU,3,0.000,0.000,0.000,17826376,11394178,0,0,
GPU,3,0.000,0.000,0.000,17435991,11195741,0,0,
GPU,3,0.000,0.000,0.000,17435991,11195741,0,0,
GPU,3,0.000,0.000,0.000,17435991,11195741,0,0,
GPU,3,0.000,0.000,0.000,17435991,11195741,0,0,
GPU,3,0.000,0.000,0.000,8542539,5548247,22016,22016,
GPU,3,0.000,0.000,0.000,8542539,5548247,22016,22016,
GPU,3,0.000,0.000,0.000,17313506,11066364,0,0,
GPU,3,0.000,0.000,0.000,17313506,11066364,0,0,
GPU,3,0.000,0.000,0.000,17959870,11412001,0,0,
GPU,3,0.000,0.000,0.000,17959870,11412001,0,0,
GPU,3,0.000,0.000,0.000,17817985,11388815,0,0,
GPU,3,0.000,0.000,0.000,17817985,11388815,0,0,
GPU,3,0.000,0.000,0.000,17657607,11219938,0,0,
GPU,3,0.000,0.000,0.000,17657607,11219938,0,0,
GPU,3,0.000,0.000,0.000,17433991,11194457,0,0,
GPU,3,0.000,0.000,0.000,17433991,11194457,0,0,
GPU,3,0.000,0.000,0.000,18160618,11391660,0,0,
GPU,3,0.000,0.000,0.000,18160618,11391660,0,0,
GPU,3,0.000,0.000,0.000,17905879,11328209,45678,45678,
GPU,3,0.000,0.000,0.000,17905879,11328209,45678,45678,
GPU,3,0.000,0.000,0.000,15410237,9952444,0,0,
GPU,3,0.000,0.000,0.000,15410237,9952444,0,0,
GPU,3,0.000,0.000,0.000,17830677,11213106,0,0,
GPU,3,0.000,0.000,0.000,17830677,11213106,0,0,
GPU,3,0.000,0.000,0.000,17807869,11500915,0,0,
GPU,3,0.000,0.000,0.000,17656593,11219293,0,0,
GPU,3,0.000,0.000,0.000,17656593,11219293,0,0,
GPU,3,0.000,0.000,0.000,17634699,11205382,0,0,
GPU,3,0.000,0.000,0.000,17634699,11205382,0,0,
GPU,3,0.000,0.000,0.000,17068678,11139558,0,0,
GPU,3,0.000,0.000,0.000,17068678,11139558,0,0,
GPU,3,0.000,0.000,0.000,17720333,11326398,0,0,
GPU,3,0.000,0.000,0.000,17720333,11326398,0,0,
GPU,3,0.000,0.000,0.000,15527608,9764784,0,0,
GPU,3,0.000,0.000,0.000,15527608,9764784,0,0,
GPU,3,0.000,0.000,0.000,17645437,11396011,45951,45951,
GPU,3,0.000,0.000,0.000,17645437,11396011,45951,45951,
GPU,3,0.000,0.000,0.000,17635104,11389338,0,0,
GPU,3,0.000,0.000,0.000,17635104,11389338,0,0,
GPU,3,0.000,0.000,0.000,17797144,11192018,0,0,
GPU,3,0.000,0.000,0.000,17797144,11192018,0,0,
GPU,3,0.000,0.000,0.000,17646653,11396796,0,0,
GPU,3,0.000,0.000,0.000,17646653,11396796,0,0,
GPU,3,0.000,0.000,0.000,17424693,11317068,0,0,
GPU,3,0.000,0.000,0.000,17424693,11317068,0,0,
GPU,3,0.000,0.000,0.000,17742212,11157473,0,0,
GPU,3,0.000,0.000,0.000,17742212,11157473,0,0,
GPU,3,0.000,0.000,0.000,13852319,8854059,0,0,
GPU,3,0.000,0.000,0.000,13852319,8854059,0,0,
GPU,3,0.000,0.000,0.000,17641383,11209629,0,0,
GPU,3,0.000,0.000,0.000,17641383,11209629,0,0,
GPU,3,0.000,0.000,0.000,17628425,11385025,0,0,
GPU,3,0.000,0.000,0.000,17628425,11385025,0,0,
GPU,3,0.000,0.000,0.000,17648072,11397713,45958,45958,
GPU,3,0.000,0.000,0.000,17648072,11397713,45958,45958,
GPU,3,0.000,0.000,0.000,17650911,11215683,0,0,
GPU,3,0.000,0.000,0.000,17650911,11215683,0,0,
GPU,3,0.000,0.000,0.000,17320117,11185909,0,0,
GPU,3,0.000,0.000,0.000,17751140,11346090,0,0,
GPU,3,0.000,0.000,0.000,17751140,11346090,0,0,
GPU,3,0.000,0.000,0.000,17206421,10933246,0,0,
GPU,3,0.000,0.000,0.000,17206421,10933246,0,0,
GPU,3,0.000,0.000,0.000,17609832,11373016,0,0,
GPU,3,0.000,0.000,0.000,17609832,11373016,0,0,
GPU,3,0.000,0.000,0.000,17899775,11256559,0,0,
GPU,3,0.000,0.000,0.000,17899775,11256559,0,0,
GPU,3,0.000,0.000,0.000,17626200,11383587,0,0,
GPU,3,0.000,0.000,0.000,17626200,11383587,0,0,
GPU,3,0.000,0.000,0.000,17660653,11221873,0,0,
GPU,3,0.000,0.000,0.000,17660653,11221873,0,0,
GPU,3,0.000,0.000,0.000,17979685,11520963,43640,43640,
GPU,3,0.000,0.000,0.000,17979685,11520963,43640,43640,
GPU,3,0.000,0.000,0.000,17662656,11289533,0,0,
GPU,3,0.000,0.000,0.000,17662656,11289533,0,0,
GPU,3,0.000,0.000,0.000,17219730,10941704,0,0,
GPU,3,0.000,0.000,0.000,17219730,10941704,0,0,
GPU,3,0.000,0.000,0.000,17597928,11365328,0,0,
GPU,3,0.000,0.000,0.000,17597928,11365328,0,0,
GPU,3,0.000,0.000,0.000,17637534,11207183,0,0,
GPU,3,0.000,0.000,0.000,17640573,11209114,0,0,
GPU,3,0.000,0.000,0.000,17640573,11209114,0,0,
GPU,3,0.000,0.000,0.000,17659028,11404789,0,0,
GPU,3,0.000,0.000,0.000,17659028,11404789,0,0,
GPU,3,0.000,0.000,0.000,17659028,11404789,0,0,
GPU,3,0.000,0.000,0.000,20589094,11873465,0,0,
GPU,3,0.000,0.000,0.000,20589094,11873465,0,0,
GPU,3,0.000,0.000,0.000,17747284,11526586,45740,45740,
GPU,3,0.000,0.000,0.000,17747284,11526586,45740,45740,
GPU,3,0.000,0.000,0.000,17272205,10975047,0,0,
GPU,3,0.000,0.000,0.000,17272205,10975047,0,0,
GPU,3,0.000,0.000,0.000,17654969,11402167,0,0,
GPU,3,0.000,0.000,0.000,17654969,11402167,0,0,
GPU,3,0.000,0.000,0.000,17627414,11200752,0,0,
GPU,3,0.000,0.000,0.000,17627414,11200752,0,0,
GPU,3,0.000,0.000,0.000,17621549,11197026,0,0,
GPU,3,0.000,0.000,0.000,17834365,11399285,0,0,
GPU,3,0.000,0.000,0.000,17834365,11399285,0,0,
GPU,3,0.000,0.000,0.000,17246606,11138433,0,0,
GPU,3,0.000,0.000,0.000,17246606,11138433,0,0,
GPU,3,0.000,0.000,0.000,17903222,11326528,0,0,
GPU,3,0.000,0.000,0.000,17903222,11326528,0,0,
GPU,3,0.000,0.000,0.000,17289509,11166141,0,0,
GPU,3,0.000,0.000,0.000,17289509,11166141,0,0,
GPU,3,0.000,0.000,0.000,17648883,11398237,45960,45960,
GPU,3,0.000,0.000,0.000,17648883,11398237,45960,45960,
GPU,3,0.000,0.000,0.000,17650911,11215683,0,0,
GPU,3,0.000,0.000,0.000,17650911,11215683,0,0,
GPU,3,0.000,0.000,0.000,17756814,11282976,0,0,
GPU,3,0.000,0.000,0.000,17756814,11282976,0,0,
GPU,3,0.000,0.000,0.000,17828629,11395618,0,0,
GPU,3,0.000,0.000,0.000,17828629,11395618,0,0,
GPU,3,0.000,0.000,0.000,18033452,11541409,0,0,
GPU,3,0.000,0.000,0.000,18033452,11541409,0,0,
GPU,3,0.000,0.000,0.000,17545863,11148934,0,0,
GPU,3,0.000,0.000,0.000,17545863,11148934,0,0,
GPU,3,0.000,0.000,0.000,14446273,9329884,0,0,
GPU,3,0.000,0.000,0.000,14446273,9329884,0,0,
GPU,3,0.000,0.000,0.000,17849543,11224970,0,0,
GPU,3,0.000,0.000,0.000,17849543,11224970,0,0,
GPU,3,0.000,0.000,0.000,17445597,11201909,0,0,
GPU,3,0.000,0.000,0.000,17267905,11205768,45925,45925,
GPU,3,0.000,0.000,0.000,17267905,11205768,45925,45925,
GPU,3,0.000,0.000,0.000,17612659,11374842,0,0,
GPU,3,0.000,0.000,0.000,17612659,11374842,0,0,
GPU,3,0.000,0.000,0.000,18047080,11369660,0,0,
GPU,3,0.000,0.000,0.000,18047080,11369660,0,0,
GPU,3,0.000,0.000,0.000,17730658,11332998,0,0,
GPU,3,0.000,0.000,0.000,17730658,11332998,0,0,
GPU,3,0.000,0.000,0.000,17212205,11116216,0,0,
GPU,3,0.000,0.000,0.000,17212205,11116216,0,0,
GPU,3,0.000,0.000,0.000,17791636,11188554,0,0,
GPU,3,0.000,0.000,0.000,17791636,11188554,0,0,
GPU,3,0.000,0.000,0.000,17971848,11606819,0,0,
GPU,3,0.000,0.000,0.000,17971848,11606819,0,0,
GPU,3,0.000,0.000,0.000,17630651,11202809,0,0,
GPU,3,0.000,0.000,0.000,17654766,11402036,0,0,
GPU,3,0.000,0.000,0.000,17654766,11402036,0,0,
GPU,3,0.000,0.000,0.000,17902350,11392405,45207,45207,
GPU,3,0.000,0.000,0.000,17902350,11392405,45207,45207,
GPU,3,0.000,0.000,0.000,17747284,11343624,0,0,
GPU,3,0.000,0.000,0.000,17747284,11343624,0,0,
GPU,3,0.000,0.000,0.000,16930097,10757665,0,0,
GPU,3,0.000,0.000,0.000,16930097,10757665,0,0,
GPU,3,0.000,0.000,0.000,17611649,11374190,0,0,
GPU,3,0.000,0.000,0.000,17611649,11374190,0,0,
GPU,3,0.000,0.000,0.000,17650100,11215168,0,0,
GPU,3,0.000,0.000,0.000,17650100,11215168,0,0,
GPU,3,0.000,0.000,0.000,17839285,11402429,0,0,
GPU,3,0.000,0.000,0.000,17839285,11402429,0,0,
GPU,3,0.000,0.000,0.000,17648680,11214266,0,0,
GPU,3,0.000,0.000,0.000,17648680,11214266,0,0,
GPU,3,0.000,0.000,0.000,17648680,11214266,0,0,
GPU,3,0.000,0.000,0.000,21687073,12289341,0,0,
GPU,3,0.000,0.000,0.000,21687073,12289341,0,0,
GPU,3,0.000,0.000,0.000,21687073,12289341,0,0,
GPU,3,0.000,0.000,0.000,13585755,8595069,34657,34657,
GPU,3,0.000,0.000,0.000,13585755,8595069,34657,34657,
GPU,3,0.000,0.000,0.000,17607611,11188169,0,0,
GPU,3,0.000,0.000,0.000,17655984,11402823,0,0,
GPU,3,0.000,0.000,0.000,17655984,11402823,0,0,
GPU,3,0.000,0.000,0.000,17599340,11366240,0,0,
GPU,3,0.000,0.000,0.000,17599340,11366240,0,0,
GPU,3,0.000,0.000,0.000,17607813,11188298,0,0,
GPU,3,0.000,0.000,0.000,17607813,11188298,0,0,
GPU,3,0.000,0.000,0.000,18196391,11437731,0,0,
GPU,3,0.000,0.000,0.000,18196391,11437731,0,0,
GPU,3,0.000,0.000,0.000,16988822,10960530,0,0,
GPU,3,0.000,0.000,0.000,16988822,10960530,0,0,
GPU,3,0.000,0.000,0.000,16988822,10960530,0,0,
GPU,3,0.000,0.000,0.000,13499261,8577655,0,0,
GPU,3,0.000,0.000,0.000,17650100,11399023,0,0,
GPU,3,0.000,0.000,0.000,17650100,11399023,0,0,
GPU,3,0.000,0.000,0.000,18025761,11521620,46458,46458,
GPU,3,0.000,0.000,0.000,18025761,11521620,46458,46458,
GPU,3,0.000,0.000,0.000,17645031,11211947,0,0,
GPU,3,0.000,0.000,0.000,17645031,11211947,0,0,
GPU,3,0.000,0.000,0.000,17651114,11399678,0,0,
GPU,3,0.000,0.000,0.000,17651114,11399678,0,0,
GPU,3,0.000,0.000,0.000,17817371,11338327,0,0,
GPU,3,0.000,0.000,0.000,17817371,11338327,0,0,
GPU,3,0.000,0.000,0.000,17202923,11163599,0,0,
GPU,3,0.000,0.000,0.000,17202923,11163599,0,0,
GPU,3,0.000,0.000,0.000,13668709,8595786,0,0,
GPU,3,0.000,0.000,0.000,13668709,8595786,0,0,
GPU,3,0.000,0.000,0.000,17623167,11381628,0,0,
GPU,3,0.000,0.000,0.000,17623167,11381628,0,0,
GPU,3,0.000,0.000,0.000,17642194,11210144,0,0,
GPU,3,0.000,0.000,0.000,17642194,11210144,0,0,
GPU,3,0.000,0.000,0.000,16889643,11014984,45895,45895,
GPU,3,0.000,0.000,0.000,16889643,11014984,45895,45895,
GPU,3,0.000,0.000,0.000,17639762,11208599,0,0,
GPU,3,0.000,0.000,0.000,17639762,11208599,0,0,
GPU,3,0.000,0.000,0.000,18020047,11532830,0,0,
GPU,3,0.000,0.000,0.000,18020047,11532830,0,0,
GPU,3,0.000,0.000,0.000,17737345,11337272,0,0,
GPU,3,0.000,0.000,0.000,17737345,11337272,0,0,
GPU,3,0.000,0.000,0.000,17201603,10930185,0,0,
GPU,3,0.000,0.000,0.000,17201603,10930185,0,0,
GPU,3,0.000,0.000,0.000,17628425,11385025,0,0,
GPU,3,0.000,0.000,0.000,17634497,11205253,0,0,
GPU,3,0.000,0.000,0.000,17634497,11205253,0,0,
GPU,3,0.000,0.000,0.000,17831087,11397189,0,0,
GPU,3,0.000,0.000,0.000,17831087,11397189,0,0,
GPU,3,0.000,0.000,0.000,17644626,11211689,0,0,
GPU,3,0.000,0.000,0.000,17644626,11211689,0,0,
GPU,3,0.000,0.000,0.000,17856337,11543491,45091,45091,
GPU,3,0.000,0.000,0.000,17856337,11543491,45091,45091,
GPU,3,0.000,0.000,0.000,17170713,11142697,0,0,
GPU,3,0.000,0.000,0.000,17170713,11142697,0,0,
GPU,3,0.000,0.000,0.000,17198136,10927982,0,0,
GPU,3,0.000,0.000,0.000,17198136,10927982,0,0,
GPU,3,0.000,0.000,0.000,17841131,11403609,0,0,
GPU,3,0.000,0.000,0.000,17841131,11403609,0,0,
GPU,3,0.000,0.000,0.000,17621751,11197154,0,0,
GPU,3,0.000,0.000,0.000,17621751,11197154,0,0,
GPU,3,0.000,0.000,0.000,17466044,11398892,0,0,
GPU,3,0.000,0.000,0.000,17814508,11202938,0,0,
GPU,3,0.000,0.000,0.000,17814508,11202938,0,0,
GPU,3,0.000,0.000,0.000,17814508,11202938,0,0,
GPU,3,0.000,0.000,0.000,18777848,11616804,0,0,
GPU,3,0.000,0.000,0.000,18777848,11616804,0,0,
GPU,3,0.000,0.000,0.000,16959777,10941791,0,0,
GPU,3,0.000,0.000,0.000,16959777,10941791,0,0,
GPU,3,0.000,0.000,0.000,16142788,10318071,41605,41605,
GPU,3,0.000,0.000,0.000,17651317,11215941,0,0,
GPU,3,0.000,0.000,0.000,17651317,11215941,0,0,
GPU,3,0.000,0.000,0.000,17667560,11410299,0,0,
GPU,3,0.000,0.000,0.000,17667560,11410299,0,0,
GPU,3,0.000,0.000,0.000,17654360,11217875,0,0,
GPU,3,0.000,0.000,0.000,17654360,11217875,0,0,
GPU,3,0.000,0.000,0.000,17633890,11388554,0,0,
GPU,3,0.000,0.000,0.000,17633890,11388554,0,0,
GPU,3,0.000,0.000,0.000,17782767,11316306,0,0,
GPU,3,0.000,0.000,0.000,17782767,11316306,0,0,
GPU,3,0.000,0.000,0.000,16992702,10963034,0,0,
GPU,3,0.000,0.000,0.000,16992702,10963034,0,0,
GPU,3,0.000,0.000,0.000,15002416,9589173,0,0,
GPU,3,0.000,0.000,0.000,15002416,9589173,0,0,
GPU,3,0.000,0.000,0.000,17635509,11205896,0,0,
GPU,3,0.000,0.000,0.000,17635509,11205896,0,0,
GPU,3,0.000,0.000,0.000,17826786,11394440,45945,45945,
GPU,3,0.000,0.000,0.000,17826786,11394440,45945,45945,
GPU,3,0.000,0.000,0.000,17645031,11395749,0,0,
GPU,3,0.000,0.000,0.000,17645031,11395749,0,0,
GPU,3,0.000,0.000,0.000,17621347,11196897,0,0,
GPU,3,0.000,0.000,0.000,17621347,11196897,0,0,
GPU,3,0.000,0.000,0.000,18029387,11538808,0,0,
GPU,3,0.000,0.000,0.000,18029387,11538808,0,0,
GPU,3,0.000,0.000,0.000,16909475,10909338,0,0,
GPU,3,0.000,0.000,0.000,16909475,10909338,0,0,
GPU,3,0.000,0.000,0.000,13770968,8750302,0,0,
GPU,3,0.000,0.000,0.000,13770968,8750302,0,0,
GPU,3,0.000,0.000,0.000,17556492,11338568,0,0,
GPU,3,0.000,0.000,0.000,17556492,11338568,0,0,
GPU,3,0.000,0.000,0.000,17829038,11212075,0,0,
GPU,3,0.000,0.000,0.000,17829038,11212075,0,0,
GPU,3,0.000,0.000,0.000,17455213,11391823,45934,45934,
GPU,3,0.000,0.000,0.000,17455213,11391823,45934,45934,
GPU,3,0.000,0.000,0.000,17944685,11469799,0,0,
GPU,3,0.000,0.000,0.000,17876691,11376076,0,0,
GPU,3,0.000,0.000,0.000,17876691,11376076,0,0,
GPU,3,0.000,0.000,0.000,17005325,10971177,0,0,
GPU,3,0.000,0.000,0.000,17005325,10971177,0,0,
GPU,3,0.000,0.000,0.000,17195633,10926392,0,0,
GPU,3,0.000,0.000,0.000,17195633,10926392,0,0,
GPU,3,0.000,0.000,0.000,17632068,11387377,0,0,
GPU,3,0.000,0.000,0.000,17632068,11387377,0,0,
GPU,3,0.000,0.000,0.000,17633485,11204610,0,0,
GPU,3,0.000,0.000,0.000,17633485,11204610,0,0,
GPU,3,0.000,0.000,0.000,17656998,11403478,0,0,
GPU,3,0.000,0.000,0.000,17656998,11403478,0,0,
GPU,3,0.000,0.000,0.000,17659435,11221099,0,0,
GPU,3,0.000,0.000,0.000,17659435,11221099,0,0,
GPU,3,0.000,0.000,0.000,18013149,11528415,45032,45032,
GPU,3,0.000,0.000,0.000,18013149,11528415,45032,45032,
GPU,3,0.000,0.000,0.000,17352192,11141934,0,0,
GPU,3,0.000,0.000,0.000,17352192,11141934,0,0,
GPU,3,0.000,0.000,0.000,17029013,10820519,0,0,
GPU,3,0.000,0.000,0.000,17029013,10820519,0,0,
GPU,3,0.000,0.000,0.000,17663090,11407412,0,0,
GPU,3,0.000,0.000,0.000,17810215,11383849,0,0,
GPU,3,0.000,0.000,0.000,17810215,11383849,0,0,
GPU,3,0.000,0.000,0.000,17663293,11223551,0,0,
GPU,3,0.000,0.000,0.000,17663293,11223551,0,0,
GPU,3,0.000,0.000,0.000,17594703,11179967,0,0,
GPU,3,0.000,0.000,0.000,17594703,11179967,0,0,
GPU,3,0.000,0.000,0.000,19182735,11829353,0,0,
GPU,3,0.000,0.000,0.000,19182735,11829353,0,0,
GPU,3,0.000,0.000,0.000,17355560,10961406,0,0,
GPU,3,0.000,0.000,0.000,17355560,10961406,0,0,
GPU,3,0.000,0.000,0.000,15920893,10282243,41460,41460,
GPU,3,0.000,0.000,0.000,15920893,10282243,41460,41460,
GPU,3,0.000,0.000,0.000,17650303,11399154,0,0,
GPU,3,0.000,0.000,0.000,17650303,11399154,0,0,
GPU,3,0.000,0.000,0.000,17831496,11213621,0,0,
GPU,3,0.000,0.000,0.000,17831496,11213621,0,0,
GPU,3,0.000,0.000,0.000,17650100,11399023,0,0,
GPU,3,0.000,0.000,0.000,17650100,11399023,0,0,
GPU,3,0.000,0.000,0.000,17625593,11199596,0,0,
GPU,3,0.000,0.000,0.000,17625593,11199596,0,0,
GPU,3,0.000,0.000,0.000,17969451,11500449,0,0,
GPU,3,0.000,0.000,0.000,17969451,11500449,0,0,
GPU,3,0.000,0.000,0.000,17569948,11347258,0,0,
GPU,3,0.000,0.000,0.000,17569948,11347258,0,0,
GPU,3,0.000,0.000,0.000,14954567,9404418,0,0,
GPU,3,0.000,0.000,0.000,14954567,9404418,0,0,
GPU,3,0.000,0.000,0.000,17640168,11392608,0,0,
GPU,3,0.000,0.000,0.000,17640168,11392608,0,0,
GPU,3,0.000,0.000,0.000,17844002,11405445,45989,45989,
GPU,3,0.000,0.000,0.000,17844002,11405445,45989,45989,
GPU,3,0.000,0.000,0.000,17660653,11221873,0,0,
GPU,3,0.000,0.000,0.000,17660653,11221873,0,0,
GPU,3,0.000,0.000,0.000,17611447,11374059,0,0,
GPU,3,0.000,0.000,0.000,17611447,11374059,0,0,
GPU,3,0.000,0.000,0.000,18029184,11538678,0,0,
GPU,3,0.000,0.000,0.000,17712244,11138627,0,0,
GPU,3,0.000,0.000,0.000,17712244,11138627,0,0,
GPU,3,0.000,0.000,0.000,17712244,11138627,0,0,
GPU,3,0.000,0.000,0.000,13726664,8865137,0,0,
GPU,3,0.000,0.000,0.000,13726664,8865137,0,0,
GPU,3,0.000,0.000,0.000,17838465,11218003,0,0,
GPU,3,0.000,0.000,0.000,17838465,11218003,0,0,
GPU,3,0.000,0.000,0.000,17652534,11400595,0,0,
GPU,3,0.000,0.000,0.000,17652534,11400595,0,0,
GPU,3,0.000,0.000,0.000,17468252,11216456,0,0,
GPU,3,0.000,0.000,0.000,17594425,11297473,46301,46301,
GPU,3,0.000,0.000,0.000,17594425,11297473,46301,46301,
GPU,3,0.000,0.000,0.000,18061748,11559519,0,0,
GPU,3,0.000,0.000,0.000,18061748,11559519,0,0,
GPU,3,0.000,0.000,0.000,17739981,11156070,0,0,
GPU,3,0.000,0.000,0.000,17739981,11156070,0,0,
GPU,3,0.000,0.000,0.000,17196018,11105762,0,0,
GPU,3,0.000,0.000,0.000,17196018,11105762,0,0,
GPU,3,0.000,0.000,0.000,17601760,11184451,0,0,
GPU,3,0.000,0.000,0.000,17601760,11184451,0,0,
GPU,3,0.000,0.000,0.000,17650506,11399285,0,0,
GPU,3,0.000,0.000,0.000,17650506,11399285,0,0,
GPU,3,0.000,0.000,0.000,17660044,11221486,0,0,
GPU,3,0.000,0.000,0.000,17660044,11221486,0,0,
GPU,3,0.000,0.000,0.000,17183322,11097562,0,0,
GPU,3,0.000,0.000,0.000,17183322,11097562,0,0,
GPU,3,0.000,0.000,0.000,18029997,11358898,0,0,
GPU,3,0.000,0.000,0.000,18029997,11358898,0,0,
GPU,3,0.000,0.000,0.000,17741603,11522897,45725,45725,
GPU,3,0.000,0.000,0.000,17266769,10971593,0,0,
GPU,3,0.000,0.000,0.000,17266769,10971593,0,0,
GPU,3,0.000,0.000,0.000,17654766,11402036,0,0,
GPU,3,0.000,0.000,0.000,17654766,11402036,0,0,
GPU,3,0.000,0.000,0.000,17659028,11220841,0,0,
GPU,3,0.000,0.000,0.000,17659028,11220841,0,0,
GPU,3,0.000,0.000,0.000,17842566,11404527,0,0,
GPU,3,0.000,0.000,0.000,17842566,11404527,0,0,
GPU,3,0.000,0.000,0.000,17389712,11166025,0,0,
GPU,3,0.000,0.000,0.000,17389712,11166025,0,0,
GPU,3,0.000,0.000,0.000,19095737,11616573,0,0,
GPU,3,0.000,0.000,0.000,19095737,11616573,0,0,
GPU,3,0.000,0.000,0.000,17720738,11326657,0,0,
GPU,3,0.000,0.000,0.000,17720738,11326657,0,0,
GPU,3,0.000,0.000,0.000,16086402,10282030,41459,41459,
GPU,3,0.000,0.000,0.000,16086402,10282030,41459,41459,
GPU,3,0.000,0.000,0.000,17657810,11220067,0,0,
GPU,3,0.000,0.000,0.000,17657810,11220067,0,0,
GPU,3,0.000,0.000,0.000,17795903,11493187,0,0,
GPU,3,0.000,0.000,0.000,17795903,11493187,0,0,
GPU,3,0.000,0.000,0.000,17615891,11193430,0,0,
GPU,3,0.000,0.000,0.000,17615891,11193430,0,0,
GPU,3,0.000,0.000,0.000,17652534,11400595,0,0,
GPU,3,0.000,0.000,0.000,17652534,11400595,0,0,
GPU,3,0.000,0.000,0.000,17652534,11400595,0,0,
GPU,3,0.000,0.000,0.000,17652534,11400595,0,0,
GPU,3,0.000,0.000,0.000,22801055,12007656,0,0,
GPU,3,0.000,0.000,0.000,22801055,12007656,0,0,
GPU,3,0.000,0.000,0.000,20676139,11534210,0,0,
GPU,3,0.000,0.000,0.000,20676139,11534210,0,0,
GPU,3,0.000,0.000,0.000,17639560,11392216,0,0,
GPU,3,0.000,0.000,0.000,17639560,11392216,0,0,
GPU,3,0.000,0.000,0.000,17838055,11401643,45974,45974,
GPU,3,0.000,0.000,0.000,17838055,11401643,45974,45974,
GPU,3,0.000,0.000,0.000,17654360,11217875,0,0,
GPU,3,0.000,0.000,0.000,17654360,11217875,0,0,
GPU,3,0.000,0.000,0.000,17638345,11391431,0,0,
GPU,3,0.000,0.000,0.000,17638345,11391431,0,0,
GPU,3,0.000,0.000,0.000,17617911,11194714,0,0,
GPU,3,0.000,0.000,0.000,17617911,11194714,0,0,
GPU,3,0.000,0.000,0.000,17617911,11194714,0,0,
GPU,3,0.000,0.000,0.000,14053354,8411496,0,0,
GPU,3,0.000,0.000,0.000,14053354,8411496,0,0,
GPU,3,0.000,0.000,0.000,17600146,11183426,0,0,
GPU,3,0.000,0.000,0.000,17600146,11183426,0,0,
GPU,3,0.000,0.000,0.000,17657607,11403871,0,0,
GPU,3,0.000,0.000,0.000,17657607,11403871,0,0,
GPU,3,0.000,0.000,0.000,17655578,11218648,0,0,
GPU,3,0.000,0.000,0.000,17655578,11218648,0,0,
GPU,3,0.000,0.000,0.000,17077145,11017513,45906,45906,
GPU,3,0.000,0.000,0.000,17077145,11017513,45906,45906,
GPU,3,0.000,0.000,0.000,17651926,11400202,0,0,
GPU,3,0.000,0.000,0.000,17651926,11400202,0,0,
GPU,3,0.000,0.000,0.000,17868221,11370686,0,0,
GPU,3,0.000,0.000,0.000,17868221,11370686,0,0,
GPU,3,0.000,0.000,0.000,14457052,9282949,0,0,
GPU,3,0.000,0.000,0.000,14457052,9282949,0,0,
GPU,3,0.000,0.000,0.000,17661262,11406232,0,0,
GPU,3,0.000,0.000,0.000,17661262,11406232,0,0,
GPU,3,0.000,0.000,0.000,17821259,11207183,0,0,
GPU,3,0.000,0.000,0.000,17628021,11384763,0,0,
GPU,3,0.000,0.000,0.000,17628021,11384763,0,0,
GPU,3,0.000,0.000,0.000,17651520,11216070,0,0,
GPU,3,0.000,0.000,0.000,17651520,11216070,0,0,
GPU,3,0.000,0.000,0.000,17816758,11388031,0,0,
GPU,3,0.000,0.000,0.000,17816758,11388031,0,0,
GPU,3,0.000,0.000,0.000,17851105,11359794,45078,45078,
GPU,3,0.000,0.000,0.000,17851105,11359794,45078,45078,
GPU,3,0.000,0.000,0.000,15689056,10181196,0,0,
GPU,3,0.000,0.000,0.000,15689056,10181196,0,0,
GPU,3,0.000,0.000,0.000,18119833,11581749,0,0,
GPU,3,0.000,0.000,0.000,18119833,11581749,0,0,
GPU,3,0.000,0.000,0.000,17470661,11218003,0,0,
GPU,3,0.000,0.000,0.000,17470661,11218003,0,0,
GPU,3,0.000,0.000,0.000,17841336,11403740,0,0,
GPU,3,0.000,0.000,0.000,17841336,11403740,0,0,
GPU,3,0.000,0.000,0.000,17637129,11206926,0,0,
GPU,3,0.000,0.000,0.000,17637129,11206926,0,0,
GPU,3,0.000,0.000,0.000,17069309,11012457,0,0,
GPU,3,0.000,0.000,0.000,17069309,11012457,0,0,
GPU,3,0.000,0.000,0.000,18042196,11547005,0,0,
GPU,3,0.000,0.000,0.000,18042196,11547005,0,0,
GPU,3,0.000,0.000,0.000,13622941,8695494,36231,36231,
GPU,3,0.000,0.000,0.000,13622941,8695494,36231,36231,
GPU,3,0.000,0.000,0.000,17587652,11358691,0,0,
GPU,3,0.000,0.000,0.000,17587652,11358691,0,0,
GPU,3,0.000,0.000,0.000,17598533,11182401,0,0,
GPU,3,0.000,0.000,0.000,17598533,11182401,0,0,
GPU,3,0.000,0.000,0.000,17658622,11220583,0,0,
GPU,3,0.000,0.000,0.000,17658622,11220583,0,0,
GPU,3,0.000,0.000,0.000,17617305,11377843,0,0,
GPU,3,0.000,0.000,0.000,17617305,11377843,0,0,
GPU,3,0.000,0.000,0.000,17637129,11390646,0,0,
GPU,3,0.000,0.000,0.000,17805555,11510661,0,0,
GPU,3,0.000,0.000,0.000,17805555,11510661,0,0,
GPU,3,0.000,0.000,0.000,17805555,11510661,0,0,
GPU,3,0.000,0.000,0.000,14665587,9361013,0,0,
GPU,3,0.000,0.000,0.000,14665587,9361013,0,0,
GPU,3,0.000,0.000,0.000,17640370,11208985,0,0,
GPU,3,0.000,0.000,0.000,17652737,11400726,45970,45970,
GPU,3,0.000,0.000,0.000,17652737,11400726,45970,45970,
GPU,3,0.000,0.000,0.000,17657201,11219680,0,0,
GPU,3,0.000,0.000,0.000,17657201,11219680,0,0,
GPU,3,0.000,0.000,0.000,17652128,11400333,0,0,
GPU,3,0.000,0.000,0.000,17652128,11400333,0,0,
GPU,3,0.000,0.000,0.000,17851391,11226132,0,0,
GPU,3,0.000,0.000,0.000,17851391,11226132,0,0,
GPU,3,0.000,0.000,0.000,17809158,11512991,0,0,
GPU,3,0.000,0.000,0.000,17809158,11512991,0,0,
GPU,3,0.000,0.000,0.000,17809158,11512991,0,0,
GPU,3,0.000,0.000,0.000,13284693,8479591,0,0,
GPU,3,0.000,0.000,0.000,17649289,11398499,0,0,
GPU,3,0.000,0.000,0.000,17649289,11398499,0,0,
GPU,3,0.000,0.000,0.000,17616295,11193687,0,0,
GPU,3,0.000,0.000,0.000,17616295,11193687,0,0,
GPU,3,0.000,0.000,0.000,17612659,11191377,0,0,
GPU,3,0.000,0.000,0.000,17612659,11191377,0,0,
GPU,3,0.000,0.000,0.000,17609630,11372886,45858,45858,
GPU,3,0.000,0.000,0.000,17609630,11372886,45858,45858,
GPU,3,0.000,0.000,0.000,17609630,11372886,45858,45858,
GPU,3,0.000,0.000,0.000,17663293,11223551,0,0,
GPU,3,0.000,0.000,0.000,17663293,11223551,0,0,
GPU,3,0.000,0.000,0.000,20327030,12030283,0,0,
GPU,3,0.000,0.000,0.000,20327030,12030283,0,0,
GPU,3,0.000,0.000,0.000,17186206,10920401,0,0,
GPU,3,0.000,0.000,0.000,17633485,11388292,0,0,
GPU,3,0.000,0.000,0.000,17633485,11388292,0,0,
GPU,3,0.000,0.000,0.000,17637534,11207183,0,0,
GPU,3,0.000,0.000,0.000,17637534,11207183,0,0,
GPU,3,0.000,0.000,0.000,17847491,11407674,0,0,
GPU,3,0.000,0.000,0.000,17847491,11407674,0,0,
GPU,3,0.000,0.000,0.000,17647058,11213235,0,0,
GPU,3,0.000,0.000,0.000,17647058,11213235,0,0,
GPU,3,0.000,0.000,0.000,17647058,11213235,0,0,
GPU,3,0.000,0.000,0.000,17652940,11400857,0,0,
GPU,3,0.000,0.000,0.000,17652940,11400857,0,0,
GPU,3,0.000,0.000,0.000,17243322,10143130,28175,28175,
GPU,3,0.000,0.000,0.000,17243322,10143130,28175,28175,
GPU,3,0.000,0.000,0.000,17594501,11179839,0,0,
GPU,3,0.000,0.000,0.000,17594501,11179839,0,0,
GPU,3,0.000,0.000,0.000,17665528,11408986,0,0,
GPU,3,0.000,0.000,0.000,17665528,11408986,0,0,
GPU,3,0.000,0.000,0.000,17628223,11201267,0,0,
GPU,3,0.000,0.000,0.000,17628223,11201267,0,0,
GPU,3,0.000,0.000,0.000,17637534,11390907,0,0,
GPU,3,0.000,0.000,0.000,17637534,11390907,0,0,
GPU,3,0.000,0.000,0.000,17224989,10994674,0,0,
GPU,3,0.000,0.000,0.000,17224989,10994674,0,0,
GPU,3,0.000,0.000,0.000,19147102,11682977,0,0,
GPU,3,0.000,0.000,0.000,19147102,11682977,0,0,
GPU,3,0.000,0.000,0.000,13941962,8858955,0,0,
GPU,3,0.000,0.000,0.000,13941962,8858955,0,0,
GPU,3,0.000,0.000,0.000,17779203,11547317,45822,45822,
GPU,3,0.000,0.000,0.000,17779203,11547317,45822,45822,
GPU,3,0.000,0.000,0.000,17662684,11223163,0,0,
GPU,3,0.000,0.000,0.000,17662684,11223163,0,0,
GPU,3,0.000,0.000,0.000,17654360,11401774,0,0,
GPU,3,0.000,0.000,0.000,17654360,11401774,0,0,
GPU,3,0.000,0.000,0.000,17661059,11222131,0,0,
GPU,3,0.000,0.000,0.000,17661059,11222131,0,0,
GPU,3,0.000,0.000,0.000,17663496,11223680,0,0,
GPU,3,0.000,0.000,0.000,17974902,11503937,0,0,
GPU,3,0.000,0.000,0.000,17974902,11503937,0,0,
GPU,3,0.000,0.000,0.000,17974902,11503937,0,0,
GPU,3,0.000,0.000,0.000,14550690,9397321,0,0,
GPU,3,0.000,0.000,0.000,14550690,9397321,0,0,
GPU,3,0.000,0.000,0.000,17653346,11217230,0,0,
GPU,3,0.000,0.000,0.000,17653346,11217230,0,0,
GPU,3,0.000,0.000,0.000,17813690,11386070,45911,45911,
GPU,3,0.000,0.000,0.000,17662277,11222905,0,0,
GPU,3,0.000,0.000,0.000,17662277,11222905,0,0,
GPU,3,0.000,0.000,0.000,17653143,11400988,0,0,
GPU,3,0.000,0.000,0.000,17653143,11400988,0,0,
GPU,3,0.000,0.000,0.000,17656390,11219164,0,0,
GPU,3,0.000,0.000,0.000,17656390,11219164,0,0,
GPU,3,0.000,0.000,0.000,17980760,11507686,0,0,
GPU,3,0.000,0.000,0.000,17980760,11507686,0,0,
GPU,3,0.000,0.000,0.000,17980760,11507686,0,0,
GPU,3,0.000,0.000,0.000,13688131,8697666,0,0,
GPU,3,0.000,0.000,0.000,13688131,8697666,0,0,
GPU,3,0.000,0.000,0.000,17650100,11399023,0,0,
GPU,3,0.000,0.000,0.000,17658216,11220325,0,0,
GPU,3,0.000,0.000,0.000,17658216,11220325,0,0,
GPU,3,0.000,0.000,0.000,17632877,11387900,0,0,
GPU,3,0.000,0.000,0.000,17632877,11387900,0,0,
GPU,3,0.000,0.000,0.000,17841336,11403740,45982,45982,
GPU,3,0.000,0.000,0.000,17841336,11403740,45982,45982,
GPU,3,0.000,0.000,0.000,17841336,11403740,45982,45982,
GPU,3,0.000,0.000,0.000,17616699,11377451,0,0,
GPU,3,0.000,0.000,0.000,17616699,11377451,0,0,
GPU,3,0.000,0.000,0.000,20339334,11899202,0,0,
GPU,3,0.000,0.000,0.000,20339334,11899202,0,0,
GPU,3,0.000,0.000,0.000,16629414,10728654,0,0,
GPU,3,0.000,0.000,0.000,17612457,11191248,0,0,
GPU,3,0.000,0.000,0.000,17612457,11191248,0,0,
GPU,3,0.000,0.000,0.000,17646450,11396666,0,0,
GPU,3,0.000,0.000,0.000,17646450,11396666,0,0,
GPU,3,0.000,0.000,0.000,17648478,11214137,0,0,
GPU,3,0.000,0.000,0.000,17648478,11214137,0,0,
GPU,3,0.000,0.000,0.000,17651520,11399940,0,0,
GPU,3,0.000,0.000,0.000,17651520,11399940,0,0,
GPU,3,0.000,0.000,0.000,17651520,11399940,0,0,
GPU,3,0.000,0.000,0.000,17642194,11210144,0,0,
GPU,3,0.000,0.000,0.000,17642194,11210144,0,0,
GPU,3,0.000,0.000,0.000,17268203,10203938,28032,28032,
GPU,3,0.000,0.000,0.000,17268203,10203938,28032,28032,
GPU,3,0.000,0.000,0.000,17592285,11178431,0,0,
GPU,3,0.000,0.000,0.000,17592285,11178431,0,0,
GPU,3,0.000,0.000,0.000,17602970,11368585,0,0,
GPU,3,0.000,0.000,0.000,17602970,11368585,0,0,
GPU,3,0.000,0.000,0.000,17640168,11208856,0,0,
GPU,3,0.000,0.000,0.000,17640168,11208856,0,0,
GPU,3,0.000,0.000,0.000,17656187,11219035,0,0,
GPU,3,0.000,0.000,0.000,17656187,11219035,0,0,
GPU,3,0.000,0.000,0.000,17628021,11384763,0,0,
GPU,3,0.000,0.000,0.000,17628021,11384763,0,0,
GPU,3,0.000,0.000,0.000,19875776,11868269,0,0,
GPU,3,0.000,0.000,0.000,19875776,11868269,0,0,
GPU,3,0.000,0.000,0.000,16047323,10152388,0,0,
GPU,3,0.000,0.000,0.000,16047323,10152388,0,0,
GPU,3,0.000,0.000,0.000,17652331,11400464,45969,45969,
GPU,3,0.000,0.000,0.000,17652331,11400464,45969,45969,
GPU,3,0.000,0.000,0.000,17638750,11207955,0,0,
GPU,3,0.000,0.000,0.000,17638750,11207955,0,0,
GPU,3,0.000,0.000,0.000,17659638,11405182,0,0,
GPU,3,0.000,0.000,0.000,17659638,11405182,0,0,
GPU,3,0.000,0.000,0.000,17663293,11223551,0,0,
GPU,3,0.000,0.000,0.000,17663293,11223551,0,0,
GPU,3,0.000,0.000,0.000,17635509,11389600,0,0,
GPU,3,0.000,0.000,0.000,17635509,11389600,0,0,
GPU,3,0.000,0.000,0.000,18172413,11335267,0,0,
GPU,3,0.000,0.000,0.000,18172413,11335267,0,0,
GPU,3,0.000,0.000,0.000,14840739,9485833,0,0,
GPU,3,0.000,0.000,0.000,14840739,9485833,0,0,
GPU,3,0.000,0.000,0.000,17651317,11399809,0,0,
GPU,3,0.000,0.000,0.000,17651317,11399809,0,0,
GPU,3,0.000,0.000,0.000,17652534,11216714,0,0,
GPU,3,0.000,0.000,0.000,17652534,11216714,0,0,
GPU,3,0.000,0.000,0.000,17629639,11385809,45910,45910,
GPU,3,0.000,0.000,0.000,17648072,11397713,0,0,
GPU,3,0.000,0.000,0.000,17648072,11397713,0,0,
GPU,3,0.000,0.000,0.000,17643612,11211045,0,0,
GPU,3,0.000,0.000,0.000,17643612,11211045,0,0,
GPU,3,0.000,0.000,0.000,18024310,11535558,0,0,
GPU,3,0.000,0.000,0.000,18024310,11535558,0,0,
GPU,3,0.000,0.000,0.000,18024310,11535558,0,0,
GPU,3,0.000,0.000,0.000,13795555,8817777,0,0,
GPU,3,0.000,0.000,0.000,13795555,8817777,0,0,
GPU,3,0.000,0.000,0.000,17663699,11223809,0,0,
GPU,3,0.000,0.000,0.000,17626807,11383979,0,0,
GPU,3,0.000,0.000,0.000,17626807,11383979,0,0,
GPU,3,0.000,0.000,0.000,17627212,11200624,0,0,
GPU,3,0.000,0.000,0.000,17627212,11200624,0,0,
GPU,3,0.000,0.000,0.000,17590471,11360513,45808,45808,
GPU,3,0.000,0.000,0.000,17590471,11360513,45808,45808,
GPU,3,0.000,0.000,0.000,17590471,11360513,45808,45808,
GPU,3,0.000,0.000,0.000,17036477,10991275,0,0,
GPU,3,0.000,0.000,0.000,17036477,10991275,0,0,
GPU,3,0.000,0.000,0.000,20178636,11886045,0,0,
GPU,3,0.000,0.000,0.000,20178636,11886045,0,0,
GPU,3,0.000,0.000,0.000,16790586,10717395,0,0,
GPU,3,0.000,0.000,0.000,17569144,11346738,0,0,
GPU,3,0.000,0.000,0.000,17569144,11346738,0,0,
GPU,3,0.000,0.000,0.000,17619730,11195870,0,0,
GPU,3,0.000,0.000,0.000,17619730,11195870,0,0,
GPU,3,0.000,0.000,0.000,17555489,11155050,0,0,
GPU,3,0.000,0.000,0.000,17555489,11155050,0,0,
GPU,3,0.000,0.000,0.000,17643612,11394833,0,0,
GPU,3,0.000,0.000,0.000,17643612,11394833,0,0,
GPU,3,0.000,0.000,0.000,17643612,11394833,0,0,
GPU,3,0.000,0.000,0.000,17582820,11172416,0,0,
GPU,3,0.000,0.000,0.000,17582820,11172416,0,0,
GPU,3,0.000,0.000,0.000,17297661,10221345,28080,28080,
GPU,3,0.000,0.000,0.000,17297661,10221345,28080,28080,
GPU,3,0.000,0.000,0.000,17369046,11152756,0,0,
GPU,3,0.000,0.000,0.000,17369046,11152756,0,0,
GPU,3,0.000,0.000,0.000,17595912,11180736,0,0,
GPU,3,0.000,0.000,0.000,17595912,11180736,0,0,
GPU,3,0.000,0.000,0.000,17805311,11380714,0,0,
GPU,3,0.000,0.000,0.000,17805311,11380714,0,0,
GPU,3,0.000,0.000,0.000,17629235,11201909,0,0,
GPU,3,0.000,0.000,0.000,17629235,11201909,0,0,
GPU,3,0.000,0.000,0.000,17645437,11396011,0,0,
GPU,3,0.000,0.000,0.000,17645437,11396011,0,0,
GPU,3,0.000,0.000,0.000,18927509,11685679,0,0,
GPU,3,0.000,0.000,0.000,18927509,11685679,0,0,
GPU,3,0.000,0.000,0.000,13786364,8811903,0,0,
GPU,3,0.000,0.000,0.000,13786364,8811903,0,0,
GPU,3,0.000,0.000,0.000,17642599,11210401,45944,45944,
GPU,3,0.000,0.000,0.000,17642599,11210401,45944,45944,
GPU,3,0.000,0.000,0.000,17641586,11393524,0,0,
GPU,3,0.000,0.000,0.000,17641586,11393524,0,0,
GPU,3,0.000,0.000,0.000,17803473,11195998,0,0,
GPU,3,0.000,0.000,0.000,17803473,11195998,0,0,
GPU,3,0.000,0.000,0.000,17647058,11397058,0,0,
GPU,3,0.000,0.000,0.000,17647058,11397058,0,0,
GPU,3,0.000,0.000,0.000,17658013,11220196,0,0,
GPU,3,0.000,0.000,0.000,17658013,11220196,0,0,
GPU,3,0.000,0.000,0.000,17778975,11493478,0,0,
GPU,3,0.000,0.000,0.000,17778975,11493478,0,0,
GPU,3,0.000,0.000,0.000,14973901,9570947,0,0,
GPU,3,0.000,0.000,0.000,14973901,9570947,0,0,
GPU,3,0.000,0.000,0.000,17662684,11223163,0,0,
GPU,3,0.000,0.000,0.000,17662684,11223163,0,0,
GPU,3,0.000,0.000,0.000,17648680,11398106,0,0,
GPU,3,0.000,0.000,0.000,17648680,11398106,0,0,
GPU,3,0.000,0.000,0.000,17796328,11374972,45866,45866,
GPU,3,0.000,0.000,0.000,17618517,11195099,0,0,
GPU,3,0.000,0.000,0.000,17618517,11195099,0,0,
GPU,3,0.000,0.000,0.000,17642194,11393917,0,0,
GPU,3,0.000,0.000,0.000,17642194,11393917,0,0,
GPU,3,0.000,0.000,0.000,18023498,11535038,0,0,
GPU,3,0.000,0.000,0.000,18023498,11535038,0,0,
GPU,3,0.000,0.000,0.000,18023498,11535038,0,0,
GPU,3,0.000,0.000,0.000,13836758,8701466,0,0,
GPU,3,0.000,0.000,0.000,13836758,8701466,0,0,
GPU,3,0.000,0.000,0.000,17650911,11399547,0,0,
GPU,3,0.000,0.000,0.000,17646653,11212977,0,0,
GPU,3,0.000,0.000,0.000,17646653,11212977,0,0,
GPU,3,0.000,0.000,0.000,17649289,11398499,0,0,
GPU,3,0.000,0.000,0.000,17649289,11398499,0,0,
GPU,3,0.000,0.000,0.000,17635712,11206025,45926,45926,
GPU,3,0.000,0.000,0.000,17635712,11206025,45926,45926,
GPU,3,0.000,0.000,0.000,17635712,11206025,45926,45926,
GPU,3,0.000,0.000,0.000,16892357,11016754,0,0,
GPU,3,0.000,0.000,0.000,16892357,11016754,0,0,
GPU,3,0.000,0.000,0.000,20455375,11967090,0,0,
GPU,3,0.000,0.000,0.000,20455375,11967090,0,0,
GPU,3,0.000,0.000,0.000,17183130,11097438,0,0,
GPU,3,0.000,0.000,0.000,17644423,11211560,0,0,
GPU,3,0.000,0.000,0.000,17644423,11211560,0,0,
GPU,3,0.000,0.000,0.000,17620336,11196255,0,0,
GPU,3,0.000,0.000,0.000,17620336,11196255,0,0,
GPU,3,0.000,0.000,0.000,17645639,11396142,0,0,
GPU,3,0.000,0.000,0.000,17645639,11396142,0,0,
GPU,3,0.000,0.000,0.000,17913617,11265264,0,0,
GPU,3,0.000,0.000,0.000,17913617,11265264,0,0,
GPU,3,0.000,0.000,0.000,17913617,11265264,0,0,
GPU,3,0.000,0.000,0.000,17913617,11265264,0,0,
GPU,3,0.000,0.000,0.000,17913617,11265264,0,0,
GPU,3,0.000,0.000,0.000,6549676,4234134,16539,16539,
GPU,3,0.000,0.000,0.000,6549676,4234134,16539,16539,
GPU,3,0.000,0.000,0.000,17159743,11135577,0,0,
GPU,3,0.000,0.000,0.000,17159743,11135577,0,0,
GPU,3,0.000,0.000,0.000,17634497,11205253,0,0,
GPU,3,0.000,0.000,0.000,17634497,11205253,0,0,
GPU,3,0.000,0.000,0.000,17657810,11220067,0,0,
GPU,3,0.000,0.000,0.000,17657810,11220067,0,0,
GPU,3,0.000,0.000,0.000,17651317,11399809,0,0,
GPU,3,0.000,0.000,0.000,17651317,11399809,0,0,
GPU,3,0.000,0.000,0.000,17658216,11220325,0,0,
GPU,3,0.000,0.000,0.000,17658216,11220325,0,0,
GPU,3,0.000,0.000,0.000,18191642,11527377,0,0,
GPU,3,0.000,0.000,0.000,18191642,11527377,0,0,
GPU,3,0.000,0.000,0.000,13991309,8942898,0,0,
GPU,3,0.000,0.000,0.000,13991309,8942898,0,0,
GPU,3,0.000,0.000,0.000,17279411,11213235,45955,45955,
GPU,3,0.000,0.000,0.000,17279411,11213235,45955,45955,
GPU,3,0.000,0.000,0.000,17630853,11202938,0,0,
GPU,3,0.000,0.000,0.000,17630853,11202938,0,0,
GPU,3,0.000,0.000,0.000,17620943,11380192,0,0,
GPU,3,0.000,0.000,0.000,17620943,11380192,0,0,
GPU,3,0.000,0.000,0.000,17625391,11199467,0,0,
GPU,3,0.000,0.000,0.000,17878124,11427254,0,0,
GPU,3,0.000,0.000,0.000,17878124,11427254,0,0,
GPU,3,0.000,0.000,0.000,17789158,11500061,0,0,
GPU,3,0.000,0.000,0.000,17789158,11500061,0,0,
GPU,3,0.000,0.000,0.000,17789158,11500061,0,0,
GPU,3,0.000,0.000,0.000,14237250,9046586,0,0,
GPU,3,0.000,0.000,0.000,14237250,9046586,0,0,
GPU,3,0.000,0.000,0.000,17278220,11028651,0,0,
GPU,3,0.000,0.000,0.000,17278220,11028651,0,0,
GPU,3,0.000,0.000,0.000,17617103,11377712,0,0,
GPU,3,0.000,0.000,0.000,17663496,11407674,45998,45998,
GPU,3,0.000,0.000,0.000,17663496,11407674,45998,45998,
GPU,3,0.000,0.000,0.000,17833136,11214652,0,0,
GPU,3,0.000,0.000,0.000,17833136,11214652,0,0,
GPU,3,0.000,0.000,0.000,17461028,11211818,0,0,
GPU,3,0.000,0.000,0.000,17461028,11211818,0,0,
GPU,3,0.000,0.000,0.000,17933767,11412397,0,0,
GPU,3,0.000,0.000,0.000,17933767,11412397,0,0,
GPU,3,0.000,0.000,0.000,17933767,11412397,0,0,
GPU,3,0.000,0.000,0.000,13319805,8602374,0,0,
GPU,3,0.000,0.000,0.000,17294910,11039304,0,0,
GPU,3,0.000,0.000,0.000,17294910,11039304,0,0,
GPU,3,0.000,0.000,0.000,17654157,11401643,0,0,
GPU,3,0.000,0.000,0.000,17654157,11401643,0,0,
GPU,3,0.000,0.000,0.000,17646653,11212977,0,0,
GPU,3,0.000,0.000,0.000,17646653,11212977,0,0,
GPU,3,0.000,0.000,0.000,17644828,11395618,45950,45950,
GPU,3,0.000,0.000,0.000,17644828,11395618,45950,45950,
GPU,3,0.000,0.000,0.000,17644828,11395618,45950,45950,
GPU,3,0.000,0.000,0.000,17456416,11208856,0,0,
GPU,3,0.000,0.000,0.000,17456416,11208856,0,0,
GPU,3,0.000,0.000,0.000,20262062,11853995,0,0,
GPU,3,0.000,0.000,0.000,17354549,11092598,0,0,
GPU,3,0.000,0.000,0.000,17354549,11092598,0,0,
GPU,3,0.000,0.000,0.000,17874390,11357685,0,0,
GPU,3,0.000,0.000,0.000,17874390,11357685,0,0,
GPU,3,0.000,0.000,0.000,17652534,11400595,0,0,
GPU,3,0.000,0.000,0.000,17652534,11400595,0,0,
GPU,3,0.000,0.000,0.000,17800818,11377843,0,0,
GPU,3,0.000,0.000,0.000,17800818,11377843,0,0,
GPU,3,0.000,0.000,0.000,17643612,11211045,0,0,
GPU,3,0.000,0.000,0.000,17643612,11211045,0,0,
GPU,3,0.000,0.000,0.000,17643612,11211045,0,0,
GPU,3,0.000,0.000,0.000,17646450,11212848,0,0,
GPU,3,0.000,0.000,0.000,17646450,11212848,0,0,
GPU,3,0.000,0.000,0.000,17310384,10295719,28284,28284,
GPU,3,0.000,0.000,0.000,17310384,10295719,28284,28284,
GPU,3,0.000,0.000,0.000,17402255,11174079,0,0,
GPU,3,0.000,0.000,0.000,17402255,11174079,0,0,
GPU,3,0.000,0.000,0.000,17654766,11218132,0,0,
GPU,3,0.000,0.000,0.000,17654766,11218132,0,0,
GPU,3,0.000,0.000,0.000,18068361,11548849,0,0,
GPU,3,0.000,0.000,0.000,17649694,11214910,0,0,
GPU,3,0.000,0.000,0.000,17649694,11214910,0,0,
GPU,3,0.000,0.000,0.000,17646856,11396927,0,0,
GPU,3,0.000,0.000,0.000,17646856,11396927,0,0,
GPU,3,0.000,0.000,0.000,19106874,11560461,0,0,
GPU,3,0.000,0.000,0.000,19106874,11560461,0,0,
GPU,3,0.000,0.000,0.000,19106874,11560461,0,0,
GPU,3,0.000,0.000,0.000,13209494,8531131,0,0,
GPU,3,0.000,0.000,0.000,13209494,8531131,0,0,
GPU,3,0.000,0.000,0.000,17264139,11019663,45915,45915,
GPU,3,0.000,0.000,0.000,17264139,11019663,45915,45915,
GPU,3,0.000,0.000,0.000,17596114,11364157,0,0,
GPU,3,0.000,0.000,0.000,17596114,11364157,0,0,
GPU,3,0.000,0.000,0.000,17656390,11219164,0,0,
GPU,3,0.000,0.000,0.000,17656390,11219164,0,0,
GPU,3,0.000,0.000,0.000,17647869,11397582,0,0,
GPU,3,0.000,0.000,0.000,17650506,11215425,0,0,
GPU,3,0.000,0.000,0.000,17650506,11215425,0,0,
GPU,3,0.000,0.000,0.000,17956142,11491930,0,0,
GPU,3,0.000,0.000,0.000,17956142,11491930,0,0,
GPU,3,0.000,0.000,0.000,17956142,11491930,0,0,
GPU,3,0.000,0.000,0.000,12995363,8392839,0,0,
GPU,3,0.000,0.000,0.000,12995363,8392839,0,0,
GPU,3,0.000,0.000,0.000,17269491,11023079,0,0,
GPU,3,0.000,0.000,0.000,17269491,11023079,0,0,
GPU,3,0.000,0.000,0.000,17652940,11216972,0,0,
GPU,3,0.000,0.000,0.000,17652940,11216972,0,0,
GPU,3,0.000,0.000,0.000,17649289,11398499,45961,45961,
GPU,3,0.000,0.000,0.000,17574571,11350244,0,0,
GPU,3,0.000,0.000,0.000,17574571,11350244,0,0,
GPU,3,0.000,0.000,0.000,17574571,11350244,0,0,
GPU,3,0.000,0.000,0.000,17653954,11217617,0,0,
GPU,3,0.000,0.000,0.000,17653954,11217617,0,0,
GPU,3,0.000,0.000,0.000,19415014,11591053,0,0,
GPU,3,0.000,0.000,0.000,19415014,11591053,0,0,
GPU,3,0.000,0.000,0.000,17143239,10893100,0,0,
GPU,3,0.000,0.000,0.000,17143239,10893100,0,0,
GPU,3,0.000,0.000,0.000,17107184,11220841,0,0,
GPU,3,0.000,0.000,0.000,17657607,11219938,0,0,
GPU,3,0.000,0.000,0.000,17657607,11219938,0,0,
GPU,3,0.000,0.000,0.000,17802044,11378626,0,0,
GPU,3,0.000,0.000,0.000,17802044,11378626,0,0,
GPU,3,0.000,0.000,0.000,17646856,11213106,45955,45955,
GPU,3,0.000,0.000,0.000,17646856,11213106,45955,45955,
GPU,3,0.000,0.000,0.000,17646856,11213106,45955,45955,
GPU,3,0.000,0.000,0.000,17619730,11379409,0,0,
GPU,3,0.000,0.000,0.000,17619730,11379409,0,0,
GPU,3,0.000,0.000,0.000,16714546,9825443,0,0,
GPU,3,0.000,0.000,0.000,16714546,9825443,0,0,
GPU,3,0.000,0.000,0.000,17576783,11351672,0,0,
GPU,3,0.000,0.000,0.000,17576783,11351672,0,0,
GPU,3,0.000,0.000,0.000,17827810,11211303,0,0,
GPU,3,0.000,0.000,0.000,17827810,11211303,0,0,
GPU,3,0.000,0.000,0.000,17647667,11397451,0,0,
GPU,3,0.000,0.000,0.000,17647667,11397451,0,0,
GPU,3,0.000,0.000,0.000,17651926,11216328,0,0,
GPU,3,0.000,0.000,0.000,17651926,11216328,0,0,
GPU,3,0.000,0.000,0.000,17661262,11406232,0,0,
GPU,3,0.000,0.000,0.000,17661262,11406232,0,0,
GPU,3,0.000,0.000,0.000,17880323,11378387,0,0,
GPU,3,0.000,0.000,0.000,17880323,11378387,0,0,
GPU,3,0.000,0.000,0.000,13945171,8913408,35941,35941,
GPU,3,0.000,0.000,0.000,13945171,8913408,35941,35941,
GPU,3,0.000,0.000,0.000,17632473,11387638,0,0,
GPU,3,0.000,0.000,0.000,17632473,11387638,0,0,
GPU,3,0.000,0.000,0.000,17663090,11223421,0,0,
GPU,3,0.000,0.000,0.000,17663090,11223421,0,0,
GPU,3,0.000,0.000,0.000,17653143,11400988,0,0,
GPU,3,0.000,0.000,0.000,17653751,11217488,0,0,
GPU,3,0.000,0.000,0.000,17653751,11217488,0,0,
GPU,3,0.000,0.000,0.000,17652737,11216843,0,0,
GPU,3,0.000,0.000,0.000,17652737,11216843,0,0,
GPU,3,0.000,0.000,0.000,18293093,11657363,0,0,
GPU,3,0.000,0.000,0.000,18293093,11657363,0,0,
GPU,3,0.000,0.000,0.000,18293093,11657363,0,0,
GPU,3,0.000,0.000,0.000,13661130,8591019,0,0,
GPU,3,0.000,0.000,0.000,13661130,8591019,0,0,
GPU,3,0.000,0.000,0.000,17440993,11382542,45897,45897,
GPU,3,0.000,0.000,0.000,17657404,11219809,0,0,
GPU,3,0.000,0.000,0.000,17657404,11219809,0,0,
GPU,3,0.000,0.000,0.000,17804698,11380323,0,0,
GPU,3,0.000,0.000,0.000,17804698,11380323,0,0,
GPU,3,0.000,0.000,0.000,17655984,11218906,0,0,
GPU,3,0.000,0.000,0.000,17655984,11218906,0,0,
GPU,3,0.000,0.000,0.000,17655781,11402692,0,0,
GPU,3,0.000,0.000,0.000,17655781,11402692,0,0,
GPU,3,0.000,0.000,0.000,17954127,11490641,0,0,
GPU,3,0.000,0.000,0.000,17954127,11490641,0,0,
GPU,3,0.000,0.000,0.000,17954127,11490641,0,0,
GPU,3,0.000,0.000,0.000,13168277,8281081,0,0,
GPU,3,0.000,0.000,0.000,13168277,8281081,0,0,
GPU,3,0.000,0.000,0.000,17455814,11208470,0,0,
GPU,3,0.000,0.000,0.000,17654563,11218003,0,0,
GPU,3,0.000,0.000,0.000,17654563,11218003,0,0,
GPU,3,0.000,0.000,0.000,17654969,11402167,45976,45976,
GPU,3,0.000,0.000,0.000,17654969,11402167,45976,45976,
GPU,3,0.000,0.000,0.000,17629639,11385809,0,0,
GPU,3,0.000,0.000,0.000,17629639,11385809,0,0,
GPU,3,0.000,0.000,0.000,17629639,11385809,0,0,
GPU,3,0.000,0.000,0.000,17655578,11218648,0,0,
GPU,3,0.000,0.000,0.000,19548218,11728931,0,0,
GPU,3,0.000,0.000,0.000,19548218,11728931,0,0,
GPU,3,0.000,0.000,0.000,17157218,10901982,0,0,
GPU,3,0.000,0.000,0.000,17157218,10901982,0,0,
GPU,3,0.000,0.000,0.000,17074794,11015996,0,0,
GPU,3,0.000,0.000,0.000,17074794,11015996,0,0,
GPU,3,0.000,0.000,0.000,18158418,11606411,0,0,
GPU,3,0.000,0.000,0.000,18158418,11606411,0,0,
GPU,3,0.000,0.000,0.000,17645234,11212075,0,0,
GPU,3,0.000,0.000,0.000,17645234,11212075,0,0,
GPU,3,0.000,0.000,0.000,17623571,11381889,0,0,
GPU,3,0.000,0.000,0.000,17623571,11381889,0,0,
GPU,3,0.000,0.000,0.000,17572561,11348945,45761,45761,
GPU,3,0.000,0.000,0.000,17572561,11348945,45761,45761,
GPU,3,0.000,0.000,0.000,17572561,11348945,45761,45761,
GPU,3,0.000,0.000,0.000,15563367,9123353,0,0,
GPU,3,0.000,0.000,0.000,15563367,9123353,0,0,
GPU,3,0.000,0.000,0.000,17589263,11359732,0,0,
GPU,3,0.000,0.000,0.000,17589263,11359732,0,0,
GPU,3,0.000,0.000,0.000,17656187,11219035,0,0,
GPU,3,0.000,0.000,0.000,17656187,11219035,0,0,
GPU,3,0.000,0.000,0.000,17844413,11405707,0,0,
GPU,3,0.000,0.000,0.000,17844413,11405707,0,0,
GPU,3,0.000,0.000,0.000,17637737,11207312,0,0,
GPU,3,0.000,0.000,0.000,17654157,11217746,0,0,
GPU,3,0.000,0.000,0.000,17654157,11217746,0,0,
GPU,3,0.000,0.000,0.000,17901541,11572713,0,0,
GPU,3,0.000,0.000,0.000,17901541,11572713,0,0,
GPU,3,0.000,0.000,0.000,17901541,11572713,0,0,
GPU,3,0.000,0.000,0.000,12873792,8228609,33179,33179,
GPU,3,0.000,0.000,0.000,12873792,8228609,33179,33179,
GPU,3,0.000,0.000,0.000,17655781,11402692,0,0,
GPU,3,0.000,0.000,0.000,17655781,11402692,0,0,
GPU,3,0.000,0.000,0.000,17813486,11202295,0,0,
GPU,3,0.000,0.000,0.000,17813486,11202295,0,0,
GPU,3,0.000,0.000,0.000,17448601,11203838,0,0,
GPU,3,0.000,0.000,0.000,17448601,11203838,0,0,
GPU,3,0.000,0.000,0.000,17840515,11403216,0,0,
GPU,3,0.000,0.000,0.000,17647464,11213492,0,0,
GPU,3,0.000,0.000,0.000,17647464,11213492,0,0,
GPU,3,0.000,0.000,0.000,18193690,11528675,0,0,
GPU,3,0.000,0.000,0.000,18193690,11528675,0,0,
GPU,3,0.000,0.000,0.000,15369227,9982075,0,0,
GPU,3,0.000,0.000,0.000,15369227,9982075,0,0,
GPU,3,0.000,0.000,0.000,17636117,11206282,45927,45927,
GPU,3,0.000,0.000,0.000,17636117,11206282,45927,45927,
GPU,3,0.000,0.000,0.000,17625593,11383196,0,0,
GPU,3,0.000,0.000,0.000,17625593,11383196,0,0,
GPU,3,0.000,0.000,0.000,17646653,11212977,0,0,
GPU,3,0.000,0.000,0.000,17646653,11212977,0,0,
GPU,3,0.000,0.000,0.000,17838465,11401905,0,0,
GPU,3,0.000,0.000,0.000,17838465,11401905,0,0,
GPU,3,0.000,0.000,0.000,17650303,11215296,0,0,
GPU,3,0.000,0.000,0.000,17650303,11215296,0,0,
GPU,3,0.000,0.000,0.000,17986420,11511308,0,0,
GPU,3,0.000,0.000,0.000,17986420,11511308,0,0,
GPU,3,0.000,0.000,0.000,14279930,9127378,0,0,
GPU,3,0.000,0.000,0.000,14279930,9127378,0,0,
GPU,3,0.000,0.000,0.000,17671015,11228457,0,0,
GPU,3,0.000,0.000,0.000,17671015,11228457,0,0,
GPU,3,0.000,0.000,0.000,17654360,11401774,0,0,
GPU,3,0.000,0.000,0.000,17654360,11401774,0,0,
GPU,3,0.000,0.000,0.000,17644220,11395225,45948,45948,
GPU,3,0.000,0.000,0.000,17644220,11395225,45948,45948,
GPU,3,0.000,0.000,0.000,17615284,11193045,0,0,
GPU,3,0.000,0.000,0.000,17615284,11193045,0,0,
GPU,3,0.000,0.000,0.000,17842772,11404658,0,0,
GPU,3,0.000,0.000,0.000,17842772,11404658,0,0,
GPU,3,0.000,0.000,0.000,17842660,11354420,0,0,
GPU,3,0.000,0.000,0.000,17842660,11354420,0,0,
GPU,3,0.000,0.000,0.000,17842660,11354420,0,0,
GPU,3,0.000,0.000,0.000,10683922,6828898,0,0,
GPU,3,0.000,0.000,0.000,10683922,6828898,0,0,
GPU,3,0.000,0.000,0.000,17055614,11003622,0,0,
GPU,3,0.000,0.000,0.000,17666137,11225358,0,0,
GPU,3,0.000,0.000,0.000,17666137,11225358,0,0,
GPU,3,0.000,0.000,0.000,17663090,11407412,0,0,
GPU,3,0.000,0.000,0.000,17663090,11407412,0,0,
GPU,3,0.000,0.000,0.000,17833545,11398761,45962,45962,
GPU,3,0.000,0.000,0.000,17833545,11398761,45962,45962,
GPU,3,0.000,0.000,0.000,19202014,11647123,0,0,
GPU,3,0.000,0.000,0.000,19202014,11647123,0,0,
GPU,3,0.000,0.000,0.000,19202014,11647123,0,0,
GPU,3,0.000,0.000,0.000,12699659,8117308,0,0,
GPU,3,0.000,0.000,0.000,12699659,8117308,0,0,
GPU,3,0.000,0.000,0.000,17429593,11191633,0,0,
GPU,3,0.000,0.000,0.000,17429593,11191633,0,0,
GPU,3,0.000,0.000,0.000,17640978,11209371,0,0,
GPU,3,0.000,0.000,0.000,17640978,11209371,0,0,
GPU,3,0.000,0.000,0.000,17650303,11399154,0,0,
GPU,3,0.000,0.000,0.000,17650303,11399154,0,0,
GPU,3,0.000,0.000,0.000,17652940,11216972,0,0,
GPU,3,0.000,0.000,0.000,17652940,11216972,0,0,
GPU,3,0.000,0.000,0.000,17640168,11392608,0,0,
GPU,3,0.000,0.000,0.000,18053800,11373894,0,0,
GPU,3,0.000,0.000,0.000,18053800,11373894,0,0,
GPU,3,0.000,0.000,0.000,18053800,11373894,0,0,
GPU,3,0.000,0.000,0.000,14981562,9575844,38612,38612,
GPU,3,0.000,0.000,0.000,14981562,9575844,38612,38612,
GPU,3,0.000,0.000,0.000,17645639,11396142,0,0,
GPU,3,0.000,0.000,0.000,17458020,11209886,0,0,
GPU,3,0.000,0.000,0.000,17458020,11209886,0,0,
GPU,3,0.000,0.000,0.000,17458020,11209886,0,0,
GPU,3,0.000,0.000,0.000,15659886,10439924,0,0,
GPU,3,0.000,0.000,0.000,15659886,10439924,0,0,
GPU,3,0.000,0.000,0.000,22688646,16182343,0,0,
GPU,3,0.000,0.000,0.000,22688646,16182343,0,0,
GPU,3,0.000,0.000,0.000,17600146,11183426,0,0,
GPU,3,0.000,0.000,0.000,17600146,11183426,0,0,
GPU,3,0.000,0.000,0.000,17600146,11183426,0,0,
GPU,3,0.000,0.000,0.000,16721201,9654503,0,0,
GPU,3,0.000,0.000,0.000,16721201,9654503,0,0,
GPU,3,0.000,0.000,0.000,17367657,11334681,0,0,
GPU,3,0.000,0.000,0.000,17367657,11334681,0,0,
GPU,3,0.000,0.000,0.000,17174243,10962282,45676,45676,
GPU,3,0.000,0.000,0.000,17174243,10962282,45676,45676,
GPU,3,0.000,0.000,0.000,17654766,11402036,0,0,
GPU,3,0.000,0.000,0.000,17654766,11402036,0,0,
GPU,3,0.000,0.000,0.000,17283184,11031819,0,0,
GPU,3,0.000,0.000,0.000,17658013,11404133,0,0,
GPU,3,0.000,0.000,0.000,17658013,11404133,0,0,
GPU,3,0.000,0.000,0.000,18166284,11331444,0,0,
GPU,3,0.000,0.000,0.000,18166284,11331444,0,0,
GPU,3,0.000,0.000,0.000,18166284,11331444,0,0,
GPU,3,0.000,0.000,0.000,12190572,7873078,0,0,
GPU,3,0.000,0.000,0.000,12190572,7873078,0,0,
GPU,3,0.000,0.000,0.000,17658013,11404133,0,0,
GPU,3,0.000,0.000,0.000,17658013,11404133,0,0,
GPU,3,0.000,0.000,0.000,17810215,11200238,0,0,
GPU,3,0.000,0.000,0.000,17810215,11200238,0,0,
GPU,3,0.000,0.000,0.000,17662074,11406756,45994,45994,
GPU,3,0.000,0.000,0.000,17662074,11406756,45994,45994,
GPU,3,0.000,0.000,0.000,17648478,11214137,0,0,
GPU,3,0.000,0.000,0.000,17648478,11214137,0,0,
GPU,3,0.000,0.000,0.000,17815122,11386985,0,0,
GPU,3,0.000,0.000,0.000,17802553,11508721,0,0,
GPU,3,0.000,0.000,0.000,17802553,11508721,0,0,
GPU,3,0.000,0.000,0.000,17802553,11508721,0,0,
GPU,3,0.000,0.000,0.000,17802553,11508721,0,0,
GPU,3,0.000,0.000,0.000,9790933,6157184,0,0,
GPU,3,0.000,0.000,0.000,9790933,6157184,0,0,
GPU,3,0.000,0.000,0.000,17078713,11202166,0,0,
GPU,3,0.000,0.000,0.000,17078713,11202166,0,0,
GPU,3,0.000,0.000,0.000,17661668,11222518,0,0,
GPU,3,0.000,0.000,0.000,17661668,11222518,0,0,
GPU,3,0.000,0.000,0.000,17661262,11222260,0,0,
GPU,3,0.000,0.000,0.000,17814304,11386462,45913,45913,
GPU,3,0.000,0.000,0.000,17814304,11386462,45913,45913,
GPU,3,0.000,0.000,0.000,17678760,11364917,0,0,
GPU,3,0.000,0.000,0.000,17678760,11364917,0,0,
GPU,3,0.000,0.000,0.000,17678760,11364917,0,0,
GPU,3,0.000,0.000,0.000,13192230,8432147,0,0,
GPU,3,0.000,0.000,0.000,13192230,8432147,0,0,
GPU,3,0.000,0.000,0.000,17628425,11201395,0,0,
GPU,3,0.000,0.000,0.000,17628425,11201395,0,0,
GPU,3,0.000,0.000,0.000,16732362,10848454,0,0,
GPU,3,0.000,0.000,0.000,16732362,10848454,0,0,
GPU,3,0.000,0.000,0.000,17848722,11408462,0,0,
GPU,3,0.000,0.000,0.000,17618315,11194971,0,0,
GPU,3,0.000,0.000,0.000,17618315,11194971,0,0,
GPU,3,0.000,0.000,0.000,17658216,11404265,0,0,
GPU,3,0.000,0.000,0.000,17658216,11404265,0,0,
GPU,3,0.000,0.000,0.000,17898305,11389830,0,0,
GPU,3,0.000,0.000,0.000,17898305,11389830,0,0,
GPU,3,0.000,0.000,0.000,16103092,10458709,41502,41502,
GPU,3,0.000,0.000,0.000,16103092,10458709,41502,41502,
GPU,3,0.000,0.000,0.000,17810828,11200624,0,0,
GPU,3,0.000,0.000,0.000,17810828,11200624,0,0,
GPU,3,0.000,0.000,0.000,16886349,11012836,0,0,
GPU,3,0.000,0.000,0.000,16886349,11012836,0,0,
GPU,3,0.000,0.000,0.000,17830062,11212720,0,0,
GPU,3,0.000,0.000,0.000,17830062,11212720,0,0,
GPU,3,0.000,0.000,0.000,17643815,11394964,0,0,
GPU,3,0.000,0.000,0.000,17643815,11394964,0,0,
GPU,3,0.000,0.000,0.000,17639560,11208470,0,0,
GPU,3,0.000,0.000,0.000,17639560,11208470,0,0,
GPU,3,0.000,0.000,0.000,17655470,11349945,0,0,
GPU,3,0.000,0.000,0.000,17655470,11349945,0,0,
GPU,3,0.000,0.000,0.000,14808736,9465377,0,0,
GPU,3,0.000,0.000,0.000,14808736,9465377,0,0,
GPU,3,0.000,0.000,0.000,17663090,11223421,0,0,
GPU,3,0.000,0.000,0.000,17663090,11223421,0,0,
GPU,3,0.000,0.000,0.000,17081458,11020295,45917,45917,
GPU,3,0.000,0.000,0.000,17081458,11020295,45917,45917,
GPU,3,0.000,0.000,0.000,17629235,11201909,0,0,
GPU,3,0.000,0.000,0.000,17629235,11201909,0,0,
GPU,3,0.000,0.000,0.000,17423400,11187656,0,0,
GPU,3,0.000,0.000,0.000,17423400,11187656,0,0,
GPU,3,0.000,0.000,0.000,17423400,11187656,0,0,
GPU,3,0.000,0.000,0.000,17423400,11187656,0,0,
GPU,3,0.000,0.000,0.000,17423400,11187656,0,0,
GPU,3,0.000,0.000,0.000,23938407,12431533,0,0,
GPU,3,0.000,0.000,0.000,23938407,12431533,0,0,
GPU,3,0.000,0.000,0.000,20945426,11817832,0,0,
GPU,3,0.000,0.000,0.000,20945426,11817832,0,0,
GPU,3,0.000,0.000,0.000,17646653,11396796,0,0,
GPU,3,0.000,0.000,0.000,17661668,11222518,0,0,
GPU,3,0.000,0.000,0.000,17661668,11222518,0,0,
GPU,3,0.000,0.000,0.000,17803881,11563346,45886,45886,
GPU,3,0.000,0.000,0.000,17803881,11563346,45886,45886,
GPU,3,0.000,0.000,0.000,17658013,11220196,0,0,
GPU,3,0.000,0.000,0.000,17658013,11220196,0,0,
GPU,3,0.000,0.000,0.000,17661465,11222389,0,0,
GPU,3,0.000,0.000,0.000,17661465,11222389,0,0,
GPU,3,0.000,0.000,0.000,18019844,11532700,0,0,
GPU,3,0.000,0.000,0.000,18019844,11532700,0,0,
GPU,3,0.000,0.000,0.000,17306748,11062045,0,0,
GPU,3,0.000,0.000,0.000,17306748,11062045,0,0,
GPU,3,0.000,0.000,0.000,17643004,11210659,0,0,
GPU,3,0.000,0.000,0.000,17643004,11210659,0,0,
GPU,3,0.000,0.000,0.000,17294512,11039050,0,0,
GPU,3,0.000,0.000,0.000,17294512,11039050,0,0,
GPU,3,0.000,0.000,0.000,17613870,11375624,0,0,
GPU,3,0.000,0.000,0.000,17657607,11219938,0,0,
GPU,3,0.000,0.000,0.000,17657607,11219938,0,0,
GPU,3,0.000,0.000,0.000,17658013,11404133,45984,45984,
GPU,3,0.000,0.000,0.000,17658013,11404133,45984,45984,
GPU,3,0.000,0.000,0.000,17853519,11361330,0,0,
GPU,3,0.000,0.000,0.000,17853519,11361330,0,0,
GPU,3,0.000,0.000,0.000,17273617,11040869,0,0,
GPU,3,0.000,0.000,0.000,17273617,11040869,0,0,
GPU,3,0.000,0.000,0.000,17424199,11188169,0,0,
GPU,3,0.000,0.000,0.000,17424199,11188169,0,0,
GPU,3,0.000,0.000,0.000,16876089,11006145,0,0,
GPU,3,0.000,0.000,0.000,16876089,11006145,0,0,
GPU,3,0.000,0.000,0.000,17931775,11394148,0,0,
GPU,3,0.000,0.000,0.000,17931775,11394148,0,0,
GPU,3,0.000,0.000,0.000,17843797,11221357,0,0,
GPU,3,0.000,0.000,0.000,17843797,11221357,0,0,
GPU,3,0.000,0.000,0.000,17618315,11378495,0,0,
GPU,3,0.000,0.000,0.000,17618315,11378495,0,0,
GPU,3,0.000,0.000,0.000,17870237,11552476,0,0,
GPU,3,0.000,0.000,0.000,17870237,11552476,0,0,
GPU,3,0.000,0.000,0.000,17308678,11063279,44609,44609,
GPU,3,0.000,0.000,0.000,17630246,11202552,0,0,
GPU,3,0.000,0.000,0.000,17630246,11202552,0,0,
GPU,3,0.000,0.000,0.000,17451405,11205639,0,0,
GPU,3,0.000,0.000,0.000,17451405,11205639,0,0,
GPU,3,0.000,0.000,0.000,17846670,11407150,0,0,
GPU,3,0.000,0.000,0.000,17846670,11407150,0,0,
GPU,3,0.000,0.000,0.000,17656390,11219164,0,0,
GPU,3,0.000,0.000,0.000,17656390,11219164,0,0,
GPU,3,0.000,0.000,0.000,17659028,11220841,0,0,
GPU,3,0.000,0.000,0.000,17659028,11220841,0,0,
GPU,3,0.000,0.000,0.000,19433440,11809552,0,0,
GPU,3,0.000,0.000,0.000,19433440,11809552,0,0,
GPU,3,0.000,0.000,0.000,17328777,11076126,0,0,
GPU,3,0.000,0.000,0.000,17328777,11076126,0,0,
GPU,3,0.000,0.000,0.000,17820031,11206411,0,0,
GPU,3,0.000,0.000,0.000,17820031,11206411,0,0,
GPU,3,0.000,0.000,0.000,17249486,11193815,45876,45876,
GPU,3,0.000,0.000,0.000,17249486,11193815,45876,45876,
GPU,3,0.000,0.000,0.000,17614880,11376277,0,0,
GPU,3,0.000,0.000,0.000,17614880,11376277,0,0,
GPU,3,0.000,0.000,0.000,17651723,11216199,0,0,
GPU,3,0.000,0.000,0.000,17651723,11216199,0,0,
GPU,3,0.000,0.000,0.000,17643612,11394833,0,0,
GPU,3,0.000,0.000,0.000,17643612,11394833,0,0,
GPU,3,0.000,0.000,0.000,17963197,11496446,0,0,
GPU,3,0.000,0.000,0.000,17963197,11496446,0,0,
GPU,3,0.000,0.000,0.000,17350087,10910879,0,0,
GPU,3,0.000,0.000,0.000,17639965,11392477,0,0,
GPU,3,0.000,0.000,0.000,17639965,11392477,0,0,
GPU,3,0.000,0.000,0.000,17840926,11219551,0,0,
GPU,3,0.000,0.000,0.000,17840926,11219551,0,0,
GPU,3,0.000,0.000,0.000,17653954,11401512,0,0,
GPU,3,0.000,0.000,0.000,17653954,11401512,0,0,
GPU,3,0.000,0.000,0.000,17632068,11387377,45916,45916,
GPU,3,0.000,0.000,0.000,17632068,11387377,45916,45916,
GPU,3,0.000,0.000,0.000,17651520,11216070,0,0,
GPU,3,0.000,0.000,0.000,17651520,11216070,0,0,
GPU,3,0.000,0.000,0.000,18272863,11596240,0,0,
GPU,3,0.000,0.000,0.000,18272863,11596240,0,0,
GPU,3,0.000,0.000,0.000,14410934,9211112,0,0,
GPU,3,0.000,0.000,0.000,14410934,9211112,0,0,
GPU,3,0.000,0.000,0.000,17643410,11210916,0,0,
GPU,3,0.000,0.000,0.000,17643410,11210916,0,0,
GPU,3,0.000,0.000,0.000,17668779,11411086,0,0,
GPU,3,0.000,0.000,0.000,17668779,11411086,0,0,
GPU,3,0.000,0.000,0.000,17647058,11213235,0,0,
GPU,3,0.000,0.000,0.000,17647058,11213235,0,0,
GPU,3,0.000,0.000,0.000,17628021,11384763,0,0,
GPU,3,0.000,0.000,0.000,17628021,11384763,0,0,
GPU,3,0.000,0.000,0.000,17831906,11397713,45958,45958,
GPU,3,0.000,0.000,0.000,17831906,11397713,45958,45958,
GPU,3,0.000,0.000,0.000,18023287,11264554,0,0,
GPU,3,0.000,0.000,0.000,18023287,11264554,0,0,
GPU,3,0.000,0.000,0.000,16579571,10696498,0,0,
GPU,3,0.000,0.000,0.000,16579571,10696498,0,0,
GPU,3,0.000,0.000,0.000,17568541,11346349,0,0,
GPU,3,0.000,0.000,0.000,17568541,11346349,0,0,
GPU,3,0.000,0.000,0.000,17645437,11212204,0,0,
GPU,3,0.000,0.000,0.000,17645437,11212204,0,0,
GPU,3,0.000,0.000,0.000,17594904,11363376,0,0,
GPU,3,0.000,0.000,0.000,17627414,11200752,0,0,
GPU,3,0.000,0.000,0.000,17627414,11200752,0,0,
GPU,3,0.000,0.000,0.000,17634699,11205382,0,0,
GPU,3,0.000,0.000,0.000,17634699,11205382,0,0,
GPU,3,0.000,0.000,0.000,18859222,11643519,0,0,
GPU,3,0.000,0.000,0.000,18859222,11643519,0,0,
GPU,3,0.000,0.000,0.000,17267467,11214953,44503,44503,
GPU,3,0.000,0.000,0.000,17267467,11214953,44503,44503,
GPU,3,0.000,0.000,0.000,17665528,11224970,0,0,
GPU,3,0.000,0.000,0.000,17665528,11224970,0,0,
GPU,3,0.000,0.000,0.000,17665934,11409249,0,0,
GPU,3,0.000,0.000,0.000,17665934,11409249,0,0,
GPU,3,0.000,0.000,0.000,17836005,11216456,0,0,
GPU,3,0.000,0.000,0.000,17836005,11216456,0,0,
GPU,3,0.000,0.000,0.000,17640168,11392608,0,0,
GPU,3,0.000,0.000,0.000,17640168,11392608,0,0,
GPU,3,0.000,0.000,0.000,17622156,11197411,0,0,
GPU,3,0.000,0.000,0.000,17622156,11197411,0,0,
GPU,3,0.000,0.000,0.000,19670553,11688300,0,0,
GPU,3,0.000,0.000,0.000,19670553,11688300,0,0,
GPU,3,0.000,0.000,0.000,17338651,11082436,0,0,
GPU,3,0.000,0.000,0.000,17338651,11082436,0,0,
GPU,3,0.000,0.000,0.000,17803473,11379539,0,0,
GPU,3,0.000,0.000,0.000,17803473,11379539,0,0,
GPU,3,0.000,0.000,0.000,17621145,11380323,45888,45888,
GPU,3,0.000,0.000,0.000,17621145,11380323,45888,45888,
GPU,3,0.000,0.000,0.000,17670608,11228199,0,0,
GPU,3,0.000,0.000,0.000,17670608,11228199,0,0,
GPU,3,0.000,0.000,0.000,17652534,11400595,0,0,
GPU,3,0.000,0.000,0.000,17652534,11400595,0,0,
GPU,3,0.000,0.000,0.000,17659435,11221099,0,0,
GPU,3,0.000,0.000,0.000,17659435,11221099,0,0,
GPU,3,0.000,0.000,0.000,17990262,11513768,0,0,
GPU,3,0.000,0.000,0.000,17990262,11513768,0,0,
GPU,3,0.000,0.000,0.000,17362315,11097562,0,0,
GPU,3,0.000,0.000,0.000,17654360,11217875,0,0,
GPU,3,0.000,0.000,0.000,17654360,11217875,0,0,
GPU,3,0.000,0.000,0.000,17646247,11396535,0,0,
GPU,3,0.000,0.000,0.000,17646247,11396535,0,0,
GPU,3,0.000,0.000,0.000,17480909,11224583,0,0,
GPU,3,0.000,0.000,0.000,17480909,11224583,0,0,
GPU,3,0.000,0.000,0.000,17628425,11385025,45907,45907,
GPU,3,0.000,0.000,0.000,17628425,11385025,45907,45907,
GPU,3,0.000,0.000,0.000,17645437,11212204,0,0,
GPU,3,0.000,0.000,0.000,17645437,11212204,0,0,
GPU,3,0.000,0.000,0.000,18798086,11644832,0,0,
GPU,3,0.000,0.000,0.000,18798086,11644832,0,0,
GPU,3,0.000,0.000,0.000,15027547,9605236,0,0,
GPU,3,0.000,0.000,0.000,15027547,9605236,0,0,
GPU,3,0.000,0.000,0.000,17643207,11210788,0,0,
GPU,3,0.000,0.000,0.000,17643207,11210788,0,0,
GPU,3,0.000,0.000,0.000,17827918,11328156,0,0,
GPU,3,0.000,0.000,0.000,17827918,11328156,0,0,
GPU,3,0.000,0.000,0.000,17646653,11396796,0,0,
GPU,3,0.000,0.000,0.000,17646653,11396796,0,0,
GPU,3,0.000,0.000,0.000,17629639,11202166,0,0,
GPU,3,0.000,0.000,0.000,17629639,11202166,0,0,
GPU,3,0.000,0.000,0.000,17634497,11388946,0,45923,
GPU,3,0.000,0.000,0.000,17634497,11388946,0,45923,
GPU,3,0.000,0.000,0.000,18078074,11389187,45195,0,
GPU,3,0.000,0.000,0.000,18078074,11389187,45195,0,
GPU,3,0.000,0.000,0.000,16557986,10860614,0,0,
GPU,3,0.000,0.000,0.000,16557986,10860614,0,0,
GPU,3,0.000,0.000,0.000,17814508,11202938,0,0,
GPU,3,0.000,0.000,0.000,17814508,11202938,0,0,
GPU,3,0.000,0.000,0.000,17455814,11208470,0,0,
GPU,3,0.000,0.000,0.000,17083027,11021307,0,0,
GPU,3,0.000,0.000,0.000,17083027,11021307,0,0,
GPU,3,0.000,0.000,0.000,17657810,11404002,0,0,
GPU,3,0.000,0.000,0.000,17657810,11404002,0,0,
GPU,3,0.000,0.000,0.000,17819622,11206154,0,0,
GPU,3,0.000,0.000,0.000,17819622,11206154,0,0,
GPU,3,0.000,0.000,0.000,18703970,11534115,0,0,
GPU,3,0.000,0.000,0.000,18703970,11534115,0,0,
GPU,3,0.000,0.000,0.000,17314858,11067228,44625,44625,
GPU,3,0.000,0.000,0.000,17314858,11067228,44625,44625,
GPU,3,0.000,0.000,0.000,17637939,11207441,0,0,
GPU,3,0.000,0.000,0.000,17637939,11207441,0,0,
GPU,3,0.000,0.000,0.000,17599743,11366500,0,0,
GPU,3,0.000,0.000,0.000,17599743,11366500,0,0,
GPU,3,0.000,0.000,0.000,17090286,11025991,0,0,
GPU,3,0.000,0.000,0.000,17090286,11025991,0,0,
GPU,3,0.000,0.000,0.000,17597122,11181504,0,0,
GPU,3,0.000,0.000,0.000,17597122,11181504,0,0,
GPU,3,0.000,0.000,0.000,17815735,11387377,0,0,
GPU,3,0.000,0.000,0.000,17815735,11387377,0,0,
GPU,3,0.000,0.000,0.000,19641577,11756272,0,0,
GPU,3,0.000,0.000,0.000,19641577,11756272,0,0,
GPU,3,0.000,0.000,0.000,17345433,11086771,0,0,
GPU,3,0.000,0.000,0.000,17345433,11086771,0,0,
GPU,3,0.000,0.000,0.000,17641383,11209629,0,0,
GPU,3,0.000,0.000,0.000,17641383,11209629,0,0,
GPU,3,0.000,0.000,0.000,17644220,11395225,0,0,
GPU,3,0.000,0.000,0.000,17644220,11395225,0,0,
GPU,3,0.000,0.000,0.000,17302869,11044384,0,0,
GPU,3,0.000,0.000,0.000,17302869,11044384,0,0,
GPU,3,0.000,0.000,0.000,17650709,11215554,0,0,
GPU,3,0.000,0.000,0.000,17650709,11215554,0,0,
GPU,3,0.000,0.000,0.000,17665528,11408986,0,0,
GPU,3,0.000,0.000,0.000,17665528,11408986,0,0,
GPU,3,0.000,0.000,0.000,18003420,11522189,0,0,
GPU,3,0.000,0.000,0.000,18003420,11522189,0,0,
GPU,3,0.000,0.000,0.000,17426649,11138683,0,0,
GPU,3,0.000,0.000,0.000,17634902,11205510,0,0,
GPU,3,0.000,0.000,0.000,17634902,11205510,0,0,
GPU,3,0.000,0.000,0.000,17655578,11402560,0,0,
GPU,3,0.000,0.000,0.000,17655578,11402560,0,0,
GPU,3,0.000,0.000,0.000,16865067,10815641,0,0,
GPU,3,0.000,0.000,0.000,16865067,10815641,0,0,
GPU,3,0.000,0.000,0.000,17642599,11394178,0,0,
GPU,3,0.000,0.000,0.000,17642599,11394178,0,0,
GPU,3,0.000,0.000,0.000,17655984,11218906,0,0,
GPU,3,0.000,0.000,0.000,17655984,11218906,0,0,
GPU,3,0.000,0.000,0.000,18335406,11525112,0,0,
GPU,3,0.000,0.000,0.000,18335406,11525112,0,0,
GPU,3,0.000,0.000,0.000,14406865,9114547,0,0,
GPU,3,0.000,0.000,0.000,14406865,9114547,0,0,
GPU,3,0.000,0.000,0.000,17613264,11191762,0,0,
GPU,3,0.000,0.000,0.000,17613264,11191762,0,0,
GPU,3,0.000,0.000,0.000,17460828,11211689,0,0,
GPU,3,0.000,0.000,0.000,17460828,11211689,0,0,
GPU,3,0.000,0.000,0.000,16878217,11007533,0,0,
GPU,3,0.000,0.000,0.000,16878217,11007533,0,0,
GPU,3,0.000,0.000,0.000,17642802,11394309,0,0,
GPU,3,0.000,0.000,0.000,17642802,11394309,0,0,
GPU,3,0.000,0.000,0.000,17657810,11220067,0,0,
GPU,3,0.000,0.000,0.000,17657810,11220067,0,0,
GPU,3,0.000,0.000,0.000,18046876,11550001,0,0,
GPU,3,0.000,0.000,0.000,18046876,11550001,0,0,
GPU,3,0.000,0.000,0.000,17285545,10870291,0,0,
GPU,3,0.000,0.000,0.000,17285545,10870291,0,0,
GPU,3,0.000,0.000,0.000,17818599,11389207,0,0,
GPU,3,0.000,0.000,0.000,17818599,11389207,0,0,
GPU,3,0.000,0.000,0.000,17643207,11210788,0,0,
GPU,3,0.000,0.000,0.000,17267905,11205768,0,0,
GPU,3,0.000,0.000,0.000,17267905,11205768,0,0,
GPU,3,0.000,0.000,0.000,17626807,11200367,0,0,
GPU,3,0.000,0.000,0.000,17626807,11200367,0,0,
GPU,3,0.000,0.000,0.000,17603777,11369106,0,0,
GPU,3,0.000,0.000,0.000,17603777,11369106,0,0,
GPU,3,0.000,0.000,0.000,19033268,11578571,0,0,
GPU,3,0.000,0.000,0.000,19033268,11578571,0,0,
GPU,3,0.000,0.000,0.000,17307134,11062292,0,0,
GPU,3,0.000,0.000,0.000,17307134,11062292,0,0,
GPU,3,0.000,0.000,0.000,17618113,11378365,0,0,
GPU,3,0.000,0.000,0.000,17618113,11378365,0,0,
GPU,3,0.000,0.000,0.000,17651926,11216328,0,0,
GPU,3,0.000,0.000,0.000,17651926,11216328,0,0,
GPU,3,0.000,0.000,0.000,17454812,11207827,0,0,
GPU,3,0.000,0.000,0.000,17454812,11207827,0,0,
GPU,3,0.000,0.000,0.000,17624178,11198696,0,0,
GPU,3,0.000,0.000,0.000,17624178,11198696,0,0,
GPU,3,0.000,0.000,0.000,17657810,11404002,0,0,
GPU,3,0.000,0.000,0.000,17657810,11404002,0,0,
GPU,3,0.000,0.000,0.000,19770596,11747745,0,0,
GPU,3,0.000,0.000,0.000,19770596,11747745,0,0,
GPU,3,0.000,0.000,0.000,17342526,11084913,0,0,
GPU,3,0.000,0.000,0.000,17342526,11084913,0,0,
GPU,3,0.000,0.000,0.000,17613264,11191762,0,0,
GPU,3,0.000,0.000,0.000,17613264,11191762,0,0,
GPU,3,0.000,0.000,0.000,17632068,11387377,0,0,
GPU,3,0.000,0.000,0.000,17632068,11387377,0,0,
GPU,3,0.000,0.000,0.000,17086558,11023585,0,0,
GPU,3,0.000,0.000,0.000,17086558,11023585,0,0,
GPU,3,0.000,0.000,0.000,17647261,11213364,0,0,
GPU,3,0.000,0.000,0.000,17647261,11213364,0,0,
GPU,3,0.000,0.000,0.000,17660247,11221615,0,0,
GPU,3,0.000,0.000,0.000,17660247,11221615,0,0,
GPU,3,0.000,0.000,0.000,17947883,11486645,0,0,
GPU,3,0.000,0.000,0.000,17947883,11486645,0,0,
GPU,3,0.000,0.000,0.000,17121455,11057606,0,0,
GPU,3,0.000,0.000,0.000,17240588,11004631,0,0,
GPU,3,0.000,0.000,0.000,17240588,11004631,0,0,
GPU,3,0.000,0.000,0.000,17582417,11355311,0,0,
GPU,3,0.000,0.000,0.000,17582417,11355311,0,0,
GPU,3,0.000,0.000,0.000,17620943,11196641,0,0,
GPU,3,0.000,0.000,0.000,17620943,11196641,0,0,
GPU,3,0.000,0.000,0.000,17808785,11382934,0,0,
GPU,3,0.000,0.000,0.000,17808785,11382934,0,0,
GPU,3,0.000,0.000,0.000,17654360,11217875,0,0,
GPU,3,0.000,0.000,0.000,17654360,11217875,0,0,
GPU,3,0.000,0.000,0.000,18058091,11507607,0,0,
GPU,3,0.000,0.000,0.000,18058091,11507607,0,0,
GPU,3,0.000,0.000,0.000,14255010,9111449,0,0,
GPU,3,0.000,0.000,0.000,14255010,9111449,0,0,
GPU,3,0.000,0.000,0.000,17653346,11217230,0,0,
GPU,3,0.000,0.000,0.000,17653346,11217230,0,0,
GPU,3,0.000,0.000,0.000,17665324,11408855,0,0,
GPU,3,0.000,0.000,0.000,17665324,11408855,0,0,
GPU,3,0.000,0.000,0.000,17647261,11213364,0,0,
GPU,3,0.000,0.000,0.000,17647261,11213364,0,0,
GPU,3,0.000,0.000,0.000,17625998,11199853,0,0,
GPU,3,0.000,0.000,0.000,17625998,11199853,0,0,
GPU,3,0.000,0.000,0.000,17302471,11228199,0,0,
GPU,3,0.000,0.000,0.000,17302471,11228199,0,0,
GPU,3,0.000,0.000,0.000,18050541,11552346,0,0,
GPU,3,0.000,0.000,0.000,18050541,11552346,0,0,
GPU,3,0.000,0.000,0.000,17094207,10861944,0,0,
GPU,3,0.000,0.000,0.000,17459624,11210916,0,0,
GPU,3,0.000,0.000,0.000,17459624,11210916,0,0,
GPU,3,0.000,0.000,0.000,17657404,11219809,0,0,
GPU,3,0.000,0.000,0.000,17657404,11219809,0,0,
GPU,3,0.000,0.000,0.000,17656187,11219035,0,0,
GPU,3,0.000,0.000,0.000,17656187,11219035,0,0,
GPU,3,0.000,0.000,0.000,17786130,11368454,0,0,
GPU,3,0.000,0.000,0.000,17786130,11368454,0,0,
GPU,3,0.000,0.000,0.000,17650506,11399285,0,0,
GPU,3,0.000,0.000,0.000,17650506,11399285,0,0,
GPU,3,0.000,0.000,0.000,17650506,11399285,0,0,
GPU,3,0.000,0.000,0.000,17650506,11399285,0,0,
GPU,3,0.000,0.000,0.000,17650506,11399285,0,0,
GPU,3,0.000,0.000,0.000,6921080,4404323,0,0,
GPU,3,0.000,0.000,0.000,6921080,4404323,0,0,
GPU,3,0.000,0.000,0.000,17713255,11321874,0,0,
GPU,3,0.000,0.000,0.000,17713255,11321874,0,0,
GPU,3,0.000,0.000,0.000,17925410,11457479,0,0,
GPU,3,0.000,0.000,0.000,17925410,11457479,0,0,
GPU,3,0.000,0.000,0.000,16883831,10827674,0,0,
GPU,3,0.000,0.000,0.000,16883831,10827674,0,0,
GPU,3,0.000,0.000,0.000,17641383,11393393,0,0,
GPU,3,0.000,0.000,0.000,17635509,11205896,0,0,
GPU,3,0.000,0.000,0.000,17635509,11205896,0,0,
GPU,3,0.000,0.000,0.000,18176296,11517653,0,0,
GPU,3,0.000,0.000,0.000,18176296,11517653,0,0,
GPU,3,0.000,0.000,0.000,18176296,11517653,0,0,
GPU,3,0.000,0.000,0.000,13888888,8877434,0,0,
GPU,3,0.000,0.000,0.000,13888888,8877434,0,0,
GPU,3,0.000,0.000,0.000,17627818,11384633,0,0,
GPU,3,0.000,0.000,0.000,17627818,11384633,0,0,
GPU,3,0.000,0.000,0.000,17613870,11192147,0,0,
GPU,3,0.000,0.000,0.000,16873767,10821220,0,0,
GPU,3,0.000,0.000,0.000,16873767,10821220,0,0,
GPU,3,0.000,0.000,0.000,17652737,11400726,0,0,
GPU,3,0.000,0.000,0.000,17652737,11400726,0,0,
GPU,3,0.000,0.000,0.000,17652737,11400726,0,0,
GPU,3,0.000,0.000,0.000,17656187,11219035,0,0,
GPU,3,0.000,0.000,0.000,17656187,11219035,0,0,
GPU,3,0.000,0.000,0.000,20058090,11865349,0,0,
GPU,3,0.000,0.000,0.000,20058090,11865349,0,0,
GPU,3,0.000,0.000,0.000,17232481,11129310,0,0,
GPU,3,0.000,0.000,0.000,17819622,11206154,0,0,
GPU,3,0.000,0.000,0.000,17819622,11206154,0,0,
GPU,3,0.000,0.000,0.000,17449402,11204353,0,0,
GPU,3,0.000,0.000,0.000,17449402,11204353,0,0,
GPU,3,0.000,0.000,0.000,17272466,11208728,0,0,
GPU,3,0.000,0.000,0.000,17272466,11208728,0,0,
GPU,3,0.000,0.000,0.000,17645234,11212075,0,0,
GPU,3,0.000,0.000,0.000,17645234,11212075,0,0,
GPU,3,0.000,0.000,0.000,17645234,11212075,0,0,
GPU,3,0.000,0.000,0.000,17619124,11195485,0,0,
GPU,3,0.000,0.000,0.000,19592307,11813008,0,0,
GPU,3,0.000,0.000,0.000,19592307,11813008,0,0,
GPU,3,0.000,0.000,0.000,17208348,10934471,0,0,
GPU,3,0.000,0.000,0.000,17208348,10934471,0,0,
GPU,3,0.000,0.000,0.000,17619124,11195485,0,0,
GPU,3,0.000,0.000,0.000,17619124,11195485,0,0,
GPU,3,0.000,0.000,0.000,17637332,11390777,0,0,
GPU,3,0.000,0.000,0.000,17637332,11390777,0,0,
GPU,3,0.000,0.000,0.000,17103251,11034355,0,0,
GPU,3,0.000,0.000,0.000,17103251,11034355,0,0,
GPU,3,0.000,0.000,0.000,17620134,11196127,0,0,
GPU,3,0.000,0.000,0.000,17620134,11196127,0,0,
GPU,3,0.000,0.000,0.000,20163831,11927900,0,0,
GPU,3,0.000,0.000,0.000,20163831,11927900,0,0,
GPU,3,0.000,0.000,0.000,17538250,11326786,0,0,
GPU,3,0.000,0.000,0.000,17538250,11326786,0,0,
GPU,3,0.000,0.000,0.000,16483393,10570871,0,0,
GPU,3,0.000,0.000,0.000,16483393,10570871,0,0,
GPU,3,0.000,0.000,0.000,17611043,11373798,0,0,
GPU,3,0.000,0.000,0.000,17611043,11373798,0,0,
GPU,3,0.000,0.000,0.000,17643207,11210788,0,0,
GPU,3,0.000,0.000,0.000,17643207,11210788,0,0,
GPU,3,0.000,0.000,0.000,17476286,11221615,0,0,
GPU,3,0.000,0.000,0.000,17476286,11221615,0,0,
GPU,3,0.000,0.000,0.000,17656390,11219164,0,0,
GPU,3,0.000,0.000,0.000,17656390,11219164,0,0,
GPU,3,0.000,0.000,0.000,19189328,11700810,0,0,
GPU,3,0.000,0.000,0.000,19189328,11700810,0,0,
GPU,3,0.000,0.000,0.000,17747284,11343624,0,0,
GPU,3,0.000,0.000,0.000,17747284,11343624,0,0,
GPU,3,0.000,0.000,0.000,17214134,11117461,0,0,
GPU,3,0.000,0.000,0.000,17214134,11117461,0,0,
GPU,3,0.000,0.000,0.000,17834365,11215425,0,0,
GPU,3,0.000,0.000,0.000,17466646,11215425,0,0,
GPU,3,0.000,0.000,0.000,17466646,11215425,0,0,
GPU,3,0.000,0.000,0.000,17281794,11214781,0,0,
GPU,3,0.000,0.000,0.000,17281794,11214781,0,0,
GPU,3,0.000,0.000,0.000,17643004,11210659,0,0,
GPU,3,0.000,0.000,0.000,17643004,11210659,0,0,
GPU,3,0.000,0.000,0.000,17643004,11210659,0,0,
GPU,3,0.000,0.000,0.000,19916067,11807383,0,0,
GPU,3,0.000,0.000,0.000,19916067,11807383,0,0,
GPU,3,0.000,0.000,0.000,13318650,8601628,0,0,
GPU,3,0.000,0.000,0.000,13318650,8601628,0,0,
GPU,3,0.000,0.000,0.000,17766584,11172800,0,0,
GPU,3,0.000,0.000,0.000,17766584,11172800,0,0,
GPU,3,0.000,0.000,0.000,17973741,11608041,0,0,
GPU,3,0.000,0.000,0.000,17973741,11608041,0,0,
GPU,3,0.000,0.000,0.000,17636724,11206668,0,0,
GPU,3,0.000,0.000,0.000,17636724,11206668,0,0,
GPU,3,0.000,0.000,0.000,17603575,11368975,0,0,
GPU,3,0.000,0.000,0.000,17603575,11368975,0,0,
GPU,3,0.000,0.000,0.000,17802044,11195099,0,0,
GPU,3,0.000,0.000,0.000,17996940,11518041,0,0,
GPU,3,0.000,0.000,0.000,17996940,11518041,0,0,
GPU,3,0.000,0.000,0.000,17996940,11518041,0,0,
GPU,3,0.000,0.000,0.000,12860883,8220358,0,0,
GPU,3,0.000,0.000,0.000,12860883,8220358,0,0,
GPU,3,0.000,0.000,0.000,17605997,11370539,0,0,
GPU,3,0.000,0.000,0.000,17605997,11370539,0,0,
GPU,3,0.000,0.000,0.000,17473272,11219680,0,0,
GPU,3,0.000,0.000,0.000,17473272,11219680,0,0,
GPU,3,0.000,0.000,0.000,17641788,11209886,0,0,
GPU,3,0.000,0.000,0.000,17641788,11209886,0,0,
GPU,3,0.000,0.000,0.000,17652940,11216972,0,0,
GPU,3,0.000,0.000,0.000,17652940,11216972,0,0,
GPU,3,0.000,0.000,0.000,17875859,11425807,0,0,
GPU,3,0.000,0.000,0.000,17875859,11425807,0,0,
GPU,3,0.000,0.000,0.000,19345442,11577954,0,0,
GPU,3,0.000,0.000,0.000,19345442,11577954,0,0,
GPU,3,0.000,0.000,0.000,15616580,10085708,0,0,
GPU,3,0.000,0.000,0.000,15616580,10085708,0,0,
GPU,3,0.000,0.000,0.000,17604786,11186374,0,0,
GPU,3,0.000,0.000,0.000,17604786,11186374,0,0,
GPU,3,0.000,0.000,0.000,17643612,11211045,0,0,
GPU,3,0.000,0.000,0.000,17643612,11211045,0,0,
GPU,3,0.000,0.000,0.000,17481512,11224970,0,0,
GPU,3,0.000,0.000,0.000,17481512,11224970,0,0,
GPU,3,0.000,0.000,0.000,17660856,11405969,0,0,
GPU,3,0.000,0.000,0.000,17660856,11405969,0,0,
GPU,3,0.000,0.000,0.000,19972699,11926144,0,0,
GPU,3,0.000,0.000,0.000,19972699,11926144,0,0,
GPU,3,0.000,0.000,0.000,17919385,11336754,0,0,
GPU,3,0.000,0.000,0.000,17919385,11336754,0,0,
GPU,3,0.000,0.000,0.000,17017465,10927004,0,0,
GPU,3,0.000,0.000,0.000,17017465,10927004,0,0,
GPU,3,0.000,0.000,0.000,17636319,11206411,0,0,
GPU,3,0.000,0.000,0.000,17636319,11206411,0,0,
GPU,3,0.000,0.000,0.000,17654969,11402167,0,0,
GPU,3,0.000,0.000,0.000,17255423,11014100,0,0,
GPU,3,0.000,0.000,0.000,17255423,11014100,0,0,
GPU,3,0.000,0.000,0.000,17651723,11216199,0,0,
GPU,3,0.000,0.000,0.000,17651723,11216199,0,0,
GPU,3,0.000,0.000,0.000,17651723,11216199,0,0,
GPU,3,0.000,0.000,0.000,19201362,11768577,0,0,
GPU,3,0.000,0.000,0.000,17754389,11348166,0,0,
GPU,3,0.000,0.000,0.000,17754389,11348166,0,0,
GPU,3,0.000,0.000,0.000,17637967,11091917,0,0,
GPU,3,0.000,0.000,0.000,17637967,11091917,0,0,
GPU,3,0.000,0.000,0.000,17565527,11344403,0,0,
GPU,3,0.000,0.000,0.000,17565527,11344403,0,0,
GPU,3,0.000,0.000,0.000,17653954,11217617,0,0,
GPU,3,0.000,0.000,0.000,17653954,11217617,0,0,
GPU,3,0.000,0.000,0.000,17162876,11137611,0,0,
GPU,3,0.000,0.000,0.000,17162876,11137611,0,0,
GPU,3,0.000,0.000,0.000,17655172,11218390,0,0,
GPU,3,0.000,0.000,0.000,17655172,11218390,0,0,
GPU,3,0.000,0.000,0.000,19942842,11823256,0,0,
GPU,3,0.000,0.000,0.000,19942842,11823256,0,0,
GPU,3,0.000,0.000,0.000,19942842,11823256,0,0,
GPU,3,0.000,0.000,0.000,13364678,8542371,0,0,
GPU,3,0.000,0.000,0.000,13364678,8542371,0,0,
GPU,3,0.000,0.000,0.000,17551878,11335588,0,0,
GPU,3,0.000,0.000,0.000,17551878,11335588,0,0,
GPU,3,0.000,0.000,0.000,17619932,11195998,0,0,
GPU,3,0.000,0.000,0.000,17619932,11195998,0,0,
GPU,3,0.000,0.000,0.000,17638952,11391823,0,0,
GPU,3,0.000,0.000,0.000,17480909,11224583,0,0,
GPU,3,0.000,0.000,0.000,17480909,11224583,0,0,
GPU,3,0.000,0.000,0.000,17644423,11211560,0,0,
GPU,3,0.000,0.000,0.000,17644423,11211560,0,0,
GPU,3,0.000,0.000,0.000,18134889,11491415,0,0,
GPU,3,0.000,0.000,0.000,18134889,11491415,0,0,
GPU,3,0.000,0.000,0.000,18134889,11491415,0,0,
GPU,3,0.000,0.000,0.000,12914284,8254491,0,0,
GPU,3,0.000,0.000,0.000,12914284,8254491,0,0,
GPU,3,0.000,0.000,0.000,17616497,11193815,0,0,
GPU,3,0.000,0.000,0.000,17616497,11193815,0,0,
GPU,3,0.000,0.000,0.000,17635307,11389469,0,0,
GPU,3,0.000,0.000,0.000,17635307,11389469,0,0,
GPU,3,0.000,0.000,0.000,17105021,11035497,0,0,
GPU,3,0.000,0.000,0.000,17630853,11202938,0,0,
GPU,3,0.000,0.000,0.000,17630853,11202938,0,0,
GPU,3,0.000,0.000,0.000,17630853,11202938,0,0,
GPU,3,0.000,0.000,0.000,17582417,11355311,0,0,
GPU,3,0.000,0.000,0.000,17582417,11355311,0,0,
GPU,3,0.000,0.000,0.000,19458668,11558156,0,0,
GPU,3,0.000,0.000,0.000,19458668,11558156,0,0,
GPU,3,0.000,0.000,0.000,15626907,10092377,0,0,
GPU,3,0.000,0.000,0.000,15626907,10092377,0,0,
GPU,3,0.000,0.000,0.000,17645639,11212333,0,0,
GPU,3,0.000,0.000,0.000,17645639,11212333,0,0,
GPU,3,0.000,0.000,0.000,17771467,11359082,0,0,
GPU,3,0.000,0.000,0.000,17643410,11210916,0,0,
GPU,3,0.000,0.000,0.000,17643410,11210916,0,0,
GPU,3,0.000,0.000,0.000,17654360,11401774,0,0,
GPU,3,0.000,0.000,0.000,17654360,11401774,0,0,
GPU,3,0.000,0.000,0.000,17654360,11401774,0,0,
GPU,3,0.000,0.000,0.000,20023048,11812157,0,0,
GPU,3,0.000,0.000,0.000,20023048,11812157,0,0,
GPU,3,0.000,0.000,0.000,17715681,11323425,0,0,
GPU,3,0.000,0.000,0.000,17715681,11323425,0,0,
GPU,3,0.000,0.000,0.000,17010609,10922601,0,0,
GPU,3,0.000,0.000,0.000,17469256,11217101,0,0,
GPU,3,0.000,0.000,0.000,17469256,11217101,0,0,
GPU,3,0.000,0.000,0.000,17840926,11403478,0,0,
GPU,3,0.000,0.000,0.000,17840926,11403478,0,0,
GPU,3,0.000,0.000,0.000,17648883,11214394,0,0,
GPU,3,0.000,0.000,0.000,17648883,11214394,0,0,
GPU,3,0.000,0.000,0.000,17623369,11381759,0,0,
GPU,3,0.000,0.000,0.000,17623369,11381759,0,0,
GPU,3,0.000,0.000,0.000,19362021,11772109,0,0,
GPU,3,0.000,0.000,0.000,19362021,11772109,0,0,
GPU,3,0.000,0.000,0.000,17735318,11153138,0,0,
GPU,3,0.000,0.000,0.000,17735318,11153138,0,0,
GPU,3,0.000,0.000,0.000,17189668,11101660,0,0,
GPU,3,0.000,0.000,0.000,17189668,11101660,0,0,
GPU,3,0.000,0.000,0.000,17910238,11380464,0,0,
GPU,3,0.000,0.000,0.000,17910238,11380464,0,0,
GPU,3,0.000,0.000,0.000,17666137,11409380,0,0,
GPU,3,0.000,0.000,0.000,17666137,11409380,0,0,
GPU,3,0.000,0.000,0.000,17651520,11216070,0,0,
GPU,3,0.000,0.000,0.000,17651520,11216070,0,0,
GPU,3,0.000,0.000,0.000,17791024,11371582,0,0,
GPU,3,0.000,0.000,0.000,17791024,11371582,0,0,
GPU,3,0.000,0.000,0.000,19795155,11735699,0,0,
GPU,3,0.000,0.000,0.000,19795155,11735699,0,0,
GPU,3,0.000,0.000,0.000,19795155,11735699,0,0,
GPU,3,0.000,0.000,0.000,13450038,8596932,0,0,
GPU,3,0.000,0.000,0.000,17613264,11191762,0,0,
GPU,3,0.000,0.000,0.000,17613264,11191762,0,0,
GPU,3,0.000,0.000,0.000,17629639,11385809,0,0,
GPU,3,0.000,0.000,0.000,17629639,11385809,0,0,
GPU,3,0.000,0.000,0.000,17658419,11220454,0,0,
GPU,3,0.000,0.000,0.000,17658419,11220454,0,0,
GPU,3,0.000,0.000,0.000,17088912,11025105,0,0,
GPU,3,0.000,0.000,0.000,17088912,11025105,0,0,
GPU,3,0.000,0.000,0.000,17652128,11400333,0,0,
GPU,3,0.000,0.000,0.000,17652128,11400333,0,0,
GPU,3,0.000,0.000,0.000,17978134,11326224,0,0,
GPU,3,0.000,0.000,0.000,17978134,11326224,0,0,
GPU,3,0.000,0.000,0.000,17978134,11326224,0,0,
GPU,3,0.000,0.000,0.000,12975069,8293343,0,0,
GPU,3,0.000,0.000,0.000,17619326,11379148,0,0,
GPU,3,0.000,0.000,0.000,17619326,11379148,0,0,
GPU,3,0.000,0.000,0.000,17590673,11177406,0,0,
GPU,3,0.000,0.000,0.000,17590673,11177406,0,0,
GPU,3,0.000,0.000,0.000,17656593,11219293,0,0,
GPU,3,0.000,0.000,0.000,17656593,11219293,0,0,
GPU,3,0.000,0.000,0.000,17081262,11020169,0,0,
GPU,3,0.000,0.000,0.000,17081262,11020169,0,0,
GPU,3,0.000,0.000,0.000,17653549,11401250,0,0,
GPU,3,0.000,0.000,0.000,17653549,11401250,0,0,
GPU,3,0.000,0.000,0.000,19356540,11497494,0,0,
GPU,3,0.000,0.000,0.000,19356540,11497494,0,0,
GPU,3,0.000,0.000,0.000,15829950,10118112,0,0,
GPU,3,0.000,0.000,0.000,15829950,10118112,0,0,
GPU,3,0.000,0.000,0.000,17656796,11219422,0,0,
GPU,3,0.000,0.000,0.000,17656796,11219422,0,0,
GPU,3,0.000,0.000,0.000,17631663,11387116,0,0,
GPU,3,0.000,0.000,0.000,17631663,11387116,0,0,
GPU,3,0.000,0.000,0.000,17624582,11198953,0,0,
GPU,3,0.000,0.000,0.000,17624582,11198953,0,0,
GPU,3,0.000,0.000,0.000,17226010,11113555,0,0,
GPU,3,0.000,0.000,0.000,17226010,11113555,0,0,
GPU,3,0.000,0.000,0.000,20063414,11894738,0,0,
GPU,3,0.000,0.000,0.000,20063414,11894738,0,0,
GPU,3,0.000,0.000,0.000,17703152,11315417,0,0,
GPU,3,0.000,0.000,0.000,17703152,11315417,0,0,
GPU,3,0.000,0.000,0.000,17178133,11094211,0,0,
GPU,3,0.000,0.000,0.000,17178133,11094211,0,0,
GPU,3,0.000,0.000,0.000,16879959,10825191,0,0,
GPU,3,0.000,0.000,0.000,16879959,10825191,0,0,
GPU,3,0.000,0.000,0.000,17660856,11222002,0,0,
GPU,3,0.000,0.000,0.000,17660856,11222002,0,0,
GPU,3,0.000,0.000,0.000,17645437,11396011,0,0,
GPU,3,0.000,0.000,0.000,17645437,11396011,0,0,
GPU,3,0.000,0.000,0.000,17244146,11006902,0,0,
GPU,3,0.000,0.000,0.000,17244146,11006902,0,0,
GPU,3,0.000,0.000,0.000,19261574,11805481,0,0,
GPU,3,0.000,0.000,0.000,19261574,11805481,0,0,
GPU,3,0.000,0.000,0.000,17744037,11341549,0,0,
GPU,3,0.000,0.000,0.000,17744037,11341549,0,0,
GPU,3,0.000,0.000,0.000,17352803,10912587,0,0,
GPU,3,0.000,0.000,0.000,17352803,10912587,0,0,
GPU,3,0.000,0.000,0.000,17600146,11366761,0,0,
GPU,3,0.000,0.000,0.000,17600146,11366761,0,0,
GPU,3,0.000,0.000,0.000,17656187,11219035,0,0,
GPU,3,0.000,0.000,0.000,17630853,11386593,0,0,
GPU,3,0.000,0.000,0.000,17630853,11386593,0,0,
GPU,3,0.000,0.000,0.000,17292325,11037654,0,0,
GPU,3,0.000,0.000,0.000,17292325,11037654,0,0,
GPU,3,0.000,0.000,0.000,17292325,11037654,0,0,
GPU,3,0.000,0.000,0.000,19716662,11801214,0,0,
GPU,3,0.000,0.000,0.000,19716662,11801214,0,0,
GPU,3,0.000,0.000,0.000,13324747,8516849,0,0,
GPU,3,0.000,0.000,0.000,13324747,8516849,0,0,
GPU,3,0.000,0.000,0.000,17597525,11181760,0,0,
GPU,3,0.000,0.000,0.000,17597525,11181760,0,0,
GPU,3,0.000,0.000,0.000,17615082,11376407,0,0,
GPU,3,0.000,0.000,0.000,17615082,11376407,0,0,
GPU,3,0.000,0.000,0.000,17634497,11205253,0,0,
GPU,3,0.000,0.000,0.000,17634497,11205253,0,0,
GPU,3,0.000,0.000,0.000,17650303,11399154,0,0,
GPU,3,0.000,0.000,0.000,17650303,11399154,0,0,
GPU,3,0.000,0.000,0.000,17665324,11224841,0,0,
GPU,3,0.000,0.000,0.000,17665324,11224841,0,0,
GPU,3,0.000,0.000,0.000,17969048,11500190,0,0,
GPU,3,0.000,0.000,0.000,17969048,11500190,0,0,
GPU,3,0.000,0.000,0.000,12295309,7858857,0,0,
GPU,3,0.000,0.000,0.000,12295309,7858857,0,0,
GPU,3,0.000,0.000,0.000,17607207,11187913,0,0,
GPU,3,0.000,0.000,0.000,17607207,11187913,0,0,
GPU,3,0.000,0.000,0.000,17645031,11395749,0,0,
GPU,3,0.000,0.000,0.000,17645031,11395749,0,0,
GPU,3,0.000,0.000,0.000,17788577,11186631,0,0,
GPU,3,0.000,0.000,0.000,17788577,11186631,0,0,
GPU,3,0.000,0.000,0.000,17464037,11213750,0,0,
GPU,3,0.000,0.000,0.000,17464037,11213750,0,0,
GPU,3,0.000,0.000,0.000,17653549,11401250,0,0,
GPU,3,0.000,0.000,0.000,17653549,11401250,0,0,
GPU,3,0.000,0.000,0.000,19503906,11672792,0,0,
GPU,3,0.000,0.000,0.000,19503906,11672792,0,0,
GPU,3,0.000,0.000,0.000,16496439,10653950,0,0,
GPU,3,0.000,0.000,0.000,16496439,10653950,0,0,
GPU,3,0.000,0.000,0.000,17838260,11217875,0,0,
GPU,3,0.000,0.000,0.000,17838260,11217875,0,0,
GPU,3,0.000,0.000,0.000,17634497,11205253,0,0,
GPU,3,0.000,0.000,0.000,17634497,11205253,0,0,
GPU,3,0.000,0.000,0.000,17581210,11354531,0,0,
GPU,3,0.000,0.000,0.000,17581210,11354531,0,0,
GPU,3,0.000,0.000,0.000,17229331,10997445,0,0,
GPU,3,0.000,0.000,0.000,17229331,10997445,0,0,
GPU,3,0.000,0.000,0.000,19903905,11971189,0,0,
GPU,3,0.000,0.000,0.000,19903905,11971189,0,0,
GPU,3,0.000,0.000,0.000,17734913,11335717,0,0,
GPU,3,0.000,0.000,0.000,17734913,11335717,0,0,
GPU,3,0.000,0.000,0.000,17339813,10904418,0,0,
GPU,3,0.000,0.000,0.000,17339813,10904418,0,0,
GPU,3,0.000,0.000,0.000,17245530,11191248,0,0,
GPU,3,0.000,0.000,0.000,17245530,11191248,0,0,
GPU,3,0.000,0.000,0.000,17618315,11194971,0,0,
GPU,3,0.000,0.000,0.000,17618315,11194971,0,0,
GPU,3,0.000,0.000,0.000,17399493,11121325,0,0,
GPU,3,0.000,0.000,0.000,17399493,11121325,0,0,
GPU,3,0.000,0.000,0.000,16900308,10838241,0,0,
GPU,3,0.000,0.000,0.000,16900308,10838241,0,0,
GPU,3,0.000,0.000,0.000,19015470,11664952,0,0,
GPU,3,0.000,0.000,0.000,19015470,11664952,0,0,
GPU,3,0.000,0.000,0.000,17755608,11348945,0,0,
GPU,3,0.000,0.000,0.000,17755608,11348945,0,0,
GPU,3,0.000,0.000,0.000,17229581,11127438,0,0,
GPU,3,0.000,0.000,0.000,17649492,11214781,0,0,
GPU,3,0.000,0.000,0.000,17649492,11214781,0,0,
GPU,3,0.000,0.000,0.000,17668576,11226907,0,0,
GPU,3,0.000,0.000,0.000,17668576,11226907,0,0,
GPU,3,0.000,0.000,0.000,17826990,11394571,0,0,
GPU,3,0.000,0.000,0.000,17826990,11394571,0,0,
GPU,3,0.000,0.000,0.000,17070484,11013215,0,0,
GPU,3,0.000,0.000,0.000,17070484,11013215,0,0,
GPU,3,0.000,0.000,0.000,19812388,11830418,0,0,
GPU,3,0.000,0.000,0.000,19812388,11830418,0,0,
GPU,3,0.000,0.000,0.000,19812388,11830418,0,0,
GPU,3,0.000,0.000,0.000,13318230,8512683,0,0,
GPU,3,0.000,0.000,0.000,13318230,8512683,0,0,
GPU,3,0.000,0.000,0.000,17607813,11188298,0,0,
GPU,3,0.000,0.000,0.000,17607813,11188298,0,0,
GPU,3,0.000,0.000,0.000,17655781,11218777,0,0,
GPU,3,0.000,0.000,0.000,17655781,11218777,0,0,
GPU,3,0.000,0.000,0.000,17603172,11368715,0,0,
GPU,3,0.000,0.000,0.000,17603172,11368715,0,0,
GPU,3,0.000,0.000,0.000,17616901,11194072,0,0,
GPU,3,0.000,0.000,0.000,17616901,11194072,0,0,
GPU,3,0.000,0.000,0.000,17616901,11194072,0,0,
GPU,3,0.000,0.000,0.000,17616901,11194072,0,0,
GPU,3,0.000,0.000,0.000,17616901,11194072,0,0,
GPU,3,0.000,0.000,0.000,17661871,11222647,0,0,
GPU,3,0.000,0.000,0.000,17661871,11222647,0,0,
GPU,3,0.000,0.000,0.000,24582925,12671611,0,0,
GPU,3,0.000,0.000,0.000,24582925,12671611,0,0,
GPU,3,0.000,0.000,0.000,17786334,11368585,0,0,
GPU,3,0.000,0.000,0.000,17786334,11368585,0,0,
GPU,3,0.000,0.000,0.000,17643612,11211045,0,0,
GPU,3,0.000,0.000,0.000,17643612,11211045,0,0,
GPU,3,0.000,0.000,0.000,17648275,11397844,0,0,
GPU,3,0.000,0.000,0.000,17064220,10825688,0,0,
GPU,3,0.000,0.000,0.000,17064220,10825688,0,0,
GPU,3,0.000,0.000,0.000,17285568,11217230,0,0,
GPU,3,0.000,0.000,0.000,17285568,11217230,0,0,
GPU,3,0.000,0.000,0.000,18015786,11530103,0,0,
GPU,3,0.000,0.000,0.000,18015786,11530103,0,0,
GPU,3,0.000,0.000,0.000,17121455,10879258,0,0,
GPU,3,0.000,0.000,0.000,17121455,10879258,0,0,
GPU,3,0.000,0.000,0.000,17803065,11379278,0,0,
GPU,3,0.000,0.000,0.000,17803065,11379278,0,0,
GPU,3,0.000,0.000,0.000,17647058,11213235,0,0,
GPU,3,0.000,0.000,0.000,17647058,11213235,0,0,
GPU,3,0.000,0.000,0.000,17660247,11405576,0,0,
GPU,3,0.000,0.000,0.000,17660247,11405576,0,0,
GPU,3,0.000,0.000,0.000,17650303,11215296,0,0,
GPU,3,0.000,0.000,0.000,17650303,11215296,0,0,
GPU,3,0.000,0.000,0.000,17645031,11395749,0,0,
GPU,3,0.000,0.000,0.000,17645031,11395749,0,0,
GPU,3,0.000,0.000,0.000,18003623,11342282,0,0,
GPU,3,0.000,0.000,0.000,17285353,11048370,0,0,
GPU,3,0.000,0.000,0.000,17285353,11048370,0,0,
GPU,3,0.000,0.000,0.000,17638750,11207955,0,0,
GPU,3,0.000,0.000,0.000,17638750,11207955,0,0,
GPU,3,0.000,0.000,0.000,17632473,11387638,0,0,
GPU,3,0.000,0.000,0.000,17632473,11387638,0,0,
GPU,3,0.000,0.000,0.000,17641788,11209886,0,0,
GPU,3,0.000,0.000,0.000,17641788,11209886,0,0,
GPU,3,0.000,0.000,0.000,17636724,11390384,0,0,
GPU,3,0.000,0.000,0.000,17636724,11390384,0,0,
GPU,3,0.000,0.000,0.000,17655375,11218519,0,0,
GPU,3,0.000,0.000,0.000,17655375,11218519,0,0,
GPU,3,0.000,0.000,0.000,18072153,11566177,0,0,
GPU,3,0.000,0.000,0.000,18072153,11566177,0,0,
GPU,3,0.000,0.000,0.000,17327617,11075384,0,0,
GPU,3,0.000,0.000,0.000,17327617,11075384,0,0,
GPU,3,0.000,0.000,0.000,17652940,11216972,0,0,
GPU,3,0.000,0.000,0.000,17652940,11216972,0,0,
GPU,3,0.000,0.000,0.000,17654766,11218132,0,0,
GPU,3,0.000,0.000,0.000,17653143,11400988,0,0,
GPU,3,0.000,0.000,0.000,17653143,11400988,0,0,
GPU,3,0.000,0.000,0.000,17645234,11212075,0,0,
GPU,3,0.000,0.000,0.000,17645234,11212075,0,0,
GPU,3,0.000,0.000,0.000,17660044,11221486,0,0,
GPU,3,0.000,0.000,0.000,17660044,11221486,0,0,
GPU,3,0.000,0.000,0.000,17660044,11221486,0,0,
GPU,3,0.000,0.000,0.000,19578034,11865475,0,0,
GPU,3,0.000,0.000,0.000,17436830,11145190,0,0,
GPU,3,0.000,0.000,0.000,17436830,11145190,0,0,
GPU,3,0.000,0.000,0.000,17663699,11223809,0,0,
GPU,3,0.000,0.000,0.000,17663699,11223809,0,0,
GPU,3,0.000,0.000,0.000,17660856,11222002,0,0,
GPU,3,0.000,0.000,0.000,17660856,11222002,0,0,
GPU,3,0.000,0.000,0.000,17648883,11398237,0,0,
GPU,3,0.000,0.000,0.000,17648883,11398237,0,0,
GPU,3,0.000,0.000,0.000,17613264,11375233,0,0,
GPU,3,0.000,0.000,0.000,17613264,11375233,0,0,
GPU,3,0.000,0.000,0.000,17639357,11208341,0,0,
GPU,3,0.000,0.000,0.000,17639357,11208341,0,0,
GPU,3,0.000,0.000,0.000,18000382,11520244,0,0,
GPU,3,0.000,0.000,0.000,18000382,11520244,0,0,
GPU,3,0.000,0.000,0.000,17583797,11124443,0,0,
GPU,3,0.000,0.000,0.000,17583797,11124443,0,0,
GPU,3,0.000,0.000,0.000,17645842,11212462,0,0,
GPU,3,0.000,0.000,0.000,17637737,11391038,0,0,
GPU,3,0.000,0.000,0.000,17637737,11391038,0,0,
GPU,3,0.000,0.000,0.000,17611447,11190607,0,0,
GPU,3,0.000,0.000,0.000,17611447,11190607,0,0,
GPU,3,0.000,0.000,0.000,17444996,11201524,0,0,
GPU,3,0.000,0.000,0.000,17444996,11201524,0,0,
GPU,3,0.000,0.000,0.000,17463837,11213621,0,0,
GPU,3,0.000,0.000,0.000,17463837,11213621,0,0,
GPU,3,0.000,0.000,0.000,18102960,11358720,0,0,
GPU,3,0.000,0.000,0.000,18102960,11358720,0,0,
GPU,3,0.000,0.000,0.000,18102960,11358720,0,0,
GPU,3,0.000,0.000,0.000,13990931,8942657,0,0,
GPU,3,0.000,0.000,0.000,17654766,11402036,0,0,
GPU,3,0.000,0.000,0.000,17654766,11402036,0,0,
GPU,3,0.000,0.000,0.000,17614476,11192532,0,0,
GPU,3,0.000,0.000,0.000,17614476,11192532,0,0,
GPU,3,0.000,0.000,0.000,17836415,11400595,0,0,
GPU,3,0.000,0.000,0.000,17836415,11400595,0,0,
GPU,3,0.000,0.000,0.000,17446197,11202295,0,0,
GPU,3,0.000,0.000,0.000,17446197,11202295,0,0,
GPU,3,0.000,0.000,0.000,17077733,11017892,0,0,
GPU,3,0.000,0.000,0.000,17077733,11017892,0,0,
GPU,3,0.000,0.000,0.000,18041178,11546354,0,0,
GPU,3,0.000,0.000,0.000,18041178,11546354,0,0,
GPU,3,0.000,0.000,0.000,17287085,10871260,0,0,
GPU,3,0.000,0.000,0.000,17287085,10871260,0,0,
GPU,3,0.000,0.000,0.000,17655375,11402429,0,0,
GPU,3,0.000,0.000,0.000,17655375,11402429,0,0,
GPU,3,0.000,0.000,0.000,17254632,11013594,0,0,
GPU,3,0.000,0.000,0.000,17612861,11374972,0,0,
GPU,3,0.000,0.000,0.000,17612861,11374972,0,0,
GPU,3,0.000,0.000,0.000,17848722,11224454,0,0,
GPU,3,0.000,0.000,0.000,17848722,11224454,0,0,
GPU,3,0.000,0.000,0.000,16897786,11020295,0,0,
GPU,3,0.000,0.000,0.000,16897786,11020295,0,0,
GPU,3,0.000,0.000,0.000,19174306,11664369,0,0,
GPU,3,0.000,0.000,0.000,19174306,11664369,0,0,
GPU,3,0.000,0.000,0.000,17327423,11075260,0,0,
GPU,3,0.000,0.000,0.000,17327423,11075260,0,0,
GPU,3,0.000,0.000,0.000,17645031,11395749,0,0,
GPU,3,0.000,0.000,0.000,17645031,11395749,0,0,
GPU,3,0.000,0.000,0.000,17626402,11200110,0,0,
GPU,3,0.000,0.000,0.000,17626402,11200110,0,0,
GPU,3,0.000,0.000,0.000,17616295,11193687,0,0,
GPU,3,0.000,0.000,0.000,17616295,11193687,0,0,
GPU,3,0.000,0.000,0.000,17673251,11413975,0,0,
GPU,3,0.000,0.000,0.000,17673251,11413975,0,0,
GPU,3,0.000,0.000,0.000,17264337,11019789,0,0,
GPU,3,0.000,0.000,0.000,17264337,11019789,0,0,
GPU,3,0.000,0.000,0.000,19667925,11686738,0,0,
GPU,3,0.000,0.000,0.000,19667925,11686738,0,0,
GPU,3,0.000,0.000,0.000,17584808,11421060,0,0,
GPU,3,0.000,0.000,0.000,17584808,11421060,0,0,
GPU,3,0.000,0.000,0.000,17647261,11213364,0,0,
GPU,3,0.000,0.000,0.000,17647261,11213364,0,0,
GPU,3,0.000,0.000,0.000,17840105,11402954,0,0,
GPU,3,0.000,0.000,0.000,17840105,11402954,0,0,
GPU,3,0.000,0.000,0.000,17644220,11211431,0,0,
GPU,3,0.000,0.000,0.000,17644220,11211431,0,0,
GPU,3,0.000,0.000,0.000,17551076,11152246,0,0,
GPU,3,0.000,0.000,0.000,17551076,11152246,0,0,
GPU,3,0.000,0.000,0.000,17123524,11047434,0,0,
GPU,3,0.000,0.000,0.000,17745314,11471718,0,0,
GPU,3,0.000,0.000,0.000,17745314,11471718,0,0,
GPU,3,0.000,0.000,0.000,17061132,10905053,0,0,
GPU,3,0.000,0.000,0.000,17061132,10905053,0,0,
GPU,3,0.000,0.000,0.000,17835800,11216328,0,0,
GPU,3,0.000,0.000,0.000,17835800,11216328,0,0,
GPU,3,0.000,0.000,0.000,17624987,11382804,0,0,
GPU,3,0.000,0.000,0.000,17624987,11382804,0,0,
GPU,3,0.000,0.000,0.000,17413619,11181376,0,0,
GPU,3,0.000,0.000,0.000,17413619,11181376,0,0,
GPU,3,0.000,0.000,0.000,17826581,11394309,0,0,
GPU,3,0.000,0.000,0.000,17826581,11394309,0,0,
GPU,3,0.000,0.000,0.000,17429793,11191762,0,0,
GPU,3,0.000,0.000,0.000,17429793,11191762,0,0,
GPU,3,0.000,0.000,0.000,17865601,11369019,0,0,
GPU,3,0.000,0.000,0.000,17865601,11369019,0,0,
GPU,3,0.000,0.000,0.000,13636775,8849397,0,0,
GPU,3,0.000,0.000,0.000,13636775,8849397,0,0,
GPU,3,0.000,0.000,0.000,17790412,11187785,0,0,
GPU,3,0.000,0.000,0.000,17790412,11187785,0,0,
GPU,3,0.000,0.000,0.000,17652331,11400464,0,0,
GPU,3,0.000,0.000,0.000,17652331,11400464,0,0,
GPU,3,0.000,0.000,0.000,17629235,11201909,0,0,
GPU,3,0.000,0.000,0.000,17629235,11201909,0,0,
GPU,3,0.000,0.000,0.000,17661465,11406363,0,0,
GPU,3,0.000,0.000,0.000,17661465,11406363,0,0,
GPU,3,0.000,0.000,0.000,17346373,11072153,0,0,
GPU,3,0.000,0.000,0.000,17346373,11072153,0,0,
GPU,3,0.000,0.000,0.000,18056448,11556127,0,0,
GPU,3,0.000,0.000,0.000,17290167,11051447,0,0,
GPU,3,0.000,0.000,0.000,17290167,11051447,0,0,
GPU,3,0.000,0.000,0.000,17837030,11217101,0,0,
GPU,3,0.000,0.000,0.000,17837030,11217101,0,0,
GPU,3,0.000,0.000,0.000,17614476,11376016,0,0,
GPU,3,0.000,0.000,0.000,17614476,11376016,0,0,
GPU,3,0.000,0.000,0.000,17600550,11183682,0,0,
GPU,3,0.000,0.000,0.000,17600550,11183682,0,0,
GPU,3,0.000,0.000,0.000,17659435,11405051,0,0,
GPU,3,0.000,0.000,0.000,17659435,11405051,0,0,
GPU,3,0.000,0.000,0.000,17655172,11218390,0,0,
GPU,3,0.000,0.000,0.000,17655172,11218390,0,0,
GPU,3,0.000,0.000,0.000,19148031,11710366,0,0,
GPU,3,0.000,0.000,0.000,19148031,11710366,0,0,
GPU,3,0.000,0.000,0.000,17327617,11075384,0,0,
GPU,3,0.000,0.000,0.000,17327617,11075384,0,0,
GPU,3,0.000,0.000,0.000,17646045,11212591,0,0,
GPU,3,0.000,0.000,0.000,17646045,11212591,0,0,
GPU,3,0.000,0.000,0.000,17639560,11392216,0,0,
GPU,3,0.000,0.000,0.000,17639560,11392216,0,0,
GPU,3,0.000,0.000,0.000,17611649,11190735,0,0,
GPU,3,0.000,0.000,0.000,17611649,11190735,0,0,
GPU,3,0.000,0.000,0.000,17843592,11405182,0,0,
GPU,3,0.000,0.000,0.000,17660247,11221615,0,0,
GPU,3,0.000,0.000,0.000,17660247,11221615,0,0,
GPU,3,0.000,0.000,0.000,17660247,11221615,0,0,
GPU,3,0.000,0.000,0.000,19668451,11829575,0,0,
GPU,3,0.000,0.000,0.000,19668451,11829575,0,0,
GPU,3,0.000,0.000,0.000,17288241,11050216,0,0,
GPU,3,0.000,0.000,0.000,17288241,11050216,0,0,
GPU,3,0.000,0.000,0.000,17840105,11402954,0,0,
GPU,3,0.000,0.000,0.000,17840105,11402954,0,0,
GPU,3,0.000,0.000,0.000,17661871,11222647,0,0,
GPU,3,0.000,0.000,0.000,17636522,11206540,0,0,
GPU,3,0.000,0.000,0.000,17636522,11206540,0,0,
GPU,3,0.000,0.000,0.000,17643410,11394702,0,0,
GPU,3,0.000,0.000,0.000,17643410,11394702,0,0,
GPU,3,0.000,0.000,0.000,17448000,11203452,0,0,
GPU,3,0.000,0.000,0.000,17448000,11203452,0,0,
GPU,3,0.000,0.000,0.000,17995523,11517135,0,0,
GPU,3,0.000,0.000,0.000,17995523,11517135,0,0,
GPU,3,0.000,0.000,0.000,17381565,11109866,0,0,
GPU,3,0.000,0.000,0.000,17381565,11109866,0,0,
GPU,3,0.000,0.000,0.000,17637129,11206926,0,0,
GPU,3,0.000,0.000,0.000,17637129,11206926,0,0,
GPU,3,0.000,0.000,0.000,17649694,11398761,0,0,
GPU,3,0.000,0.000,0.000,17649694,11398761,0,0,
GPU,3,0.000,0.000,0.000,17601155,11184067,0,0,
GPU,3,0.000,0.000,0.000,17601155,11184067,0,0,
GPU,3,0.000,0.000,0.000,17813486,11385939,0,0,
GPU,3,0.000,0.000,0.000,17473473,11219809,0,0,
GPU,3,0.000,0.000,0.000,17473473,11219809,0,0,
GPU,3,0.000,0.000,0.000,18297979,11436237,0,0,
GPU,3,0.000,0.000,0.000,18297979,11436237,0,0,
GPU,3,0.000,0.000,0.000,18297979,11436237,0,0,
GPU,3,0.000,0.000,0.000,14168340,9056052,0,0,
GPU,3,0.000,0.000,0.000,14168340,9056052,0,0,
GPU,3,0.000,0.000,0.000,17659638,11221228,0,0,
GPU,3,0.000,0.000,0.000,17659638,11221228,0,0,
GPU,3,0.000,0.000,0.000,17658419,11404396,0,0,
GPU,3,0.000,0.000,0.000,17622156,11197411,0,0,
GPU,3,0.000,0.000,0.000,17622156,11197411,0,0,
GPU,3,0.000,0.000,0.000,17624380,11382412,0,0,
GPU,3,0.000,0.000,0.000,17624380,11382412,0,0,
GPU,3,0.000,0.000,0.000,18149499,11413602,0,0,
GPU,3,0.000,0.000,0.000,18149499,11413602,0,0,
GPU,3,0.000,0.000,0.000,18072969,11385970,0,0,
