#Entity,SMACT,SMOCC,DRAMA,PCITX,PCIRX,NVLTX,NVLRX,
GPU,3,0.000,0.000,0.000,18125447,11447650,0,0,
GPU,3,0.000,0.000,0.000,18125447,11447650,0,0,
GPU,3,0.000,0.000,0.000,18125447,11447650,0,0,
GPU,3,0.000,0.000,0.000,18125447,11447650,0,0,
GPU,3,0.000,0.000,0.000,18125447,11447650,0,0,
GPU,3,0.000,0.000,0.000,18125447,11447650,0,0,
GPU,3,0.000,0.000,0.000,18125447,11447650,0,0,
GPU,3,0.000,0.000,0.000,18125447,11447650,0,0,
GPU,3,0.000,0.000,0.000,18125447,11447650,0,0,
GPU,3,0.000,0.000,0.000,18125447,11447650,0,0,
GPU,3,0.000,0.000,0.000,18125447,11447650,0,0,
GPU,3,0.000,0.000,0.000,18125447,11447650,0,0,
GPU,3,0.000,0.000,0.000,18125447,11447650,0,0,
GPU,3,0.000,0.000,0.000,18125447,11447650,0,0,
GPU,3,0.000,0.000,0.000,18125447,11447650,0,0,
GPU,3,0.000,0.000,0.000,18125447,11447650,0,0,
GPU,3,0.000,0.000,0.000,18125447,11447650,0,0,
GPU,3,0.000,0.000,0.000,18125447,11447650,0,0,
GPU,3,0.000,0.000,0.000,18125447,11447650,0,0,
GPU,3,0.000,0.000,0.000,18125447,11447650,0,0,
GPU,3,0.000,0.000,0.000,18125447,11447650,0,0,
GPU,3,0.000,0.000,0.000,18125447,11447650,0,0,
GPU,3,0.000,0.000,0.000,18125447,11447650,0,0,
GPU,3,0.000,0.000,0.000,18125447,11447650,0,0,
GPU,3,0.000,0.000,0.000,18125447,11447650,0,0,
GPU,3,0.000,0.000,0.000,18125447,11447650,0,0,
GPU,3,0.000,0.000,0.000,18125447,11447650,0,0,
GPU,3,0.000,0.000,0.000,18125447,11447650,0,0,
GPU,3,0.000,0.000,0.000,18125447,11447650,0,0,
GPU,3,0.000,0.000,0.000,18125447,11447650,0,0,
GPU,3,0.000,0.000,0.000,18125447,11447650,0,0,
GPU,3,0.000,0.000,0.000,18125447,11447650,0,0,
GPU,3,0.000,0.000,0.000,18125447,11447650,0,0,
GPU,3,0.000,0.000,0.000,18125447,11447650,0,0,
GPU,3,0.000,0.000,0.000,18125447,11447650,0,0,
GPU,3,0.000,0.000,0.000,827680,643751,0,0,
GPU,3,0.000,0.000,0.000,827680,643751,0,0,
GPU,3,0.000,0.000,0.000,13601504,8826508,0,0,
GPU,3,0.000,0.000,0.000,13601504,8826508,0,0,
GPU,3,0.000,0.000,0.000,13760670,8783406,0,0,
GPU,3,0.000,0.000,0.000,13760670,8783406,0,0,
GPU,3,0.000,0.000,0.000,13760670,8783406,0,0,
GPU,3,0.000,0.000,0.000,13760670,8783406,0,0,
GPU,3,0.000,0.000,0.000,10040824,6477951,0,0,
GPU,3,0.000,0.000,0.000,10040824,6477951,0,0,
GPU,3,0.000,0.000,0.000,10040824,6477951,0,0,
GPU,3,0.000,0.000,0.000,10416095,6688229,0,0,
GPU,3,0.000,0.000,0.000,10416095,6688229,0,0,
GPU,3,0.000,0.000,0.000,10416095,6688229,0,0,
GPU,3,0.000,0.000,0.000,10416095,6688229,0,0,
GPU,3,0.000,0.000,0.000,6914497,4487067,0,0,
GPU,3,0.000,0.000,0.000,6914497,4487067,0,0,
GPU,3,0.000,0.000,0.000,6914497,4487067,0,0,
GPU,3,0.000,0.000,0.000,6914497,4487067,0,0,
GPU,3,0.000,0.000,0.000,6914497,4487067,0,0,
GPU,3,0.000,0.000,0.000,7600335,4851278,0,0,
GPU,3,0.000,0.000,0.000,7600335,4851278,0,0,
GPU,3,0.000,0.000,0.000,7600335,4851278,0,0,
GPU,3,0.000,0.000,0.000,10518242,6793031,0,0,
GPU,3,0.000,0.000,0.000,10518242,6793031,0,0,
GPU,3,0.000,0.000,0.000,10518242,6793031,0,0,
GPU,3,0.000,0.000,0.000,10683985,6747780,0,0,
GPU,3,0.000,0.000,0.000,10683985,6747780,0,0,
GPU,3,0.000,0.000,0.000,10683985,6747780,0,0,
GPU,3,0.000,0.000,0.000,10713013,6952062,0,0,
GPU,3,0.000,0.000,0.000,10713013,6952062,0,0,
GPU,3,0.000,0.000,0.000,10713013,6952062,0,0,
GPU,3,0.000,0.000,0.000,10713013,6952062,0,0,
GPU,3,0.000,0.000,0.000,7501324,4810632,0,0,
GPU,3,0.000,0.000,0.000,7501324,4810632,0,0,
GPU,3,0.000,0.000,0.000,7501324,4810632,0,0,
GPU,3,0.000,0.000,0.000,10468706,6761039,0,0,
GPU,3,0.000,0.000,0.000,10468706,6761039,0,0,
GPU,3,0.000,0.000,0.000,10468706,6761039,0,0,
GPU,3,0.000,0.000,0.000,10682108,6859038,0,0,
GPU,3,0.000,0.000,0.000,10682108,6859038,0,0,
GPU,3,0.000,0.000,0.000,10682108,6859038,0,0,
GPU,3,0.000,0.000,0.000,10610828,6772869,0,0,
GPU,3,0.000,0.000,0.000,10610828,6772869,0,0,
GPU,3,0.000,0.000,0.000,10610828,6772869,0,0,
GPU,3,0.000,0.000,0.000,10610828,6772869,0,0,
GPU,3,0.000,0.000,0.000,10610828,6772869,0,0,
GPU,3,0.000,0.000,0.000,7031438,4612018,0,0,
GPU,3,0.000,0.000,0.000,7031438,4612018,0,0,
GPU,3,0.000,0.000,0.000,7031438,4612018,0,0,
GPU,3,0.000,0.000,0.000,10736637,6792566,0,0,
GPU,3,0.000,0.000,0.000,10736637,6792566,0,0,
GPU,3,0.000,0.000,0.000,10736637,6792566,0,0,
GPU,3,0.000,0.000,0.000,10625432,6822646,0,0,
GPU,3,0.000,0.000,0.000,10625432,6822646,0,0,
GPU,3,0.000,0.000,0.000,10625432,6822646,0,0,
GPU,3,0.000,0.000,0.000,10551646,6735093,0,0,
GPU,3,0.000,0.000,0.000,10551646,6735093,0,0,
GPU,3,0.000,0.000,0.000,10551646,6735093,0,0,
GPU,3,0.000,0.000,0.000,10551646,6735093,0,0,
GPU,3,0.000,0.000,0.000,10551646,6735093,0,0,
GPU,3,0.000,0.000,0.000,10551646,6735093,0,0,
GPU,3,0.000,0.000,0.000,7341362,4449310,0,0,
GPU,3,0.000,0.000,0.000,7341362,4449310,0,0,
GPU,3,0.000,0.000,0.000,7341362,4449310,0,0,
GPU,3,0.000,0.000,0.000,10368623,6728575,0,0,
GPU,3,0.000,0.000,0.000,10368623,6728575,0,0,
GPU,3,0.000,0.000,0.000,10368623,6728575,0,0,
GPU,3,0.000,0.000,0.000,10631529,6786082,0,0,
GPU,3,0.000,0.000,0.000,10631529,6786082,0,0,
GPU,3,0.000,0.000,0.000,10631529,6786082,0,0,
GPU,3,0.000,0.000,0.000,10549277,6845807,0,0,
GPU,3,0.000,0.000,0.000,10549277,6845807,0,0,
GPU,3,0.000,0.000,0.000,10549277,6845807,0,0,
GPU,3,0.000,0.000,0.000,10549277,6845807,0,0,
GPU,3,0.000,0.000,0.000,10178325,6566661,0,0,
GPU,3,0.000,0.000,0.000,10178325,6566661,0,0,
GPU,3,0.000,0.000,0.000,10178325,6566661,0,0,
GPU,3,0.000,0.000,0.000,10437911,6702237,0,0,
GPU,3,0.000,0.000,0.000,10437911,6702237,0,0,
GPU,3,0.000,0.000,0.000,10437911,6702237,0,0,
GPU,3,0.000,0.000,0.000,10674457,6741762,0,0,
GPU,3,0.000,0.000,0.000,10674457,6741762,0,0,
GPU,3,0.000,0.000,0.000,10674457,6741762,0,0,
GPU,3,0.000,0.000,0.000,10540408,6913601,0,0,
GPU,3,0.000,0.000,0.000,10540408,6913601,0,0,
GPU,3,0.000,0.000,0.000,10540408,6913601,0,0,
GPU,3,0.000,0.000,0.000,10276593,6559527,0,0,
GPU,3,0.000,0.000,0.000,10276593,6559527,0,0,
GPU,3,0.000,0.000,0.000,10276593,6559527,0,0,
GPU,3,0.000,0.000,0.000,10686961,6800793,0,0,
GPU,3,0.000,0.000,0.000,10686961,6800793,0,0,
GPU,3,0.000,0.000,0.000,10686961,6800793,0,0,
GPU,3,0.000,0.000,0.000,10609042,6812122,0,0,
GPU,3,0.000,0.000,0.000,10609042,6812122,0,0,
GPU,3,0.000,0.000,0.000,10609042,6812122,0,0,
GPU,3,0.000,0.000,0.000,10437124,6733628,0,0,
GPU,3,0.000,0.000,0.000,10437124,6733628,0,0,
GPU,3,0.000,0.000,0.000,10437124,6733628,0,0,
GPU,3,0.000,0.000,0.000,10437124,6733628,0,0,
GPU,3,0.000,0.000,0.000,7791065,5026493,0,0,
GPU,3,0.000,0.000,0.000,7791065,5026493,0,0,
GPU,3,0.000,0.000,0.000,7791065,5026493,0,0,
GPU,3,0.000,0.000,0.000,10444581,6706520,0,0,
GPU,3,0.000,0.000,0.000,10444581,6706520,0,0,
GPU,3,0.000,0.000,0.000,10444581,6706520,0,0,
GPU,3,0.000,0.000,0.000,10538633,6726787,0,0,
GPU,3,0.000,0.000,0.000,10538633,6726787,0,0,
GPU,3,0.000,0.000,0.000,10538633,6726787,0,0,
GPU,3,0.000,0.000,0.000,10585660,6869417,0,0,
GPU,3,0.000,0.000,0.000,10585660,6869417,0,0,
GPU,3,0.000,0.000,0.000,10585660,6869417,0,0,
GPU,3,0.000,0.000,0.000,10585660,6869417,0,0,
GPU,3,0.000,0.000,0.000,10585660,6869417,0,0,
GPU,3,0.000,0.000,0.000,7530974,4858693,0,0,
GPU,3,0.000,0.000,0.000,7530974,4858693,0,0,
GPU,3,0.000,0.000,0.000,7530974,4858693,0,0,
GPU,3,0.000,0.000,0.000,10513347,6680355,0,0,
GPU,3,0.000,0.000,0.000,10513347,6680355,0,0,
GPU,3,0.000,0.000,0.000,10513347,6680355,0,0,
GPU,3,0.000,0.000,0.000,10695789,6980409,0,0,
GPU,3,0.000,0.000,0.000,10695789,6980409,0,0,
GPU,3,0.000,0.000,0.000,10695789,6980409,0,0,
GPU,3,0.000,0.000,0.000,10498317,6773107,0,0,
GPU,3,0.000,0.000,0.000,10498317,6773107,0,0,
GPU,3,0.000,0.000,0.000,10498317,6773107,0,0,
GPU,3,0.000,0.000,0.000,10498317,6773107,0,0,
GPU,3,0.000,0.000,0.000,7318521,4671396,0,0,
GPU,3,0.000,0.000,0.000,7318521,4671396,0,0,
GPU,3,0.000,0.000,0.000,7318521,4671396,0,0,
GPU,3,0.000,0.000,0.000,10441711,6814590,0,0,
GPU,3,0.000,0.000,0.000,10441711,6814590,0,0,
GPU,3,0.000,0.000,0.000,10441711,6814590,0,0,
GPU,3,0.000,0.000,0.000,10576057,6750675,0,0,
GPU,3,0.000,0.000,0.000,10576057,6750675,0,0,
GPU,3,0.000,0.000,0.000,10576057,6750675,0,0,
GPU,3,0.000,0.000,0.000,10624695,6894749,0,0,
GPU,3,0.000,0.000,0.000,10624695,6894749,0,0,
GPU,3,0.000,0.000,0.000,10624695,6894749,0,0,
GPU,3,0.000,0.000,0.000,10624695,6894749,0,0,
GPU,3,0.000,0.000,0.000,10624695,6894749,0,0,
GPU,3,0.000,0.000,0.000,7849441,5010281,0,0,
GPU,3,0.000,0.000,0.000,7849441,5010281,0,0,
GPU,3,0.000,0.000,0.000,7849441,5010281,0,0,
GPU,3,0.000,0.000,0.000,10356336,6580588,0,0,
GPU,3,0.000,0.000,0.000,10356336,6580588,0,0,
GPU,3,0.000,0.000,0.000,10356336,6580588,0,0,
GPU,3,0.000,0.000,0.000,10568700,6858411,0,0,
GPU,3,0.000,0.000,0.000,10568700,6858411,0,0,
GPU,3,0.000,0.000,0.000,10568700,6858411,0,0,
GPU,3,0.000,0.000,0.000,10576355,6863379,0,0,
GPU,3,0.000,0.000,0.000,10576355,6863379,0,0,
GPU,3,0.000,0.000,0.000,10576355,6863379,0,0,
GPU,3,0.000,0.000,0.000,10576355,6863379,0,0,
GPU,3,0.000,0.000,0.000,8477920,5411438,0,0,
GPU,3,0.000,0.000,0.000,8477920,5411438,0,0,
GPU,3,0.000,0.000,0.000,8477920,5411438,0,0,
GPU,3,0.000,0.000,0.000,10745913,6868521,0,0,
GPU,3,0.000,0.000,0.000,10745913,6868521,0,0,
GPU,3,0.000,0.000,0.000,10745913,6868521,0,0,
GPU,3,0.000,0.000,0.000,10699327,6870094,0,0,
GPU,3,0.000,0.000,0.000,10699327,6870094,0,0,
GPU,3,0.000,0.000,0.000,10699327,6870094,0,0,
GPU,3,0.000,0.000,0.000,10492765,6769525,0,0,
GPU,3,0.000,0.000,0.000,10492765,6769525,0,0,
GPU,3,0.000,0.000,0.000,10492765,6769525,0,0,
GPU,3,0.000,0.000,0.000,10627548,6896600,0,0,
GPU,3,0.000,0.000,0.000,10627548,6896600,0,0,
GPU,3,0.000,0.000,0.000,10627548,6896600,0,0,
GPU,3,0.000,0.000,0.000,10627548,6896600,0,0,
GPU,3,0.000,0.000,0.000,10061792,6124569,0,0,
GPU,3,0.000,0.000,0.000,10061792,6124569,0,0,
GPU,3,0.000,0.000,0.000,10061792,6124569,0,0,
GPU,3,0.000,0.000,0.000,10683985,6860243,0,0,
GPU,3,0.000,0.000,0.000,10683985,6860243,0,0,
GPU,3,0.000,0.000,0.000,10683985,6860243,0,0,
GPU,3,0.000,0.000,0.000,10513077,6782630,0,0,
GPU,3,0.000,0.000,0.000,10513077,6782630,0,0,
GPU,3,0.000,0.000,0.000,10513077,6782630,0,0,
GPU,3,0.000,0.000,0.000,10619668,6891487,0,0,
GPU,3,0.000,0.000,0.000,10619668,6891487,0,0,
GPU,3,0.000,0.000,0.000,10619668,6891487,0,0,
GPU,3,0.000,0.000,0.000,10619668,6891487,0,0,
GPU,3,0.000,0.000,0.000,10315076,6584091,0,0,
GPU,3,0.000,0.000,0.000,10315076,6584091,0,0,
GPU,3,0.000,0.000,0.000,10315076,6584091,0,0,
GPU,3,0.000,0.000,0.000,13868156,8046954,0,0,
GPU,3,0.000,0.000,0.000,13868156,8046954,0,0,
GPU,3,0.000,0.000,0.000,13868156,8046954,0,0,
GPU,3,0.000,0.000,0.000,10482268,6762754,0,0,
GPU,3,0.000,0.000,0.000,10482268,6762754,0,0,
GPU,3,0.000,0.000,0.000,10482268,6762754,0,0,
GPU,3,0.000,0.000,0.000,10622744,6780475,0,0,
GPU,3,0.000,0.000,0.000,10622744,6780475,0,0,
GPU,3,0.000,0.000,0.000,10622744,6780475,0,0,
GPU,3,0.000,0.000,0.000,10300099,6684107,0,0,
GPU,3,0.000,0.000,0.000,10300099,6684107,0,0,
GPU,3,0.000,0.000,0.000,10300099,6684107,0,0,
GPU,3,0.000,0.000,0.000,10561419,6820916,0,0,
GPU,3,0.000,0.000,0.000,10561419,6820916,0,0,
GPU,3,0.000,0.000,0.000,10561419,6820916,0,0,
GPU,3,0.000,0.000,0.000,10639861,6719912,0,0,
GPU,3,0.000,0.000,0.000,10639861,6719912,0,0,
GPU,3,0.000,0.000,0.000,10639861,6719912,0,0,
GPU,3,0.000,0.000,0.000,10444743,6738544,0,0,
GPU,3,0.000,0.000,0.000,10444743,6738544,0,0,
GPU,3,0.000,0.000,0.000,10444743,6738544,0,0,
GPU,3,0.000,0.000,0.000,10444743,6738544,0,0,
GPU,3,0.000,0.000,0.000,8000215,5419500,0,0,
GPU,3,0.000,0.000,0.000,8000215,5419500,0,0,
GPU,3,0.000,0.000,0.000,8000215,5419500,0,0,
GPU,3,0.000,0.000,0.000,8000215,5419500,0,0,
GPU,3,0.000,0.000,0.000,14748337,10344319,0,0,
GPU,3,0.000,0.000,0.000,14748337,10344319,0,0,
GPU,3,0.000,0.000,0.000,14748337,10344319,0,0,
GPU,3,0.000,0.000,0.000,10616745,6776645,0,0,
GPU,3,0.000,0.000,0.000,10616745,6776645,0,0,
GPU,3,0.000,0.000,0.000,10616745,6776645,0,0,
GPU,3,0.000,0.000,0.000,10513226,6895772,0,0,
GPU,3,0.000,0.000,0.000,10513226,6895772,0,0,
GPU,3,0.000,0.000,0.000,10513226,6895772,0,0,
GPU,3,0.000,0.000,0.000,10290867,6568638,0,0,
GPU,3,0.000,0.000,0.000,10290867,6568638,0,0,
GPU,3,0.000,0.000,0.000,10290867,6568638,0,0,
GPU,3,0.000,0.000,0.000,10785601,6933601,0,0,
GPU,3,0.000,0.000,0.000,10785601,6933601,0,0,
GPU,3,0.000,0.000,0.000,10785601,6933601,0,0,
GPU,3,0.000,0.000,0.000,10630039,6713709,0,0,
GPU,3,0.000,0.000,0.000,10630039,6713709,0,0,
GPU,3,0.000,0.000,0.000,10630039,6713709,0,0,
GPU,3,0.000,0.000,0.000,10453108,6856340,0,0,
GPU,3,0.000,0.000,0.000,10453108,6856340,0,0,
GPU,3,0.000,0.000,0.000,10453108,6856340,0,0,
GPU,3,0.000,0.000,0.000,10453108,6856340,0,0,
GPU,3,0.000,0.000,0.000,8168008,5213622,0,0,
GPU,3,0.000,0.000,0.000,8168008,5213622,0,0,
GPU,3,0.000,0.000,0.000,8168008,5213622,0,0,
GPU,3,0.000,0.000,0.000,8168008,5213622,0,0,
GPU,3,0.000,0.000,0.000,8168008,5213622,0,0,
GPU,3,0.000,0.000,0.000,8168008,5213622,0,0,
GPU,3,0.000,0.000,0.000,5828954,3725723,0,0,
GPU,3,0.000,0.000,0.000,5828954,3725723,0,0,
GPU,3,0.000,0.000,0.000,5828954,3725723,0,0,
GPU,3,0.000,0.000,0.000,10565433,6856291,0,0,
GPU,3,0.000,0.000,0.000,10565433,6856291,0,0,
GPU,3,0.000,0.000,0.000,10565433,6856291,0,0,
GPU,3,0.000,0.000,0.000,10500169,6774302,0,0,
GPU,3,0.000,0.000,0.000,10500169,6774302,0,0,
GPU,3,0.000,0.000,0.000,10500169,6774302,0,0,
GPU,3,0.000,0.000,0.000,10500169,6774302,0,0,
GPU,3,0.000,0.000,0.000,10313237,6582917,0,0,
GPU,3,0.000,0.000,0.000,10313237,6582917,0,0,
GPU,3,0.000,0.000,0.000,10313237,6582917,0,0,
GPU,3,0.000,0.000,0.000,15188112,8571509,0,0,
GPU,3,0.000,0.000,0.000,15188112,8571509,0,0,
GPU,3,0.000,0.000,0.000,15188112,8571509,0,0,
GPU,3,0.000,0.000,0.000,10483302,6763421,0,0,
GPU,3,0.000,0.000,0.000,10483302,6763421,0,0,
GPU,3,0.000,0.000,0.000,10483302,6763421,0,0,
GPU,3,0.000,0.000,0.000,10742504,6784739,0,0,
GPU,3,0.000,0.000,0.000,10742504,6784739,0,0,
GPU,3,0.000,0.000,0.000,10742504,6784739,0,0,
GPU,3,0.000,0.000,0.000,10742504,6784739,0,0,
GPU,3,0.000,0.000,0.000,9479525,5924703,0,0,
GPU,3,0.000,0.000,0.000,9479525,5924703,0,0,
GPU,3,0.000,0.000,0.000,9479525,5924703,0,0,
GPU,3,0.000,0.000,0.000,9479525,5924703,0,0,
GPU,3,0.000,0.000,0.000,10672733,6853018,0,0,
GPU,3,0.000,0.000,0.000,10672733,6853018,0,0,
GPU,3,0.000,0.000,0.000,10724931,6845700,0,0,
GPU,3,0.000,0.000,0.000,10724931,6845700,0,0,
GPU,3,0.000,0.000,0.000,10724931,6845700,0,0,
GPU,3,0.000,0.000,0.000,10724931,6845700,0,0,
GPU,3,0.000,0.000,0.000,10607984,6883904,0,0,
GPU,3,0.000,0.000,0.000,10607984,6883904,0,0,
GPU,3,0.000,0.000,0.000,10607984,6883904,0,0,
GPU,3,0.000,0.000,0.000,10164559,6557780,0,0,
GPU,3,0.000,0.000,0.000,10164559,6557780,0,0,
GPU,3,0.000,0.000,0.000,10164559,6557780,0,0,
GPU,3,0.000,0.000,0.000,12701748,7584497,0,0,
GPU,3,0.000,0.000,0.000,12701748,7584497,0,0,
GPU,3,0.000,0.000,0.000,12701748,7584497,0,0,
GPU,3,0.000,0.000,0.000,10544470,6730513,0,0,
GPU,3,0.000,0.000,0.000,10544470,6730513,0,0,
GPU,3,0.000,0.000,0.000,10544470,6730513,0,0,
GPU,3,0.000,0.000,0.000,10598117,6764755,0,0,
GPU,3,0.000,0.000,0.000,10598117,6764755,0,0,
GPU,3,0.000,0.000,0.000,10598117,6764755,0,0,
GPU,3,0.000,0.000,0.000,10598117,6764755,0,0,
GPU,3,0.000,0.000,0.000,10170534,6561634,0,0,
GPU,3,0.000,0.000,0.000,10170534,6561634,0,0,
GPU,3,0.000,0.000,0.000,10170534,6561634,0,0,
GPU,3,0.000,0.000,0.000,10646106,6804727,0,0,
GPU,3,0.000,0.000,0.000,10646106,6804727,0,0,
GPU,3,0.000,0.000,0.000,10646106,6804727,0,0,
GPU,3,0.000,0.000,0.000,10592892,6874110,0,0,
GPU,3,0.000,0.000,0.000,10592892,6874110,0,0,
GPU,3,0.000,0.000,0.000,10592892,6874110,0,0,
GPU,3,0.000,0.000,0.000,10248396,6644565,0,0,
GPU,3,0.000,0.000,0.000,10248396,6644565,0,0,
GPU,3,0.000,0.000,0.000,10248396,6644565,0,0,
GPU,3,0.000,0.000,0.000,10311045,6581518,0,0,
GPU,3,0.000,0.000,0.000,10311045,6581518,0,0,
GPU,3,0.000,0.000,0.000,10311045,6581518,0,0,
GPU,3,0.000,0.000,0.000,10601599,6885575,0,0,
GPU,3,0.000,0.000,0.000,10601599,6885575,0,0,
GPU,3,0.000,0.000,0.000,10601599,6885575,0,0,
GPU,3,0.000,0.000,0.000,10594459,6762420,0,0,
GPU,3,0.000,0.000,0.000,10594459,6762420,0,0,
GPU,3,0.000,0.000,0.000,10594459,6762420,0,0,
GPU,3,0.000,0.000,0.000,10565655,6856436,0,0,
GPU,3,0.000,0.000,0.000,10565655,6856436,0,0,
GPU,3,0.000,0.000,0.000,10565655,6856436,0,0,
GPU,3,0.000,0.000,0.000,10565655,6856436,0,0,
GPU,3,0.000,0.000,0.000,8703703,5555555,0,0,
GPU,3,0.000,0.000,0.000,8703703,5555555,0,0,
GPU,3,0.000,0.000,0.000,8703703,5555555,0,0,
GPU,3,0.000,0.000,0.000,8703703,5555555,0,0,
GPU,3,0.000,0.000,0.000,13932183,8079017,0,0,
GPU,3,0.000,0.000,0.000,13932183,8079017,0,0,
GPU,3,0.000,0.000,0.000,13932183,8079017,0,0,
GPU,3,0.000,0.000,0.000,10694660,6867097,0,0,
GPU,3,0.000,0.000,0.000,10694660,6867097,0,0,
GPU,3,0.000,0.000,0.000,10694660,6867097,0,0,
GPU,3,0.000,0.000,0.000,10549203,6733534,0,0,
GPU,3,0.000,0.000,0.000,10549203,6733534,0,0,
GPU,3,0.000,0.000,0.000,10549203,6733534,0,0,
GPU,3,0.000,0.000,0.000,10549203,6733534,0,0,
GPU,3,0.000,0.000,0.000,8378596,5437174,0,0,
GPU,3,0.000,0.000,0.000,8378596,5437174,0,0,
GPU,3,0.000,0.000,0.000,8378596,5437174,0,0,
GPU,3,0.000,0.000,0.000,10736269,6792333,0,0,
GPU,3,0.000,0.000,0.000,10736269,6792333,0,0,
GPU,3,0.000,0.000,0.000,10736269,6792333,0,0,
GPU,3,0.000,0.000,0.000,10585809,6869514,0,0,
GPU,3,0.000,0.000,0.000,10585809,6869514,0,0,
GPU,3,0.000,0.000,0.000,10585809,6869514,0,0,
GPU,3,0.000,0.000,0.000,10633784,6787522,0,0,
GPU,3,0.000,0.000,0.000,10633784,6787522,0,0,
GPU,3,0.000,0.000,0.000,10633784,6787522,0,0,
GPU,3,0.000,0.000,0.000,10633784,6787522,0,0,
GPU,3,0.000,0.000,0.000,8920114,5754912,0,0,
GPU,3,0.000,0.000,0.000,8920114,5754912,0,0,
GPU,3,0.000,0.000,0.000,8920114,5754912,0,0,
GPU,3,0.000,0.000,0.000,9981539,6416703,0,0,
GPU,3,0.000,0.000,0.000,9981539,6416703,0,0,
GPU,3,0.000,0.000,0.000,9981539,6416703,0,0,
GPU,3,0.000,0.000,0.000,10695111,6867387,0,0,
GPU,3,0.000,0.000,0.000,10695111,6867387,0,0,
GPU,3,0.000,0.000,0.000,10695111,6867387,0,0,
GPU,3,0.000,0.000,0.000,10426739,6726928,0,0,
GPU,3,0.000,0.000,0.000,10426739,6726928,0,0,
GPU,3,0.000,0.000,0.000,10426739,6726928,0,0,
GPU,3,0.000,0.000,0.000,10623644,6781049,0,0,
GPU,3,0.000,0.000,0.000,10623644,6781049,0,0,
GPU,3,0.000,0.000,0.000,10623644,6781049,0,0,
GPU,3,0.000,0.000,0.000,10623644,6781049,0,0,
GPU,3,0.000,0.000,0.000,9393363,5937314,0,0,
GPU,3,0.000,0.000,0.000,9393363,5937314,0,0,
GPU,3,0.000,0.000,0.000,9393363,5937314,0,0,
GPU,3,0.000,0.000,0.000,10512777,6710283,0,0,
GPU,3,0.000,0.000,0.000,10512777,6710283,0,0,
GPU,3,0.000,0.000,0.000,10512777,6710283,0,0,
GPU,3,0.000,0.000,0.000,10588492,6758611,0,0,
GPU,3,0.000,0.000,0.000,10588492,6758611,0,0,
GPU,3,0.000,0.000,0.000,10588492,6758611,0,0,
GPU,3,0.000,0.000,0.000,10319541,6730135,0,0,
GPU,3,0.000,0.000,0.000,10319541,6730135,0,0,
GPU,3,0.000,0.000,0.000,10319541,6730135,0,0,
GPU,3,0.000,0.000,0.000,10319541,6730135,0,0,
GPU,3,0.000,0.000,0.000,10312459,6582420,0,0,
GPU,3,0.000,0.000,0.000,10312459,6582420,0,0,
GPU,3,0.000,0.000,0.000,10312459,6582420,0,0,
GPU,3,0.000,0.000,0.000,10312459,6582420,0,0,
GPU,3,0.000,0.000,0.000,13971607,8115244,0,0,
GPU,3,0.000,0.000,0.000,13971607,8115244,0,0,
GPU,3,0.000,0.000,0.000,10623869,6894213,0,0,
GPU,3,0.000,0.000,0.000,10623869,6894213,0,0,
GPU,3,0.000,0.000,0.000,10623869,6894213,0,0,
GPU,3,0.000,0.000,0.000,10623869,6894213,0,0,
GPU,3,0.000,0.000,0.000,10612325,6773824,0,0,
GPU,3,0.000,0.000,0.000,10612325,6773824,0,0,
GPU,3,0.000,0.000,0.000,10612325,6773824,0,0,
GPU,3,0.000,0.000,0.000,10368623,6618270,0,0,
GPU,3,0.000,0.000,0.000,10368623,6618270,0,0,
GPU,3,0.000,0.000,0.000,10368623,6618270,0,0,
GPU,3,0.000,0.000,0.000,10785230,6933362,0,0,
GPU,3,0.000,0.000,0.000,10785230,6933362,0,0,
GPU,3,0.000,0.000,0.000,10785230,6933362,0,0,
GPU,3,0.000,0.000,0.000,10687366,6749915,0,0,
GPU,3,0.000,0.000,0.000,10687366,6749915,0,0,
GPU,3,0.000,0.000,0.000,10687366,6749915,0,0,
GPU,3,0.000,0.000,0.000,10620793,6892217,0,0,
GPU,3,0.000,0.000,0.000,10620793,6892217,0,0,
GPU,3,0.000,0.000,0.000,10620793,6892217,0,0,
GPU,3,0.000,0.000,0.000,9779244,6414342,0,0,
GPU,3,0.000,0.000,0.000,9779244,6414342,0,0,
GPU,3,0.000,0.000,0.000,9779244,6414342,0,0,
GPU,3,0.000,0.000,0.000,10626352,6792101,0,0,
GPU,3,0.000,0.000,0.000,10626352,6792101,0,0,
GPU,3,0.000,0.000,0.000,10626352,6792101,0,0,
GPU,3,0.000,0.000,0.000,10640457,6832293,0,0,
GPU,3,0.000,0.000,0.000,10640457,6832293,0,0,
GPU,3,0.000,0.000,0.000,10640457,6832293,0,0,
GPU,3,0.000,0.000,0.000,10546836,6732023,0,0,
GPU,3,0.000,0.000,0.000,10546836,6732023,0,0,
GPU,3,0.000,0.000,0.000,10546836,6732023,0,0,
GPU,3,0.000,0.000,0.000,10546836,6732023,0,0,
GPU,3,0.000,0.000,0.000,8048246,5137178,0,0,
GPU,3,0.000,0.000,0.000,8048246,5137178,0,0,
GPU,3,0.000,0.000,0.000,8048246,5137178,0,0,
GPU,3,0.000,0.000,0.000,10704481,6952395,0,0,
GPU,3,0.000,0.000,0.000,10704481,6952395,0,0,
GPU,3,0.000,0.000,0.000,10704481,6952395,0,0,
GPU,3,0.000,0.000,0.000,10465754,6752099,0,0,
GPU,3,0.000,0.000,0.000,10465754,6752099,0,0,
GPU,3,0.000,0.000,0.000,10465754,6752099,0,0,
GPU,3,0.000,0.000,0.000,10610229,6772486,0,0,
GPU,3,0.000,0.000,0.000,10610229,6772486,0,0,
GPU,3,0.000,0.000,0.000,10610229,6772486,0,0,
GPU,3,0.000,0.000,0.000,10610229,6772486,0,0,
GPU,3,0.000,0.000,0.000,9269588,6015371,0,0,
GPU,3,0.000,0.000,0.000,9269588,6015371,0,0,
GPU,3,0.000,0.000,0.000,9269588,6015371,0,0,
GPU,3,0.000,0.000,0.000,10406678,6651691,0,0,
GPU,3,0.000,0.000,0.000,10406678,6651691,0,0,
GPU,3,0.000,0.000,0.000,10406678,6651691,0,0,
GPU,3,0.000,0.000,0.000,10362037,6757850,0,0,
GPU,3,0.000,0.000,0.000,10362037,6757850,0,0,
GPU,3,0.000,0.000,0.000,10362037,6757850,0,0,
GPU,3,0.000,0.000,0.000,10571002,6747448,0,0,
GPU,3,0.000,0.000,0.000,10571002,6747448,0,0,
GPU,3,0.000,0.000,0.000,10571002,6747448,0,0,
GPU,3,0.000,0.000,0.000,10562539,6854413,0,0,
GPU,3,0.000,0.000,0.000,10562539,6854413,0,0,
GPU,3,0.000,0.000,0.000,10562539,6854413,0,0,
GPU,3,0.000,0.000,0.000,10562539,6854413,0,0,
GPU,3,0.000,0.000,0.000,10258788,6548163,0,0,
GPU,3,0.000,0.000,0.000,10258788,6548163,0,0,
GPU,3,0.000,0.000,0.000,10258788,6548163,0,0,
GPU,3,0.000,0.000,0.000,13252742,7790463,0,0,
GPU,3,0.000,0.000,0.000,13252742,7790463,0,0,
GPU,3,0.000,0.000,0.000,13252742,7790463,0,0,
GPU,3,0.000,0.000,0.000,10572043,6860581,0,0,
GPU,3,0.000,0.000,0.000,10572043,6860581,0,0,
GPU,3,0.000,0.000,0.000,10572043,6860581,0,0,
GPU,3,0.000,0.000,0.000,10568477,6745836,0,0,
GPU,3,0.000,0.000,0.000,10568477,6745836,0,0,
GPU,3,0.000,0.000,0.000,10568477,6745836,0,0,
GPU,3,0.000,0.000,0.000,10325911,6591007,0,0,
GPU,3,0.000,0.000,0.000,10325911,6591007,0,0,
GPU,3,0.000,0.000,0.000,10325911,6591007,0,0,
GPU,3,0.000,0.000,0.000,10325911,6591007,0,0,
GPU,3,0.000,0.000,0.000,10755048,6913959,0,0,
GPU,3,0.000,0.000,0.000,10755048,6913959,0,0,
GPU,3,0.000,0.000,0.000,10755048,6913959,0,0,
GPU,3,0.000,0.000,0.000,10591250,6873045,0,0,
GPU,3,0.000,0.000,0.000,10591250,6873045,0,0,
GPU,3,0.000,0.000,0.000,10591250,6873045,0,0,
GPU,3,0.000,0.000,0.000,10614272,6775067,0,0,
GPU,3,0.000,0.000,0.000,10614272,6775067,0,0,
GPU,3,0.000,0.000,0.000,10614272,6775067,0,0,
GPU,3,0.000,0.000,0.000,9522000,6077872,0,0,
GPU,3,0.000,0.000,0.000,9522000,6077872,0,0,
GPU,3,0.000,0.000,0.000,9522000,6077872,0,0,
GPU,3,0.000,0.000,0.000,10634288,6906806,0,0,
GPU,3,0.000,0.000,0.000,10634288,6906806,0,0,
GPU,3,0.000,0.000,0.000,10634288,6906806,0,0,
GPU,3,0.000,0.000,0.000,10693080,6866083,0,0,
GPU,3,0.000,0.000,0.000,10693080,6866083,0,0,
GPU,3,0.000,0.000,0.000,10693080,6866083,0,0,
GPU,3,0.000,0.000,0.000,10538338,6726598,0,0,
GPU,3,0.000,0.000,0.000,10538338,6726598,0,0,
GPU,3,0.000,0.000,0.000,10538338,6726598,0,0,
GPU,3,0.000,0.000,0.000,10538338,6726598,0,0,
GPU,3,0.000,0.000,0.000,10538338,6726598,0,0,
GPU,3,0.000,0.000,0.000,10538338,6726598,0,0,
GPU,3,0.000,0.000,0.000,10538338,6726598,0,0,
GPU,3,0.000,0.000,0.000,4691855,2998917,0,0,
GPU,3,0.000,0.000,0.000,4691855,2998917,0,0,
GPU,3,0.000,0.000,0.000,4691855,2998917,0,0,
GPU,3,0.000,0.000,0.000,10301784,6646312,0,0,
GPU,3,0.000,0.000,0.000,10301784,6646312,0,0,
GPU,3,0.000,0.000,0.000,10301784,6646312,0,0,
GPU,3,0.000,0.000,0.000,10474889,6870626,0,0,
GPU,3,0.000,0.000,0.000,10474889,6870626,0,0,
GPU,3,0.000,0.000,0.000,10474889,6870626,0,0,
GPU,3,0.000,0.000,0.000,10474889,6870626,0,0,
GPU,3,0.000,0.000,0.000,9249230,5841619,0,0,
GPU,3,0.000,0.000,0.000,9249230,5841619,0,0,
GPU,3,0.000,0.000,0.000,9249230,5841619,0,0,
GPU,3,0.000,0.000,0.000,9249230,5841619,0,0,
GPU,3,0.000,0.000,0.000,9151572,5910390,0,0,
GPU,3,0.000,0.000,0.000,9151572,5910390,0,0,
GPU,3,0.000,0.000,0.000,9151572,5910390,0,0,
GPU,3,0.000,0.000,0.000,10350161,6750105,0,0,
GPU,3,0.000,0.000,0.000,10350161,6750105,0,0,
GPU,3,0.000,0.000,0.000,10350161,6750105,0,0,
GPU,3,0.000,0.000,0.000,10614122,6774972,0,0,
GPU,3,0.000,0.000,0.000,10614122,6774972,0,0,
GPU,3,0.000,0.000,0.000,10614122,6774972,0,0,
GPU,3,0.000,0.000,0.000,10589088,6758992,0,0,
GPU,3,0.000,0.000,0.000,10589088,6758992,0,0,
GPU,3,0.000,0.000,0.000,10589088,6758992,0,0,
GPU,3,0.000,0.000,0.000,12939601,7745536,0,0,
GPU,3,0.000,0.000,0.000,12939601,7745536,0,0,
GPU,3,0.000,0.000,0.000,12939601,7745536,0,0,
GPU,3,0.000,0.000,0.000,10423886,6653544,0,0,
GPU,3,0.000,0.000,0.000,10423886,6653544,0,0,
GPU,3,0.000,0.000,0.000,10423886,6653544,0,0,
GPU,3,0.000,0.000,0.000,10423886,6653544,0,0,
GPU,3,0.000,0.000,0.000,10423886,6653544,0,0,
GPU,3,0.000,0.000,0.000,13378725,7220264,0,0,
GPU,3,0.000,0.000,0.000,13378725,7220264,0,0,
GPU,3,0.000,0.000,0.000,13378725,7220264,0,0,
GPU,3,0.000,0.000,0.000,11827971,6995812,0,0,
GPU,3,0.000,0.000,0.000,11827971,6995812,0,0,
GPU,3,0.000,0.000,0.000,11827971,6995812,0,0,
GPU,3,0.000,0.000,0.000,11827971,6995812,0,0,
GPU,3,0.000,0.000,0.000,10690301,6763252,0,0,
GPU,3,0.000,0.000,0.000,10690301,6763252,0,0,
GPU,3,0.000,0.000,0.000,10647184,6796075,0,0,
GPU,3,0.000,0.000,0.000,10647184,6796075,0,0,
GPU,3,0.000,0.000,0.000,10647184,6796075,0,0,
GPU,3,0.000,0.000,0.000,10647184,6796075,0,0,
GPU,3,0.000,0.000,0.000,10607385,6883516,0,0,
GPU,3,0.000,0.000,0.000,10607385,6883516,0,0,
GPU,3,0.000,0.000,0.000,10607385,6883516,0,0,
GPU,3,0.000,0.000,0.000,8217726,5245357,0,0,
GPU,3,0.000,0.000,0.000,8217726,5245357,0,0,
GPU,3,0.000,0.000,0.000,8217726,5245357,0,0,
GPU,3,0.000,0.000,0.000,8217726,5245357,0,0,
GPU,3,0.000,0.000,0.000,10279779,6676557,0,0,
GPU,3,0.000,0.000,0.000,10279779,6676557,0,0,
GPU,3,0.000,0.000,0.000,10279779,6676557,0,0,
GPU,3,0.000,0.000,0.000,10254243,6648355,0,0,
GPU,3,0.000,0.000,0.000,10254243,6648355,0,0,
GPU,3,0.000,0.000,0.000,10254243,6648355,0,0,
GPU,3,0.000,0.000,0.000,10609031,6771722,0,0,
GPU,3,0.000,0.000,0.000,10609031,6771722,0,0,
GPU,3,0.000,0.000,0.000,10609031,6771722,0,0,
GPU,3,0.000,0.000,0.000,10623269,6893823,0,0,
GPU,3,0.000,0.000,0.000,10623269,6893823,0,0,
GPU,3,0.000,0.000,0.000,10623269,6893823,0,0,
GPU,3,0.000,0.000,0.000,11379587,6987466,0,0,
GPU,3,0.000,0.000,0.000,11379587,6987466,0,0,
GPU,3,0.000,0.000,0.000,11379587,6987466,0,0,
GPU,3,0.000,0.000,0.000,10349359,6605974,0,0,
GPU,3,0.000,0.000,0.000,10349359,6605974,0,0,
GPU,3,0.000,0.000,0.000,10349359,6605974,0,0,
GPU,3,0.000,0.000,0.000,10514414,6783493,0,0,
GPU,3,0.000,0.000,0.000,10514414,6783493,0,0,
GPU,3,0.000,0.000,0.000,10514414,6783493,0,0,
GPU,3,0.000,0.000,0.000,10575537,6862848,0,0,
GPU,3,0.000,0.000,0.000,10575537,6862848,0,0,
GPU,3,0.000,0.000,0.000,10575537,6862848,0,0,
GPU,3,0.000,0.000,0.000,10181250,6568548,0,0,
GPU,3,0.000,0.000,0.000,10181250,6568548,0,0,
GPU,3,0.000,0.000,0.000,10181250,6568548,0,0,
GPU,3,0.000,0.000,0.000,10786640,6824201,0,0,
GPU,3,0.000,0.000,0.000,10786640,6824201,0,0,
GPU,3,0.000,0.000,0.000,10786640,6824201,0,0,
GPU,3,0.000,0.000,0.000,10786640,6824201,0,0,
GPU,3,0.000,0.000,0.000,10581861,6866952,0,0,
GPU,3,0.000,0.000,0.000,10581861,6866952,0,0,
GPU,3,0.000,0.000,0.000,10581861,6866952,0,0,
GPU,3,0.000,0.000,0.000,10607011,6770432,0,0,
GPU,3,0.000,0.000,0.000,10607011,6770432,0,0,
GPU,3,0.000,0.000,0.000,10607011,6770432,0,0,
GPU,3,0.000,0.000,0.000,10157204,6553035,0,0,
GPU,3,0.000,0.000,0.000,10157204,6553035,0,0,
GPU,3,0.000,0.000,0.000,10157204,6553035,0,0,
GPU,3,0.000,0.000,0.000,10650051,6807249,0,0,
GPU,3,0.000,0.000,0.000,10650051,6807249,0,0,
GPU,3,0.000,0.000,0.000,10650051,6807249,0,0,
GPU,3,0.000,0.000,0.000,10465165,6751719,0,0,
GPU,3,0.000,0.000,0.000,10465165,6751719,0,0,
GPU,3,0.000,0.000,0.000,10465165,6751719,0,0,
GPU,3,0.000,0.000,0.000,10537599,6726127,0,0,
GPU,3,0.000,0.000,0.000,10537599,6726127,0,0,
GPU,3,0.000,0.000,0.000,10537599,6726127,0,0,
GPU,3,0.000,0.000,0.000,10537599,6726127,0,0,
GPU,3,0.000,0.000,0.000,8646336,5671253,0,0,
GPU,3,0.000,0.000,0.000,8646336,5671253,0,0,
GPU,3,0.000,0.000,0.000,8646336,5671253,0,0,
GPU,3,0.000,0.000,0.000,9889874,6256859,0,0,
GPU,3,0.000,0.000,0.000,9889874,6256859,0,0,
GPU,3,0.000,0.000,0.000,9889874,6256859,0,0,
GPU,3,0.000,0.000,0.000,10516820,6824745,0,0,
GPU,3,0.000,0.000,0.000,10516820,6824745,0,0,
GPU,3,0.000,0.000,0.000,10516820,6824745,0,0,
GPU,3,0.000,0.000,0.000,10508223,6707376,0,0,
GPU,3,0.000,0.000,0.000,10508223,6707376,0,0,
GPU,3,0.000,0.000,0.000,10508223,6707376,0,0,
GPU,3,0.000,0.000,0.000,10568328,6745741,0,0,
GPU,3,0.000,0.000,0.000,10568328,6745741,0,0,
GPU,3,0.000,0.000,0.000,10568328,6745741,0,0,
GPU,3,0.000,0.000,0.000,10568328,6745741,0,0,
GPU,3,0.000,0.000,0.000,8620450,5598849,0,0,
GPU,3,0.000,0.000,0.000,8620450,5598849,0,0,
GPU,3,0.000,0.000,0.000,8620450,5598849,0,0,
GPU,3,0.000,0.000,0.000,10573678,6749156,0,0,
GPU,3,0.000,0.000,0.000,10573678,6749156,0,0,
GPU,3,0.000,0.000,0.000,10573678,6749156,0,0,
GPU,3,0.000,0.000,0.000,10549425,6845904,0,0,
GPU,3,0.000,0.000,0.000,10549425,6845904,0,0,
GPU,3,0.000,0.000,0.000,10549425,6845904,0,0,
GPU,3,0.000,0.000,0.000,10584393,6755995,0,0,
GPU,3,0.000,0.000,0.000,10584393,6755995,0,0,
GPU,3,0.000,0.000,0.000,10584393,6755995,0,0,
GPU,3,0.000,0.000,0.000,10584393,6755995,0,0,
GPU,3,0.000,0.000,0.000,10237281,6534435,0,0,
GPU,3,0.000,0.000,0.000,10237281,6534435,0,0,
GPU,3,0.000,0.000,0.000,10237281,6534435,0,0,
GPU,3,0.000,0.000,0.000,12639698,7528055,0,0,
GPU,3,0.000,0.000,0.000,12639698,7528055,0,0,
GPU,3,0.000,0.000,0.000,12639698,7528055,0,0,
GPU,3,0.000,0.000,0.000,10290843,6785171,0,0,
GPU,3,0.000,0.000,0.000,10290843,6785171,0,0,
GPU,3,0.000,0.000,0.000,10290843,6785171,0,0,
GPU,3,0.000,0.000,0.000,10564171,6743088,0,0,
GPU,3,0.000,0.000,0.000,10564171,6743088,0,0,
GPU,3,0.000,0.000,0.000,10564171,6743088,0,0,
GPU,3,0.000,0.000,0.000,10284745,6564730,0,0,
GPU,3,0.000,0.000,0.000,10284745,6564730,0,0,
GPU,3,0.000,0.000,0.000,10284745,6564730,0,0,
GPU,3,0.000,0.000,0.000,10594435,6771700,0,0,
GPU,3,0.000,0.000,0.000,10594435,6771700,0,0,
GPU,3,0.000,0.000,0.000,10594435,6771700,0,0,
GPU,3,0.000,0.000,0.000,10360724,6756994,0,0,
GPU,3,0.000,0.000,0.000,10360724,6756994,0,0,
GPU,3,0.000,0.000,0.000,10360724,6756994,0,0,
GPU,3,0.000,0.000,0.000,10811195,6941925,0,0,
GPU,3,0.000,0.000,0.000,10811195,6941925,0,0,
GPU,3,0.000,0.000,0.000,10811195,6941925,0,0,
GPU,3,0.000,0.000,0.000,10811195,6941925,0,0,
GPU,3,0.000,0.000,0.000,9857046,6359384,0,0,
GPU,3,0.000,0.000,0.000,9857046,6359384,0,0,
GPU,3,0.000,0.000,0.000,9857046,6359384,0,0,
GPU,3,0.000,0.000,0.000,10686865,6830779,0,0,
GPU,3,0.000,0.000,0.000,10686865,6830779,0,0,
GPU,3,0.000,0.000,0.000,10686865,6830779,0,0,
GPU,3,0.000,0.000,0.000,10744175,6898891,0,0,
GPU,3,0.000,0.000,0.000,10744175,6898891,0,0,
GPU,3,0.000,0.000,0.000,10744175,6898891,0,0,
GPU,3,0.000,0.000,0.000,10619818,6778607,0,0,
GPU,3,0.000,0.000,0.000,10619818,6778607,0,0,
GPU,3,0.000,0.000,0.000,10619818,6778607,0,0,
GPU,3,0.000,0.000,0.000,10608283,6884098,0,0,
GPU,3,0.000,0.000,0.000,10608283,6884098,0,0,
GPU,3,0.000,0.000,0.000,10608283,6884098,0,0,
GPU,3,0.000,0.000,0.000,10608283,6884098,0,0,
GPU,3,0.000,0.000,0.000,9241620,5776012,0,0,
GPU,3,0.000,0.000,0.000,9241620,5776012,0,0,
GPU,3,0.000,0.000,0.000,9241620,5776012,0,0,
GPU,3,0.000,0.000,0.000,10673557,6853547,0,0,
GPU,3,0.000,0.000,0.000,10673557,6853547,0,0,
GPU,3,0.000,0.000,0.000,10673557,6853547,0,0,
GPU,3,0.000,0.000,0.000,10627923,6783781,0,0,
GPU,3,0.000,0.000,0.000,10627923,6783781,0,0,
GPU,3,0.000,0.000,0.000,10627923,6783781,0,0,
GPU,3,0.000,0.000,0.000,10613898,6774828,0,0,
GPU,3,0.000,0.000,0.000,10613898,6774828,0,0,
GPU,3,0.000,0.000,0.000,10613898,6774828,0,0,
GPU,3,0.000,0.000,0.000,10180415,6677476,0,0,
GPU,3,0.000,0.000,0.000,10180415,6677476,0,0,
GPU,3,0.000,0.000,0.000,10180415,6677476,0,0,
GPU,3,0.000,0.000,0.000,10180415,6677476,0,0,
GPU,3,0.000,0.000,0.000,12821730,7598062,0,0,
GPU,3,0.000,0.000,0.000,12821730,7598062,0,0,
GPU,3,0.000,0.000,0.000,12821730,7598062,0,0,
GPU,3,0.000,0.000,0.000,10611052,6773012,0,0,
GPU,3,0.000,0.000,0.000,10611052,6773012,0,0,
GPU,3,0.000,0.000,0.000,10611052,6773012,0,0,
GPU,3,0.000,0.000,0.001,1421746270,1250845258,0,0,
GPU,3,0.000,0.000,0.001,1421746270,1250845258,0,0,
GPU,3,0.000,0.000,0.001,1421746270,1250845258,0,0,
GPU,3,0.000,0.000,0.001,1575921761,1446644813,0,0,
GPU,3,0.000,0.000,0.001,1575921761,1446644813,0,0,
GPU,3,0.000,0.000,0.001,1575921761,1446644813,0,0,
GPU,3,0.000,0.000,0.000,10593567,6771146,0,0,
GPU,3,0.000,0.000,0.000,10593567,6771146,0,0,
GPU,3,0.000,0.000,0.000,10593567,6771146,0,0,
GPU,3,0.000,0.000,0.000,10593567,6771146,0,0,
GPU,3,0.000,0.000,0.000,10593567,6771146,0,0,
GPU,3,0.000,0.000,0.000,10593567,6771146,0,0,
GPU,3,0.000,0.000,0.000,5550904,3620155,0,0,
GPU,3,0.000,0.000,0.000,5550904,3620155,0,0,
GPU,3,0.000,0.000,0.000,5550904,3620155,0,0,
GPU,3,0.000,0.000,0.000,8980069,5731959,0,0,
GPU,3,0.000,0.000,0.000,8980069,5731959,0,0,
GPU,3,0.000,0.000,0.000,8980069,5731959,0,0,
GPU,3,0.000,0.000,0.000,10662709,6815340,0,0,
GPU,3,0.000,0.000,0.000,10662709,6815340,0,0,
GPU,3,0.000,0.000,0.000,10662709,6815340,0,0,
GPU,3,0.000,0.000,0.000,10662709,6815340,0,0,
GPU,3,0.000,0.000,0.000,10688343,6863041,0,0,
GPU,3,0.000,0.000,0.000,10688343,6863041,0,0,
GPU,3,0.000,0.000,0.000,10688343,6863041,0,0,
GPU,3,0.000,0.000,0.000,10510404,6780906,0,0,
GPU,3,0.000,0.000,0.000,10510404,6780906,0,0,
GPU,3,0.000,0.000,0.000,10510404,6780906,0,0,
GPU,3,0.000,0.000,0.000,10605590,6882351,0,0,
GPU,3,0.000,0.000,0.000,10605590,6882351,0,0,
GPU,3,0.000,0.000,0.000,10605590,6882351,0,0,
GPU,3,0.000,0.000,0.000,9230016,5873646,0,0,
GPU,3,0.000,0.000,0.000,9230016,5873646,0,0,
GPU,3,0.000,0.000,0.000,9230016,5873646,0,0,
GPU,3,0.000,0.000,0.000,10546097,6731551,0,0,
GPU,3,0.000,0.000,0.000,10546097,6731551,0,0,
GPU,3,0.000,0.000,0.000,10546097,6731551,0,0,
GPU,3,0.000,0.000,0.000,10514489,6783541,0,0,
GPU,3,0.000,0.000,0.000,10514489,6783541,0,0,
GPU,3,0.000,0.000,0.000,10514489,6783541,0,0,
GPU,3,0.000,0.000,0.000,10531180,6722030,0,0,
GPU,3,0.000,0.000,0.000,10531180,6722030,0,0,
GPU,3,0.000,0.000,0.000,10531180,6722030,0,0,
GPU,3,0.000,0.000,0.000,10531180,6722030,0,0,
GPU,3,0.000,0.000,0.000,10342527,6711640,0,0,
GPU,3,0.000,0.000,0.000,10342527,6711640,0,0,
GPU,3,0.000,0.000,0.000,10342527,6711640,0,0,
GPU,3,0.000,0.000,0.000,13975895,8059719,0,0,
GPU,3,0.000,0.000,0.000,13975895,8059719,0,0,
GPU,3,0.000,0.000,0.000,13975895,8059719,0,0,
GPU,3,0.000,0.000,0.000,13975895,8059719,0,0,
GPU,3,0.000,0.000,0.000,10605889,6882545,0,0,
GPU,3,0.000,0.000,0.000,10605889,6882545,0,0,
GPU,3,0.000,0.000,0.000,10605889,6882545,0,0,
GPU,3,0.000,0.000,0.000,10486184,6765280,0,0,
GPU,3,0.000,0.000,0.000,10486184,6765280,0,0,
GPU,3,0.000,0.000,0.000,10486184,6765280,0,0,
GPU,3,0.000,0.000,0.000,10313661,6583188,0,0,
GPU,3,0.000,0.000,0.000,10313661,6583188,0,0,
GPU,3,0.000,0.000,0.000,10313661,6583188,0,0,
GPU,3,0.000,0.000,0.000,10768121,6922363,0,0,
GPU,3,0.000,0.000,0.000,10768121,6922363,0,0,
GPU,3,0.000,0.000,0.000,10768121,6922363,0,0,
GPU,3,0.000,0.000,0.000,10353219,6752099,0,0,
GPU,3,0.000,0.000,0.000,10353219,6752099,0,0,
GPU,3,0.000,0.000,0.000,10353219,6752099,0,0,
GPU,3,0.000,0.000,0.000,10553941,6736558,0,0,
GPU,3,0.000,0.000,0.000,10553941,6736558,0,0,
GPU,3,0.000,0.000,0.000,10553941,6736558,0,0,
GPU,3,0.000,0.000,0.000,9484172,6154622,0,0,
GPU,3,0.000,0.000,0.000,9484172,6154622,0,0,
GPU,3,0.000,0.000,0.000,9484172,6154622,0,0,
GPU,3,0.000,0.000,0.000,10676719,6824295,0,0,
GPU,3,0.000,0.000,0.000,10676719,6824295,0,0,
GPU,3,0.000,0.000,0.000,10676719,6824295,0,0,
GPU,3,0.000,0.000,0.000,10705205,6761182,0,0,
GPU,3,0.000,0.000,0.000,10705205,6761182,0,0,
GPU,3,0.000,0.000,0.000,10705205,6761182,0,0,
GPU,3,0.000,0.000,0.000,10203938,6727871,0,0,
GPU,3,0.000,0.000,0.000,10203938,6727871,0,0,
GPU,3,0.000,0.000,0.000,10203938,6727871,0,0,
GPU,3,0.000,0.000,0.000,10203938,6727871,0,0,
GPU,3,0.000,0.000,0.000,8721621,5566992,0,0,
GPU,3,0.000,0.000,0.000,8721621,5566992,0,0,
GPU,3,0.000,0.000,0.000,8721621,5566992,0,0,
GPU,3,0.000,0.000,0.000,10701975,6770637,0,0,
GPU,3,0.000,0.000,0.000,10701975,6770637,0,0,
GPU,3,0.000,0.000,0.000,10701975,6770637,0,0,
GPU,3,0.000,0.000,0.000,10520866,6827371,0,0,
GPU,3,0.000,0.000,0.000,10520866,6827371,0,0,
GPU,3,0.000,0.000,0.000,10520866,6827371,0,0,
GPU,3,0.000,0.000,0.000,10556460,6738166,0,0,
GPU,3,0.000,0.000,0.000,10556460,6738166,0,0,
GPU,3,0.000,0.000,0.000,10556460,6738166,0,0,
GPU,3,0.000,0.000,0.000,10602599,6767616,0,0,
GPU,3,0.000,0.000,0.000,10602599,6767616,0,0,
GPU,3,0.000,0.000,0.000,10602599,6767616,0,0,
GPU,3,0.000,0.000,0.000,10602599,6767616,0,0,
GPU,3,0.000,0.000,0.000,9142324,5877208,0,0,
GPU,3,0.000,0.000,0.000,9142324,5877208,0,0,
GPU,3,0.000,0.000,0.000,9142324,5877208,0,0,
GPU,3,0.000,0.000,0.000,10548168,6845087,0,0,
GPU,3,0.000,0.000,0.000,10548168,6845087,0,0,
GPU,3,0.000,0.000,0.000,10548168,6845087,0,0,
GPU,3,0.000,0.000,0.000,10554756,6737078,0,0,
GPU,3,0.000,0.000,0.000,10554756,6737078,0,0,
GPU,3,0.000,0.000,0.000,10554756,6737078,0,0,
GPU,3,0.000,0.000,0.000,10543139,6729663,0,0,
GPU,3,0.000,0.000,0.000,10543139,6729663,0,0,
GPU,3,0.000,0.000,0.000,10543139,6729663,0,0,
GPU,3,0.000,0.000,0.000,10543139,6729663,0,0,
GPU,3,0.000,0.000,0.000,10276382,6668716,0,0,
GPU,3,0.000,0.000,0.000,10276382,6668716,0,0,
GPU,3,0.000,0.000,0.000,10276382,6668716,0,0,
GPU,3,0.000,0.000,0.000,13823778,8021204,0,0,
GPU,3,0.000,0.000,0.000,13823778,8021204,0,0,
GPU,3,0.000,0.000,0.000,13823778,8021204,0,0,
GPU,3,0.000,0.000,0.000,10437271,6621494,0,0,
GPU,3,0.000,0.000,0.000,10437271,6621494,0,0,
GPU,3,0.000,0.000,0.000,10437271,6621494,0,0,
GPU,3,0.000,0.000,0.000,10501503,6888082,0,0,
GPU,3,0.000,0.000,0.000,10501503,6888082,0,0,
GPU,3,0.000,0.000,0.000,10501503,6888082,0,0,
GPU,3,0.000,0.000,0.000,10429961,6587344,0,0,
GPU,3,0.000,0.000,0.000,10429961,6587344,0,0,
GPU,3,0.000,0.000,0.000,10429961,6587344,0,0,
GPU,3,0.000,0.000,0.000,10429961,6587344,0,0,
GPU,3,0.000,0.000,0.000,10667619,6818478,0,0,
GPU,3,0.000,0.000,0.000,10667619,6818478,0,0,
GPU,3,0.000,0.000,0.000,10667619,6818478,0,0,
GPU,3,0.000,0.000,0.000,10692629,6865793,0,0,
GPU,3,0.000,0.000,0.000,10692629,6865793,0,0,
GPU,3,0.000,0.000,0.000,10692629,6865793,0,0,
GPU,3,0.000,0.000,0.000,10506916,6778655,0,0,
GPU,3,0.000,0.000,0.000,10506916,6778655,0,0,
GPU,3,0.000,0.000,0.000,10506916,6778655,0,0,
GPU,3,0.000,0.000,0.000,8389112,5354752,0,0,
GPU,3,0.000,0.000,0.000,8389112,5354752,0,0,
GPU,3,0.000,0.000,0.000,8389112,5354752,0,0,
GPU,3,0.000,0.000,0.000,8389112,5354752,0,0,
GPU,3,0.000,0.000,0.000,10656559,6921270,0,0,
GPU,3,0.000,0.000,0.000,10656559,6921270,0,0,
GPU,3,0.000,0.000,0.000,10656559,6921270,0,0,
GPU,3,0.000,0.000,0.000,10579330,6752764,0,0,
GPU,3,0.000,0.000,0.000,10579330,6752764,0,0,
GPU,3,0.000,0.000,0.000,10579330,6752764,0,0,
GPU,3,0.000,0.000,0.000,10389243,6775593,0,0,
GPU,3,0.000,0.000,0.000,10389243,6775593,0,0,
GPU,3,0.000,0.000,0.000,10389243,6775593,0,0,
GPU,3,0.000,0.000,0.000,8796556,5614823,0,0,
GPU,3,0.000,0.000,0.000,8796556,5614823,0,0,
GPU,3,0.000,0.000,0.000,8796556,5614823,0,0,
GPU,3,0.000,0.000,0.000,10716531,6889198,0,0,
GPU,3,0.000,0.000,0.000,10716531,6889198,0,0,
GPU,3,0.000,0.000,0.000,10716531,6889198,0,0,
GPU,3,0.000,0.000,0.000,10571077,6747496,0,0,
GPU,3,0.000,0.000,0.000,10571077,6747496,0,0,
GPU,3,0.000,0.000,0.000,10571077,6747496,0,0,
GPU,3,0.000,0.000,0.000,10571077,6747496,0,0,
GPU,3,0.000,0.000,0.000,10613448,6774541,0,0,
GPU,3,0.000,0.000,0.000,10613448,6774541,0,0,
GPU,3,0.000,0.000,0.000,10613448,6774541,0,0,
GPU,3,0.000,0.000,0.000,8330840,5406183,0,0,
GPU,3,0.000,0.000,0.000,8330840,5406183,0,0,
GPU,3,0.000,0.000,0.000,8330840,5406183,0,0,
GPU,3,0.000,0.000,0.000,8330840,5406183,0,0,
GPU,3,0.000,0.000,0.000,10556773,6817916,0,0,
GPU,3,0.000,0.000,0.000,10556773,6817916,0,0,
GPU,3,0.000,0.000,0.000,10556773,6817916,0,0,
GPU,3,0.000,0.000,0.000,10680307,6857881,0,0,
GPU,3,0.000,0.000,0.000,10680307,6857881,0,0,
GPU,3,0.000,0.000,0.000,10680307,6857881,0,0,
GPU,3,0.000,0.000,0.000,10623719,6781097,0,0,
GPU,3,0.000,0.000,0.000,10623719,6781097,0,0,
GPU,3,0.000,0.000,0.000,10623719,6781097,0,0,
GPU,3,0.000,0.000,0.000,10492469,6769334,0,0,
GPU,3,0.000,0.000,0.000,10492469,6769334,0,0,
GPU,3,0.000,0.000,0.000,10492469,6769334,0,0,
GPU,3,0.000,0.000,0.000,10492469,6769334,0,0,
GPU,3,0.000,0.000,0.000,9507513,5898179,0,0,
GPU,3,0.000,0.000,0.000,9507513,5898179,0,0,
GPU,3,0.000,0.000,0.000,9507513,5898179,0,0,
GPU,3,0.000,0.000,0.000,10550239,6846432,0,0,
GPU,3,0.000,0.000,0.000,10550239,6846432,0,0,
GPU,3,0.000,0.000,0.000,10550239,6846432,0,0,
GPU,3,0.000,0.000,0.000,10484484,6651447,0,0,
GPU,3,0.000,0.000,0.000,10484484,6651447,0,0,
GPU,3,0.000,0.000,0.000,10484484,6651447,0,0,
GPU,3,0.000,0.000,0.000,10511295,6894505,0,0,
GPU,3,0.000,0.000,0.000,10511295,6894505,0,0,
GPU,3,0.000,0.000,0.000,10511295,6894505,0,0,
GPU,3,0.000,0.000,0.000,10270488,6555630,0,0,
GPU,3,0.000,0.000,0.000,10270488,6555630,0,0,
GPU,3,0.000,0.000,0.000,10270488,6555630,0,0,
GPU,3,0.000,0.000,0.000,12833745,7643627,0,0,
GPU,3,0.000,0.000,0.000,12833745,7643627,0,0,
GPU,3,0.000,0.000,0.000,12833745,7643627,0,0,
GPU,3,0.000,0.000,0.000,12833745,7643627,0,0,
GPU,3,0.000,0.000,0.000,10498465,6773203,0,0,
GPU,3,0.000,0.000,0.000,10498465,6773203,0,0,
GPU,3,0.000,0.000,0.000,10498465,6773203,0,0,
GPU,3,0.000,0.000,0.000,10706487,6761991,0,0,
GPU,3,0.000,0.000,0.000,10706487,6761991,0,0,
GPU,3,0.000,0.000,0.000,10706487,6761991,0,0,
GPU,3,0.000,0.000,0.000,9314728,6109660,0,0,
GPU,3,0.000,0.000,0.000,9314728,6109660,0,0,
GPU,3,0.000,0.000,0.000,9314728,6109660,0,0,
GPU,3,0.000,0.000,0.000,10563212,6751744,0,0,
GPU,3,0.000,0.000,0.000,10563212,6751744,0,0,
GPU,3,0.000,0.000,0.000,10563212,6751744,0,0,
GPU,3,0.000,0.000,0.000,10524842,6717984,0,0,
GPU,3,0.000,0.000,0.000,10524842,6717984,0,0,
GPU,3,0.000,0.000,0.000,10524842,6717984,0,0,
GPU,3,0.000,0.000,0.000,10333450,6739206,0,0,
GPU,3,0.000,0.000,0.000,10333450,6739206,0,0,
GPU,3,0.000,0.000,0.000,10333450,6739206,0,0,
GPU,3,0.000,0.000,0.000,10176601,6495703,0,0,
GPU,3,0.000,0.000,0.000,10176601,6495703,0,0,
GPU,3,0.000,0.000,0.000,10176601,6495703,0,0,
GPU,3,0.000,0.000,0.000,10669966,6819978,0,0,
GPU,3,0.000,0.000,0.000,10669966,6819978,0,0,
GPU,3,0.000,0.000,0.000,10669966,6819978,0,0,
GPU,3,0.000,0.000,0.000,10708448,6875951,0,0,
GPU,3,0.000,0.000,0.000,10708448,6875951,0,0,
GPU,3,0.000,0.000,0.000,10708448,6875951,0,0,
GPU,3,0.000,0.000,0.000,10607759,6770910,0,0,
GPU,3,0.000,0.000,0.000,10607759,6770910,0,0,
GPU,3,0.000,0.000,0.000,10607759,6770910,0,0,
GPU,3,0.000,0.000,0.000,10607759,6770910,0,0,
GPU,3,0.000,0.000,0.000,8215819,5300528,0,0,
GPU,3,0.000,0.000,0.000,8215819,5300528,0,0,
GPU,3,0.000,0.000,0.000,8215819,5300528,0,0,
GPU,3,0.000,0.000,0.000,8215819,5300528,0,0,
GPU,3,0.000,0.000,0.000,8215819,5300528,0,0,
GPU,3,0.000,0.000,0.000,6743691,4379923,0,0,
GPU,3,0.000,0.000,0.000,6743691,4379923,0,0,
GPU,3,0.000,0.000,0.000,6743691,4379923,0,0,
GPU,3,0.000,0.000,0.000,10540549,6657189,0,0,
GPU,3,0.000,0.000,0.000,10540549,6657189,0,0,
GPU,3,0.000,0.000,0.000,10540549,6657189,0,0,
GPU,3,0.000,0.000,0.000,10561797,6853932,0,0,
GPU,3,0.000,0.000,0.000,10561797,6853932,0,0,
GPU,3,0.000,0.000,0.000,10561797,6853932,0,0,
GPU,3,0.000,0.000,0.000,10265580,6552498,0,0,
GPU,3,0.000,0.000,0.000,10265580,6552498,0,0,
GPU,3,0.000,0.000,0.000,10265580,6552498,0,0,
GPU,3,0.000,0.000,0.000,10265580,6552498,0,0,
GPU,3,0.000,0.000,0.000,10785527,6933553,0,0,
GPU,3,0.000,0.000,0.000,10785527,6933553,0,0,
GPU,3,0.000,0.000,0.000,10785527,6933553,0,0,
GPU,3,0.000,0.000,0.000,10681733,6858797,0,0,
GPU,3,0.000,0.000,0.000,10681733,6858797,0,0,
GPU,3,0.000,0.000,0.000,10681733,6858797,0,0,
GPU,3,0.000,0.000,0.000,10514117,6783301,0,0,
GPU,3,0.000,0.000,0.000,10514117,6783301,0,0,
GPU,3,0.000,0.000,0.000,10514117,6783301,0,0,
GPU,3,0.000,0.000,0.000,10514117,6783301,0,0,
GPU,3,0.000,0.000,0.000,8161050,5209181,0,0,
GPU,3,0.000,0.000,0.000,8161050,5209181,0,0,
GPU,3,0.000,0.000,0.000,8161050,5209181,0,0,
GPU,3,0.000,0.000,0.000,10763760,6919560,0,0,
GPU,3,0.000,0.000,0.000,10763760,6919560,0,0,
GPU,3,0.000,0.000,0.000,10763760,6919560,0,0,
GPU,3,0.000,0.000,0.000,10562020,6854076,0,0,
GPU,3,0.000,0.000,0.000,10562020,6854076,0,0,
GPU,3,0.000,0.000,0.000,10562020,6854076,0,0,
GPU,3,0.000,0.000,0.000,10493727,6770146,0,0,
GPU,3,0.000,0.000,0.000,10493727,6770146,0,0,
GPU,3,0.000,0.000,0.000,10493727,6770146,0,0,
GPU,3,0.000,0.000,0.000,10493727,6770146,0,0,
GPU,3,0.000,0.000,0.000,10493727,6770146,0,0,
GPU,3,0.000,0.000,0.000,6334391,4043228,0,0,
GPU,3,0.000,0.000,0.000,6334391,4043228,0,0,
GPU,3,0.000,0.000,0.000,6334391,4043228,0,0,
GPU,3,0.000,0.000,0.000,12412500,7447500,0,0,
GPU,3,0.000,0.000,0.000,12412500,7447500,0,0,
GPU,3,0.000,0.000,0.000,12412500,7447500,0,0,
GPU,3,0.000,0.000,0.000,12412500,7447500,0,0,
GPU,3,0.000,0.000,0.000,10602300,6767426,0,0,
GPU,3,0.000,0.000,0.000,10602300,6767426,0,0,
GPU,3,0.000,0.000,0.000,10380964,6770194,0,0,
GPU,3,0.000,0.000,0.000,10380964,6770194,0,0,
GPU,3,0.000,0.000,0.000,10380964,6770194,0,0,
GPU,3,0.000,0.000,0.000,10380964,6770194,0,0,
GPU,3,0.000,0.000,0.000,10279543,6561410,0,0,
GPU,3,0.000,0.000,0.000,10279543,6561410,0,0,
GPU,3,0.000,0.000,0.000,10279543,6561410,0,0,
GPU,3,0.000,0.000,0.000,10666739,6817916,0,0,
GPU,3,0.000,0.000,0.000,10666739,6817916,0,0,
GPU,3,0.000,0.000,0.000,10666739,6817916,0,0,
GPU,3,0.000,0.000,0.000,10587224,6870433,0,0,
GPU,3,0.000,0.000,0.000,10587224,6870433,0,0,
GPU,3,0.000,0.000,0.000,10587224,6870433,0,0,
GPU,3,0.000,0.000,0.000,10704979,6761039,0,0,
GPU,3,0.000,0.000,0.000,10704979,6761039,0,0,
GPU,3,0.000,0.000,0.000,10704979,6761039,0,0,
GPU,3,0.000,0.000,0.000,8847926,5803478,0,0,
GPU,3,0.000,0.000,0.000,8847926,5803478,0,0,
GPU,3,0.000,0.000,0.000,8847926,5803478,0,0,
GPU,3,0.000,0.000,0.000,8847926,5803478,0,0,
GPU,3,0.000,0.000,0.000,10677748,6824952,0,0,
GPU,3,0.000,0.000,0.000,10677748,6824952,0,0,
GPU,3,0.000,0.000,0.000,10670860,6851815,0,0,
GPU,3,0.000,0.000,0.000,10670860,6851815,0,0,
GPU,3,0.000,0.000,0.000,10670860,6851815,0,0,
GPU,3,0.000,0.000,0.000,10670860,6851815,0,0,
GPU,3,0.000,0.000,0.000,10282268,6666525,0,0,
GPU,3,0.000,0.000,0.000,10282268,6666525,0,0,
GPU,3,0.000,0.000,0.000,10282268,6666525,0,0,
GPU,3,0.000,0.000,0.000,8820855,5630333,0,0,
GPU,3,0.000,0.000,0.000,8820855,5630333,0,0,
GPU,3,0.000,0.000,0.000,8820855,5630333,0,0,
GPU,3,0.000,0.000,0.000,8820855,5630333,0,0,
GPU,3,0.000,0.000,0.000,10219510,6569685,0,0,
GPU,3,0.000,0.000,0.000,10219510,6569685,0,0,
GPU,3,0.000,0.000,0.000,10582382,6867291,0,0,
GPU,3,0.000,0.000,0.000,10582382,6867291,0,0,
GPU,3,0.000,0.000,0.000,10582382,6867291,0,0,
GPU,3,0.000,0.000,0.000,10582382,6867291,0,0,
GPU,3,0.000,0.000,0.000,10598191,6764803,0,0,
GPU,3,0.000,0.000,0.000,10598191,6764803,0,0,
GPU,3,0.000,0.000,0.000,10598191,6764803,0,0,
GPU,3,0.000,0.000,0.000,10513152,6782678,0,0,
GPU,3,0.000,0.000,0.000,10513152,6782678,0,0,
GPU,3,0.000,0.000,0.000,10513152,6782678,0,0,
GPU,3,0.000,0.000,0.000,10299253,6573991,0,0,
GPU,3,0.000,0.000,0.000,10299253,6573991,0,0,
GPU,3,0.000,0.000,0.000,10299253,6573991,0,0,
GPU,3,0.000,0.000,0.000,12882222,7748003,0,0,
GPU,3,0.000,0.000,0.000,12882222,7748003,0,0,
GPU,3,0.000,0.000,0.000,12882222,7748003,0,0,
GPU,3,0.000,0.000,0.000,12882222,7748003,0,0,
GPU,3,0.000,0.000,0.000,10614197,6775019,0,0,
GPU,3,0.000,0.000,0.000,10614197,6775019,0,0,
GPU,3,0.000,0.000,0.000,10620493,6779038,0,0,
GPU,3,0.000,0.000,0.000,10620493,6779038,0,0,
GPU,3,0.000,0.000,0.000,10620493,6779038,0,0,
GPU,3,0.000,0.000,0.000,10620493,6779038,0,0,
GPU,3,0.000,0.000,0.000,10287911,6676197,0,0,
GPU,3,0.000,0.000,0.000,10287911,6676197,0,0,
GPU,3,0.000,0.000,0.000,10287911,6676197,0,0,
GPU,3,0.000,0.000,0.000,10651147,6807949,0,0,
GPU,3,0.000,0.000,0.000,10651147,6807949,0,0,
GPU,3,0.000,0.000,0.000,10651147,6807949,0,0,
GPU,3,0.000,0.000,0.000,10575908,6750580,0,0,
GPU,3,0.000,0.000,0.000,10575908,6750580,0,0,
GPU,3,0.000,0.000,0.000,10575908,6750580,0,0,
GPU,3,0.000,0.000,0.000,10518056,6898940,0,0,
GPU,3,0.000,0.000,0.000,10518056,6898940,0,0,
GPU,3,0.000,0.000,0.000,10518056,6898940,0,0,
GPU,3,0.000,0.000,0.000,10161612,6486135,0,0,
GPU,3,0.000,0.000,0.000,10161612,6486135,0,0,
GPU,3,0.000,0.000,0.000,10161612,6486135,0,0,
GPU,3,0.000,0.000,0.000,10722467,6783601,0,0,
GPU,3,0.000,0.000,0.000,10722467,6783601,0,0,
GPU,3,0.000,0.000,0.000,10722467,6783601,0,0,
GPU,3,0.000,0.000,0.000,10640234,6832150,0,0,
GPU,3,0.000,0.000,0.000,10640234,6832150,0,0,
GPU,3,0.000,0.000,0.000,10640234,6832150,0,0,
GPU,3,0.000,0.000,0.000,10461927,6749630,0,0,
GPU,3,0.000,0.000,0.000,10461927,6749630,0,0,
GPU,3,0.000,0.000,0.000,10461927,6749630,0,0,
GPU,3,0.000,0.000,0.000,10461927,6749630,0,0,
GPU,3,0.000,0.000,0.000,8870853,5756617,0,0,
GPU,3,0.000,0.000,0.000,8870853,5756617,0,0,
GPU,3,0.000,0.000,0.000,8870853,5756617,0,0,
GPU,3,0.000,0.000,0.000,10446113,6676897,0,0,
GPU,3,0.000,0.000,0.000,10446113,6676897,0,0,
GPU,3,0.000,0.000,0.000,10446113,6676897,0,0,
GPU,3,0.000,0.000,0.000,10514247,6823075,0,0,
GPU,3,0.000,0.000,0.000,10514247,6823075,0,0,
GPU,3,0.000,0.000,0.000,10514247,6823075,0,0,
GPU,3,0.000,0.000,0.000,10563058,6742377,0,0,
GPU,3,0.000,0.000,0.000,10563058,6742377,0,0,
GPU,3,0.000,0.000,0.000,10563058,6742377,0,0,
GPU,3,0.000,0.000,0.000,10454430,6744793,0,0,
GPU,3,0.000,0.000,0.000,10454430,6744793,0,0,
GPU,3,0.000,0.000,0.000,10454430,6744793,0,0,
GPU,3,0.000,0.000,0.000,10454430,6744793,0,0,
GPU,3,0.000,0.000,0.000,9895689,6070465,0,0,
GPU,3,0.000,0.000,0.000,9895689,6070465,0,0,
GPU,3,0.000,0.000,0.000,9895689,6070465,0,0,
GPU,3,0.000,0.000,0.000,10560092,6740484,0,0,
GPU,3,0.000,0.000,0.000,10560092,6740484,0,0,
GPU,3,0.000,0.000,0.000,10560092,6740484,0,0,
GPU,3,0.000,0.000,0.000,10573380,6861449,0,0,
GPU,3,0.000,0.000,0.000,10573380,6861449,0,0,
GPU,3,0.000,0.000,0.000,10573380,6861449,0,0,
GPU,3,0.000,0.000,0.000,10631304,6785938,0,0,
GPU,3,0.000,0.000,0.000,10631304,6785938,0,0,
GPU,3,0.000,0.000,0.000,10631304,6785938,0,0,
GPU,3,0.000,0.000,0.000,10631304,6785938,0,0,
GPU,3,0.000,0.000,0.000,10204081,6583278,0,0,
GPU,3,0.000,0.000,0.000,10204081,6583278,0,0,
GPU,3,0.000,0.000,0.000,10204081,6583278,0,0,
GPU,3,0.000,0.000,0.000,12846625,7651299,0,0,
GPU,3,0.000,0.000,0.000,12846625,7651299,0,0,
GPU,3,0.000,0.000,0.000,12846625,7651299,0,0,
GPU,3,0.000,0.000,0.000,10567214,6857447,0,0,
GPU,3,0.000,0.000,0.000,10567214,6857447,0,0,
GPU,3,0.000,0.000,0.000,10567214,6857447,0,0,
GPU,3,0.000,0.000,0.000,10559202,6852248,0,0,
GPU,3,0.000,0.000,0.000,10559202,6852248,0,0,
GPU,3,0.000,0.000,0.000,10559202,6852248,0,0,
GPU,3,0.000,0.000,0.000,10220793,6523910,0,0,
GPU,3,0.000,0.000,0.000,10220793,6523910,0,0,
GPU,3,0.000,0.000,0.000,10220793,6523910,0,0,
GPU,3,0.000,0.000,0.000,10220793,6523910,0,0,
GPU,3,0.000,0.000,0.000,10112132,6567673,0,0,
GPU,3,0.000,0.000,0.000,10112132,6567673,0,0,
GPU,3,0.000,0.000,0.000,10112132,6567673,0,0,
GPU,3,0.000,0.000,0.000,10686915,6749630,0,0,
GPU,3,0.000,0.000,0.000,10686915,6749630,0,0,
GPU,3,0.000,0.000,0.000,10686915,6749630,0,0,
GPU,3,0.000,0.000,0.000,10272329,6660081,0,0,
GPU,3,0.000,0.000,0.000,10272329,6660081,0,0,
GPU,3,0.000,0.000,0.000,10272329,6660081,0,0,
GPU,3,0.000,0.000,0.000,10050519,6415225,0,0,
GPU,3,0.000,0.000,0.000,10050519,6415225,0,0,
GPU,3,0.000,0.000,0.000,10050519,6415225,0,0,
GPU,3,0.000,0.000,0.000,10620171,6897637,0,0,
GPU,3,0.000,0.000,0.000,10620171,6897637,0,0,
GPU,3,0.000,0.000,0.000,10620171,6897637,0,0,
GPU,3,0.000,0.000,0.000,10594757,6762611,0,0,
GPU,3,0.000,0.000,0.000,10594757,6762611,0,0,
GPU,3,0.000,0.000,0.000,10594757,6762611,0,0,
GPU,3,0.000,0.000,0.000,10560537,6853114,0,0,
GPU,3,0.000,0.000,0.000,10560537,6853114,0,0,
GPU,3,0.000,0.000,0.000,10560537,6853114,0,0,
GPU,3,0.000,0.000,0.000,10560537,6853114,0,0,
GPU,3,0.000,0.000,0.000,8810677,5684307,0,0,
GPU,3,0.000,0.000,0.000,8810677,5684307,0,0,
GPU,3,0.000,0.000,0.000,8810677,5684307,0,0,
GPU,3,0.000,0.000,0.000,10502168,6712726,0,0,
GPU,3,0.000,0.000,0.000,10502168,6712726,0,0,
GPU,3,0.000,0.000,0.000,10502168,6712726,0,0,
GPU,3,0.000,0.000,0.000,10543435,6729852,0,0,
GPU,3,0.000,0.000,0.000,10543435,6729852,0,0,
GPU,3,0.000,0.000,0.000,10543435,6729852,0,0,
GPU,3,0.000,0.000,0.000,10560314,6852970,0,0,
GPU,3,0.000,0.000,0.000,10560314,6852970,0,0,
GPU,3,0.000,0.000,0.000,10560314,6852970,0,0,
GPU,3,0.000,0.000,0.000,10568551,6745883,0,0,
GPU,3,0.000,0.000,0.000,10568551,6745883,0,0,
GPU,3,0.000,0.000,0.000,10568551,6745883,0,0,
GPU,3,0.000,0.000,0.000,10568551,6745883,0,0,
GPU,3,0.000,0.000,0.000,10325012,6227785,0,0,
GPU,3,0.000,0.000,0.000,10325012,6227785,0,0,
GPU,3,0.000,0.000,0.000,10325012,6227785,0,0,
GPU,3,0.000,0.000,0.000,10325012,6227785,0,0,
GPU,3,0.000,0.000,0.000,10646941,6836457,0,0,
GPU,3,0.000,0.000,0.000,10646941,6836457,0,0,
GPU,3,0.000,0.000,0.000,10626346,6895820,0,0,
GPU,3,0.000,0.000,0.000,10626346,6895820,0,0,
GPU,3,0.000,0.000,0.000,10626346,6895820,0,0,
GPU,3,0.000,0.000,0.000,10626346,6895820,0,0,
GPU,3,0.000,0.000,0.000,10512409,6782199,0,0,
GPU,3,0.000,0.000,0.000,10512409,6782199,0,0,
GPU,3,0.000,0.000,0.000,10512409,6782199,0,0,
GPU,3,0.000,0.000,0.000,10304828,6577549,0,0,
GPU,3,0.000,0.000,0.000,10304828,6577549,0,0,
GPU,3,0.000,0.000,0.000,10304828,6577549,0,0,
GPU,3,0.000,0.000,0.000,12727144,7636286,0,0,
GPU,3,0.000,0.000,0.000,12727144,7636286,0,0,
GPU,3,0.000,0.000,0.000,12727144,7636286,0,0,
GPU,3,0.000,0.000,0.000,10602824,6767760,0,0,
GPU,3,0.000,0.000,0.000,10602824,6767760,0,0,
GPU,3,0.000,0.000,0.000,10602824,6767760,0,0,
GPU,3,0.000,0.000,0.000,10400387,6749187,0,0,
GPU,3,0.000,0.000,0.000,10400387,6749187,0,0,
GPU,3,0.000,0.000,0.000,10400387,6749187,0,0,
GPU,3,0.000,0.000,0.000,10400387,6749187,0,0,
GPU,3,0.000,0.000,0.000,10400387,6749187,0,0,
GPU,3,0.000,0.000,0.000,10400387,6749187,0,0,
GPU,3,0.000,0.000,0.000,10400387,6749187,0,0,
GPU,3,0.000,0.000,0.000,4926296,3148766,0,0,
GPU,3,0.000,0.000,0.000,4926296,3148766,0,0,
GPU,3,0.000,0.000,0.000,4926296,3148766,0,0,
GPU,3,0.000,0.000,0.000,10545061,6843072,0,0,
GPU,3,0.000,0.000,0.000,10545061,6843072,0,0,
GPU,3,0.000,0.000,0.000,10545061,6843072,0,0,
GPU,3,0.000,0.000,0.000,10338821,6630330,0,0,
GPU,3,0.000,0.000,0.000,10338821,6630330,0,0,
GPU,3,0.000,0.000,0.000,10338821,6630330,0,0,
GPU,3,0.000,0.000,0.000,10150691,6548833,0,0,
GPU,3,0.000,0.000,0.000,10150691,6548833,0,0,
GPU,3,0.000,0.000,0.000,10150691,6548833,0,0,
GPU,3,0.000,0.000,0.000,10150691,6548833,0,0,
GPU,3,0.000,0.000,0.000,8997274,5783962,0,0,
GPU,3,0.000,0.000,0.000,8997274,5783962,0,0,
GPU,3,0.000,0.000,0.000,8997274,5783962,0,0,
GPU,3,0.000,0.000,0.000,10541588,6728673,0,0,
GPU,3,0.000,0.000,0.000,10541588,6728673,0,0,
GPU,3,0.000,0.000,0.000,10541588,6728673,0,0,
GPU,3,0.000,0.000,0.000,10597295,6876968,0,0,
GPU,3,0.000,0.000,0.000,10597295,6876968,0,0,
GPU,3,0.000,0.000,0.000,10597295,6876968,0,0,
GPU,3,0.000,0.000,0.000,10270838,6555854,0,0,
GPU,3,0.000,0.000,0.000,10270838,6555854,0,0,
GPU,3,0.000,0.000,0.000,10270838,6555854,0,0,
GPU,3,0.000,0.000,0.000,10270838,6555854,0,0,
GPU,3,0.000,0.000,0.000,8743468,5646823,0,0,
GPU,3,0.000,0.000,0.000,8743468,5646823,0,0,
GPU,3,0.000,0.000,0.000,8743468,5646823,0,0,
GPU,3,0.000,0.000,0.000,10624392,6821978,0,0,
GPU,3,0.000,0.000,0.000,10624392,6821978,0,0,
GPU,3,0.000,0.000,0.000,10624392,6821978,0,0,
GPU,3,0.000,0.000,0.000,10624392,6821978,0,0,
GPU,3,0.000,0.000,0.000,14880321,7918767,0,0,
GPU,3,0.000,0.000,0.000,14880321,7918767,0,0,
GPU,3,0.000,0.000,0.000,14880321,7918767,0,0,
GPU,3,0.000,0.000,0.000,10244115,6538796,0,0,
GPU,3,0.000,0.000,0.000,10244115,6538796,0,0,
GPU,3,0.000,0.000,0.000,10244115,6538796,0,0,
GPU,3,0.000,0.000,0.000,10244115,6538796,0,0,
GPU,3,0.000,0.000,0.000,9376700,6027878,0,0,
GPU,3,0.000,0.000,0.000,9376700,6027878,0,0,
GPU,3,0.000,0.000,0.000,9376700,6027878,0,0,
GPU,3,0.000,0.000,0.000,10635022,6828804,0,0,
GPU,3,0.000,0.000,0.000,10635022,6828804,0,0,
GPU,3,0.000,0.000,0.000,10635022,6828804,0,0,
GPU,3,0.000,0.000,0.000,10605665,6769573,0,0,
GPU,3,0.000,0.000,0.000,10605665,6769573,0,0,
GPU,3,0.000,0.000,0.000,10605665,6769573,0,0,
GPU,3,0.000,0.000,0.000,10605665,6769573,0,0,
GPU,3,0.000,0.000,0.000,9413708,6008750,0,0,
GPU,3,0.000,0.000,0.000,9413708,6008750,0,0,
GPU,3,0.000,0.000,0.000,9413708,6008750,0,0,
GPU,3,0.000,0.000,0.000,8359321,5429250,0,0,
GPU,3,0.000,0.000,0.000,8359321,5429250,0,0,
GPU,3,0.000,0.000,0.000,8359321,5429250,0,0,
GPU,3,0.000,0.000,0.000,10691726,6752669,0,0,
GPU,3,0.000,0.000,0.000,10691726,6752669,0,0,
GPU,3,0.000,0.000,0.000,10691726,6752669,0,0,
GPU,3,0.000,0.000,0.000,10497872,6885701,0,0,
GPU,3,0.000,0.000,0.000,10497872,6885701,0,0,
GPU,3,0.000,0.000,0.000,10497872,6885701,0,0,
GPU,3,0.000,0.000,0.000,10497872,6885701,0,0,
GPU,3,0.000,0.000,0.000,9037972,5768918,0,0,
GPU,3,0.000,0.000,0.000,9037972,5768918,0,0,
GPU,3,0.000,0.000,0.000,9037972,5768918,0,0,
GPU,3,0.000,0.000,0.000,9037972,5768918,0,0,
GPU,3,0.000,0.000,0.000,9037972,5768918,0,0,
GPU,3,0.000,0.000,0.000,6958775,4473498,0,0,
GPU,3,0.000,0.000,0.000,6958775,4473498,0,0,
GPU,3,0.000,0.000,0.000,6958775,4473498,0,0,
GPU,3,0.000,0.000,0.000,10557201,6738639,0,0,
GPU,3,0.000,0.000,0.000,10557201,6738639,0,0,
GPU,3,0.000,0.000,0.000,10557201,6738639,0,0,
GPU,3,0.000,0.000,0.000,10223570,6628468,0,0,
GPU,3,0.000,0.000,0.000,10223570,6628468,0,0,
GPU,3,0.000,0.000,0.000,10223570,6628468,0,0,
GPU,3,0.000,0.000,0.000,10229413,6638236,0,0,
GPU,3,0.000,0.000,0.000,10229413,6638236,0,0,
GPU,3,0.000,0.000,0.000,10229413,6638236,0,0,
GPU,3,0.000,0.000,0.000,10656120,6811128,0,0,
GPU,3,0.000,0.000,0.000,10656120,6811128,0,0,
GPU,3,0.000,0.000,0.000,10656120,6811128,0,0,
GPU,3,0.000,0.000,0.000,10548611,6733156,0,0,
GPU,3,0.000,0.000,0.000,10548611,6733156,0,0,
GPU,3,0.000,0.000,0.000,10548611,6733156,0,0,
GPU,3,0.000,0.000,0.000,10626346,6895820,0,0,
GPU,3,0.000,0.000,0.000,10626346,6895820,0,0,
GPU,3,0.000,0.000,0.000,10626346,6895820,0,0,
GPU,3,0.000,0.000,0.000,10626346,6895820,0,0,
GPU,3,0.000,0.000,0.000,10322438,6588790,0,0,
GPU,3,0.000,0.000,0.000,10322438,6588790,0,0,
GPU,3,0.000,0.000,0.000,10322438,6588790,0,0,
GPU,3,0.000,0.000,0.000,9017541,5763789,0,0,
GPU,3,0.000,0.000,0.000,9017541,5763789,0,0,
GPU,3,0.000,0.000,0.000,9017541,5763789,0,0,
GPU,3,0.000,0.000,0.000,10558461,6851767,0,0,
GPU,3,0.000,0.000,0.000,10558461,6851767,0,0,
GPU,3,0.000,0.000,0.000,10558461,6851767,0,0,
GPU,3,0.000,0.000,0.000,10623794,6781145,0,0,
GPU,3,0.000,0.000,0.000,10623794,6781145,0,0,
GPU,3,0.000,0.000,0.000,10623794,6781145,0,0,
GPU,3,0.000,0.000,0.000,10623794,6781145,0,0,
GPU,3,0.000,0.000,0.000,8799644,5710407,0,0,
GPU,3,0.000,0.000,0.000,8799644,5710407,0,0,
GPU,3,0.000,0.000,0.000,8799644,5710407,0,0,
GPU,3,0.000,0.000,0.000,8799644,5710407,0,0,
GPU,3,0.000,0.000,0.000,8890400,5624539,0,0,
GPU,3,0.000,0.000,0.000,8890400,5624539,0,0,
GPU,3,0.000,0.000,0.000,8890400,5624539,0,0,
GPU,3,0.000,0.000,0.000,10675206,6854606,0,0,
GPU,3,0.000,0.000,0.000,10675206,6854606,0,0,
GPU,3,0.000,0.000,0.000,10675206,6854606,0,0,
GPU,3,0.000,0.000,0.000,10571968,6748065,0,0,
GPU,3,0.000,0.000,0.000,10571968,6748065,0,0,
GPU,3,0.000,0.000,0.000,10571968,6748065,0,0,
GPU,3,0.000,0.000,0.000,10571968,6748065,0,0,
GPU,3,0.000,0.000,0.000,8863896,5813953,0,0,
GPU,3,0.000,0.000,0.000,8863896,5813953,0,0,
GPU,3,0.000,0.000,0.000,8863896,5813953,0,0,
GPU,3,0.000,0.000,0.000,8863896,5813953,0,0,
GPU,3,0.000,0.000,0.000,8451639,5402079,0,0,
GPU,3,0.000,0.000,0.000,8451639,5402079,0,0,
GPU,3,0.000,0.000,0.000,8451639,5402079,0,0,
GPU,3,0.000,0.000,0.000,10680382,6857929,0,0,
GPU,3,0.000,0.000,0.000,10680382,6857929,0,0,
GPU,3,0.000,0.000,0.000,10680382,6857929,0,0,
GPU,3,0.000,0.000,0.000,10626497,6782870,0,0,
GPU,3,0.000,0.000,0.000,10626497,6782870,0,0,
GPU,3,0.000,0.000,0.000,10626497,6782870,0,0,
GPU,3,0.000,0.000,0.000,8861758,5750715,0,0,
GPU,3,0.000,0.000,0.000,8861758,5750715,0,0,
GPU,3,0.000,0.000,0.000,8861758,5750715,0,0,
GPU,3,0.000,0.000,0.000,8861758,5750715,0,0,
GPU,3,0.000,0.000,0.000,8861758,5750715,0,0,
GPU,3,0.000,0.000,0.000,6730881,4302213,0,0,
GPU,3,0.000,0.000,0.000,6730881,4302213,0,0,
GPU,3,0.000,0.000,0.000,6730881,4302213,0,0,
GPU,3,0.000,0.000,0.000,10519836,6826702,0,0,
GPU,3,0.000,0.000,0.000,10519836,6826702,0,0,
GPU,3,0.000,0.000,0.000,10519836,6826702,0,0,
GPU,3,0.000,0.000,0.000,10625746,6782391,0,0,
GPU,3,0.000,0.000,0.000,10625746,6782391,0,0,
GPU,3,0.000,0.000,0.000,10625746,6782391,0,0,
GPU,3,0.000,0.000,0.000,10138864,6541202,0,0,
GPU,3,0.000,0.000,0.000,10138864,6541202,0,0,
GPU,3,0.000,0.000,0.000,10138864,6541202,0,0,
GPU,3,0.000,0.000,0.000,10138864,6541202,0,0,
GPU,3,0.000,0.000,0.000,10268971,6496695,0,0,
GPU,3,0.000,0.000,0.000,10268971,6496695,0,0,
GPU,3,0.000,0.000,0.000,10268971,6496695,0,0,
GPU,3,0.000,0.000,0.000,10586554,6869997,0,0,
GPU,3,0.000,0.000,0.000,10586554,6869997,0,0,
GPU,3,0.000,0.000,0.000,10586554,6869997,0,0,
GPU,3,0.000,0.000,0.000,10627473,6783493,0,0,
GPU,3,0.000,0.000,0.000,10627473,6783493,0,0,
GPU,3,0.000,0.000,0.000,10627473,6783493,0,0,
GPU,3,0.000,0.000,0.000,10298759,6573676,0,0,
GPU,3,0.000,0.000,0.000,10298759,6573676,0,0,
GPU,3,0.000,0.000,0.000,10298759,6573676,0,0,
GPU,3,0.000,0.000,0.000,9225245,5896548,0,0,
GPU,3,0.000,0.000,0.000,9225245,5896548,0,0,
GPU,3,0.000,0.000,0.000,9225245,5896548,0,0,
GPU,3,0.000,0.000,0.000,9225245,5896548,0,0,
GPU,3,0.000,0.000,0.000,10586181,6869756,0,0,
GPU,3,0.000,0.000,0.000,10586181,6869756,0,0,
GPU,3,0.000,0.000,0.000,10586181,6869756,0,0,
GPU,3,0.000,0.000,0.000,10641007,6792132,0,0,
GPU,3,0.000,0.000,0.000,10641007,6792132,0,0,
GPU,3,0.000,0.000,0.000,10641007,6792132,0,0,
GPU,3,0.000,0.000,0.000,9168104,5949514,0,0,
GPU,3,0.000,0.000,0.000,9168104,5949514,0,0,
GPU,3,0.000,0.000,0.000,9168104,5949514,0,0,
GPU,3,0.000,0.000,0.000,10871147,6877664,0,0,
GPU,3,0.000,0.000,0.000,10871147,6877664,0,0,
GPU,3,0.000,0.000,0.000,10871147,6877664,0,0,
GPU,3,0.000,0.000,0.000,10158800,6625304,0,0,
GPU,3,0.000,0.000,0.000,10158800,6625304,0,0,
GPU,3,0.000,0.000,0.000,10158800,6625304,0,0,
GPU,3,0.000,0.000,0.000,10558609,6739537,0,0,
GPU,3,0.000,0.000,0.000,10558609,6739537,0,0,
GPU,3,0.000,0.000,0.000,10558609,6739537,0,0,
GPU,3,0.000,0.000,0.000,10558609,6739537,0,0,
GPU,3,0.000,0.000,0.000,7726871,5039264,0,0,
GPU,3,0.000,0.000,0.000,7726871,5039264,0,0,
GPU,3,0.000,0.000,0.000,7726871,5039264,0,0,
GPU,3,0.000,0.000,0.000,10848958,6863626,0,0,
GPU,3,0.000,0.000,0.000,10848958,6863626,0,0,
GPU,3,0.000,0.000,0.000,10848958,6863626,0,0,
GPU,3,0.000,0.000,0.000,10457734,6786402,0,0,
GPU,3,0.000,0.000,0.000,10457734,6786402,0,0,
GPU,3,0.000,0.000,0.000,10457734,6786402,0,0,
GPU,3,0.000,0.000,0.000,10501577,6775211,0,0,
GPU,3,0.000,0.000,0.000,10501577,6775211,0,0,
GPU,3,0.000,0.000,0.000,10501577,6775211,0,0,
GPU,3,0.000,0.000,0.000,10501577,6775211,0,0,
GPU,3,0.000,0.000,0.000,8840893,5669703,0,0,
GPU,3,0.000,0.000,0.000,8840893,5669703,0,0,
GPU,3,0.000,0.000,0.000,8840893,5669703,0,0,
GPU,3,0.000,0.000,0.000,10576746,6869433,0,0,
GPU,3,0.000,0.000,0.000,10576746,6869433,0,0,
GPU,3,0.000,0.000,0.000,10576746,6869433,0,0,
GPU,3,0.000,0.000,0.000,10470771,6723337,0,0,
GPU,3,0.000,0.000,0.000,10470771,6723337,0,0,
GPU,3,0.000,0.000,0.000,10470771,6723337,0,0,
GPU,3,0.000,0.000,0.000,10470771,6723337,0,0,
GPU,3,0.000,0.000,0.000,10470771,6723337,0,0,
GPU,3,0.000,0.000,0.000,6151454,3968680,0,0,
GPU,3,0.000,0.000,0.000,6151454,3968680,0,0,
GPU,3,0.000,0.000,0.000,6151454,3968680,0,0,
GPU,3,0.000,0.000,0.000,6151454,3968680,0,0,
GPU,3,0.000,0.000,0.000,10069432,6457570,0,0,
GPU,3,0.000,0.000,0.000,10069432,6457570,0,0,
GPU,3,0.000,0.000,0.000,10069432,6457570,0,0,
GPU,3,0.000,0.000,0.000,9093945,5812624,0,0,
GPU,3,0.000,0.000,0.000,9093945,5812624,0,0,
GPU,3,0.000,0.000,0.000,9093945,5812624,0,0,
GPU,3,0.000,0.000,0.000,10699553,6870239,0,0,
GPU,3,0.000,0.000,0.000,10699553,6870239,0,0,
GPU,3,0.000,0.000,0.000,10699553,6870239,0,0,
GPU,3,0.000,0.000,0.000,10628149,6783924,0,0,
GPU,3,0.000,0.000,0.000,10628149,6783924,0,0,
GPU,3,0.000,0.000,0.000,10628149,6783924,0,0,
GPU,3,0.000,0.000,0.000,10628149,6783924,0,0,
GPU,3,0.000,0.000,0.000,10310691,6581292,0,0,
GPU,3,0.000,0.000,0.000,10310691,6581292,0,0,
GPU,3,0.000,0.000,0.000,10310691,6581292,0,0,
GPU,3,0.000,0.000,0.000,10834508,6925149,0,0,
GPU,3,0.000,0.000,0.000,10834508,6925149,0,0,
GPU,3,0.000,0.000,0.000,10834508,6925149,0,0,
GPU,3,0.000,0.000,0.000,10326305,6773168,0,0,
GPU,3,0.000,0.000,0.000,10326305,6773168,0,0,
GPU,3,0.000,0.000,0.000,10326305,6773168,0,0,
GPU,3,0.000,0.000,0.000,10720910,6883953,0,0,
GPU,3,0.000,0.000,0.000,10720910,6883953,0,0,
GPU,3,0.000,0.000,0.000,10720910,6883953,0,0,
GPU,3,0.000,0.000,0.000,8624427,5530882,0,0,
GPU,3,0.000,0.000,0.000,8624427,5530882,0,0,
GPU,3,0.000,0.000,0.000,8624427,5530882,0,0,
GPU,3,0.000,0.000,0.000,8624427,5530882,0,0,
GPU,3,0.000,0.000,0.000,11431898,7092010,0,0,
GPU,3,0.000,0.000,0.000,11431898,7092010,0,0,
GPU,3,0.000,0.000,0.000,11431898,7092010,0,0,
GPU,3,0.000,0.000,0.000,10443066,6776883,0,0,
GPU,3,0.000,0.000,0.000,10443066,6776883,0,0,
GPU,3,0.000,0.000,0.000,10443066,6776883,0,0,
GPU,3,0.000,0.000,0.000,10625145,6782007,0,0,
GPU,3,0.000,0.000,0.000,10625145,6782007,0,0,
GPU,3,0.000,0.000,0.000,10625145,6782007,0,0,
GPU,3,0.000,0.000,0.000,10785042,6893532,0,0,
GPU,3,0.000,0.000,0.000,10785042,6893532,0,0,
GPU,3,0.000,0.000,0.000,10785042,6893532,0,0,
GPU,3,0.000,0.000,0.000,10285870,6674873,0,0,
GPU,3,0.000,0.000,0.000,10285870,6674873,0,0,
GPU,3,0.000,0.000,0.000,10285870,6674873,0,0,
GPU,3,0.000,0.000,0.000,10285870,6674873,0,0,
GPU,3,0.000,0.000,0.000,13026644,7684783,0,0,
GPU,3,0.000,0.000,0.000,13026644,7684783,0,0,
GPU,3,0.000,0.000,0.000,13026644,7684783,0,0,
GPU,3,0.000,0.000,0.000,10623194,6893775,0,0,
GPU,3,0.000,0.000,0.000,10623194,6893775,0,0,
GPU,3,0.000,0.000,0.000,10623194,6893775,0,0,
GPU,3,0.000,0.000,0.000,10615846,6776071,0,0,
GPU,3,0.000,0.000,0.000,10615846,6776071,0,0,
GPU,3,0.000,0.000,0.000,10615846,6776071,0,0,
GPU,3,0.000,0.000,0.000,10179370,6567335,0,0,
GPU,3,0.000,0.000,0.000,10179370,6567335,0,0,
GPU,3,0.000,0.000,0.000,10179370,6567335,0,0,
GPU,3,0.000,0.000,0.000,9317692,5989945,0,0,
GPU,3,0.000,0.000,0.000,9317692,5989945,0,0,
GPU,3,0.000,0.000,0.000,9317692,5989945,0,0,
GPU,3,0.000,0.000,0.000,10698348,6869466,0,0,
GPU,3,0.000,0.000,0.000,10698348,6869466,0,0,
GPU,3,0.000,0.000,0.000,10698348,6869466,0,0,
GPU,3,0.000,0.000,0.000,10508771,6779852,0,0,
GPU,3,0.000,0.000,0.000,10508771,6779852,0,0,
GPU,3,0.000,0.000,0.000,10508771,6779852,0,0,
GPU,3,0.000,0.000,0.000,10508771,6779852,0,0,
GPU,3,0.000,0.000,0.000,10304334,6577234,0,0,
GPU,3,0.000,0.000,0.000,10304334,6577234,0,0,
GPU,3,0.000,0.000,0.000,10304334,6577234,0,0,
GPU,3,0.000,0.000,0.000,9178543,5866698,0,0,
GPU,3,0.000,0.000,0.000,9178543,5866698,0,0,
GPU,3,0.000,0.000,0.000,9178543,5866698,0,0,
GPU,3,0.000,0.000,0.000,10505360,6817308,0,0,
GPU,3,0.000,0.000,0.000,10505360,6817308,0,0,
GPU,3,0.000,0.000,0.000,10505360,6817308,0,0,
GPU,3,0.000,0.000,0.000,10565359,6743846,0,0,
GPU,3,0.000,0.000,0.000,10565359,6743846,0,0,
GPU,3,0.000,0.000,0.000,10565359,6743846,0,0,
GPU,3,0.000,0.000,0.000,10049359,6553929,0,0,
GPU,3,0.000,0.000,0.000,10049359,6553929,0,0,
GPU,3,0.000,0.000,0.000,10049359,6553929,0,0,
GPU,3,0.000,0.000,0.000,10049359,6553929,0,0,
GPU,3,0.000,0.000,0.000,10741108,6936965,0,0,
GPU,3,0.000,0.000,0.000,10741108,6936965,0,0,
GPU,3,0.000,0.000,0.000,10741108,6936965,0,0,
GPU,3,0.000,0.000,0.000,10525368,6647600,0,0,
GPU,3,0.000,0.000,0.000,10525368,6647600,0,0,
GPU,3,0.000,0.000,0.000,10525368,6647600,0,0,
GPU,3,0.000,0.000,0.000,10621618,6892752,0,0,
GPU,3,0.000,0.000,0.000,10621618,6892752,0,0,
GPU,3,0.000,0.000,0.000,10621618,6892752,0,0,
GPU,3,0.000,0.000,0.000,8794293,5613378,0,0,
GPU,3,0.000,0.000,0.000,8794293,5613378,0,0,
GPU,3,0.000,0.000,0.000,8794293,5613378,0,0,
GPU,3,0.000,0.000,0.000,8794293,5613378,0,0,
GPU,3,0.000,0.000,0.000,11375380,7056949,0,0,
GPU,3,0.000,0.000,0.000,11375380,7056949,0,0,
GPU,3,0.000,0.000,0.000,11375380,7056949,0,0,
GPU,3,0.000,0.000,0.000,10518812,6754185,0,0,
GPU,3,0.000,0.000,0.000,10518812,6754185,0,0,
GPU,3,0.000,0.000,0.000,10518812,6754185,0,0,
GPU,3,0.000,0.000,0.000,10509068,6780044,0,0,
GPU,3,0.000,0.000,0.000,10509068,6780044,0,0,
GPU,3,0.000,0.000,0.000,10509068,6780044,0,0,
GPU,3,0.000,0.000,0.000,10605590,6882351,0,0,
GPU,3,0.000,0.000,0.000,10605590,6882351,0,0,
GPU,3,0.000,0.000,0.000,10605590,6882351,0,0,
GPU,3,0.000,0.000,0.000,10303204,6576513,0,0,
GPU,3,0.000,0.000,0.000,10303204,6576513,0,0,
GPU,3,0.000,0.000,0.000,10303204,6576513,0,0,
GPU,3,0.000,0.000,0.000,12784166,7575802,0,0,
GPU,3,0.000,0.000,0.000,12784166,7575802,0,0,
GPU,3,0.000,0.000,0.000,12784166,7575802,0,0,
GPU,3,0.000,0.000,0.000,12784166,7575802,0,0,
GPU,3,0.000,0.000,0.000,10617120,6889833,0,0,
GPU,3,0.000,0.000,0.000,10617120,6889833,0,0,
GPU,3,0.000,0.000,0.000,10617120,6889833,0,0,
GPU,3,0.000,0.000,0.000,10453082,6672180,0,0,
GPU,3,0.000,0.000,0.000,10453082,6672180,0,0,
GPU,3,0.000,0.000,0.000,10453082,6672180,0,0,
GPU,3,0.000,0.000,0.000,10275891,6668397,0,0,
GPU,3,0.000,0.000,0.000,10275891,6668397,0,0,
GPU,3,0.000,0.000,0.000,10275891,6668397,0,0,
GPU,3,0.000,0.000,0.000,8827281,5700952,0,0,
GPU,3,0.000,0.000,0.000,8827281,5700952,0,0,
GPU,3,0.000,0.000,0.000,8827281,5700952,0,0,
GPU,3,0.000,0.000,0.000,10709127,6876387,0,0,
GPU,3,0.000,0.000,0.000,10709127,6876387,0,0,
GPU,3,0.000,0.000,0.000,10709127,6876387,0,0,
GPU,3,0.000,0.000,0.000,10508548,6779708,0,0,
GPU,3,0.000,0.000,0.000,10508548,6779708,0,0,
GPU,3,0.000,0.000,0.000,10508548,6779708,0,0,
GPU,3,0.000,0.000,0.000,10186269,6571786,0,0,
GPU,3,0.000,0.000,0.000,10186269,6571786,0,0,
GPU,3,0.000,0.000,0.000,10186269,6571786,0,0,
GPU,3,0.000,0.000,0.000,10186269,6571786,0,0,
GPU,3,0.000,0.000,0.000,9190066,5874062,0,0,
GPU,3,0.000,0.000,0.000,9190066,5874062,0,0,
GPU,3,0.000,0.000,0.000,9190066,5874062,0,0,
GPU,3,0.000,0.000,0.000,10607932,6811409,0,0,
GPU,3,0.000,0.000,0.000,10607932,6811409,0,0,
GPU,3,0.000,0.000,0.000,10607932,6811409,0,0,
GPU,3,0.000,0.000,0.000,10458986,6747733,0,0,
GPU,3,0.000,0.000,0.000,10458986,6747733,0,0,
GPU,3,0.000,0.000,0.000,10458986,6747733,0,0,
GPU,3,0.000,0.000,0.000,10091038,6471427,0,0,
GPU,3,0.000,0.000,0.000,10091038,6471427,0,0,
GPU,3,0.000,0.000,0.000,10091038,6471427,0,0,
GPU,3,0.000,0.000,0.000,10091038,6471427,0,0,
GPU,3,0.000,0.000,0.000,10840865,6929213,0,0,
GPU,3,0.000,0.000,0.000,10840865,6929213,0,0,
GPU,3,0.000,0.000,0.000,10840865,6929213,0,0,
GPU,3,0.000,0.000,0.000,10532296,6762843,0,0,
GPU,3,0.000,0.000,0.000,10532296,6762843,0,0,
GPU,3,0.000,0.000,0.000,10532296,6762843,0,0,
GPU,3,0.000,0.000,0.000,10508400,6892606,0,0,
GPU,3,0.000,0.000,0.000,10508400,6892606,0,0,
GPU,3,0.000,0.000,0.000,10508400,6892606,0,0,
GPU,3,0.000,0.000,0.000,8786535,5608426,0,0,
GPU,3,0.000,0.000,0.000,8786535,5608426,0,0,
GPU,3,0.000,0.000,0.000,8786535,5608426,0,0,
GPU,3,0.000,0.000,0.000,8786535,5608426,0,0,
GPU,3,0.000,0.000,0.000,11365878,7051054,0,0,
GPU,3,0.000,0.000,0.000,11365878,7051054,0,0,
GPU,3,0.000,0.000,0.000,11365878,7051054,0,0,
GPU,3,0.000,0.000,0.000,10535800,6765093,0,0,
GPU,3,0.000,0.000,0.000,10535800,6765093,0,0,
GPU,3,0.000,0.000,0.000,10535800,6765093,0,0,
GPU,3,0.000,0.000,0.000,10621018,6779373,0,0,
GPU,3,0.000,0.000,0.000,10621018,6779373,0,0,
GPU,3,0.000,0.000,0.000,10621018,6779373,0,0,
GPU,3,0.000,0.000,0.000,10606862,6883176,0,0,
GPU,3,0.000,0.000,0.000,10606862,6883176,0,0,
GPU,3,0.000,0.000,0.000,10606862,6883176,0,0,
GPU,3,0.000,0.000,0.000,10320314,6587434,0,0,
GPU,3,0.000,0.000,0.000,10320314,6587434,0,0,
GPU,3,0.000,0.000,0.000,10320314,6587434,0,0,
GPU,3,0.000,0.000,0.000,12913031,7728967,0,0,
GPU,3,0.000,0.000,0.000,12913031,7728967,0,0,
GPU,3,0.000,0.000,0.000,12913031,7728967,0,0,
GPU,3,0.000,0.000,0.000,10598864,6765232,0,0,
GPU,3,0.000,0.000,0.000,10598864,6765232,0,0,
GPU,3,0.000,0.000,0.000,10598864,6765232,0,0,
GPU,3,0.000,0.000,0.000,10598864,6765232,0,0,
GPU,3,0.000,0.000,0.000,10517908,6785747,0,0,
GPU,3,0.000,0.000,0.000,10517908,6785747,0,0,
GPU,3,0.000,0.000,0.000,10517908,6785747,0,0,
GPU,3,0.000,0.000,0.000,10163865,6557332,0,0,
GPU,3,0.000,0.000,0.000,10163865,6557332,0,0,
GPU,3,0.000,0.000,0.000,10163865,6557332,0,0,
GPU,3,0.000,0.000,0.000,10163865,6557332,0,0,
GPU,3,0.000,0.000,0.000,11483085,8202203,0,0,
GPU,3,0.000,0.000,0.000,11483085,8202203,0,0,
GPU,3,0.000,0.000,0.000,11483085,8202203,0,0,
GPU,3,0.000,0.000,0.000,10575537,6862848,0,0,
GPU,3,0.000,0.000,0.000,10575537,6862848,0,0,
GPU,3,0.000,0.000,0.000,10575537,6862848,0,0,
GPU,3,0.000,0.000,0.000,10548168,6732873,0,0,
GPU,3,0.000,0.000,0.000,10548168,6732873,0,0,
GPU,3,0.000,0.000,0.000,10548168,6732873,0,0,
GPU,3,0.000,0.000,0.000,10187524,6572596,0,0,
GPU,3,0.000,0.000,0.000,10187524,6572596,0,0,
GPU,3,0.000,0.000,0.000,10187524,6572596,0,0,
GPU,3,0.000,0.000,0.000,10544266,6739634,0,0,
GPU,3,0.000,0.000,0.000,10544266,6739634,0,0,
GPU,3,0.000,0.000,0.000,10544266,6739634,0,0,
GPU,3,0.000,0.000,0.000,10544266,6739634,0,0,
GPU,3,0.000,0.000,0.000,10702567,6872174,0,0,
GPU,3,0.000,0.000,0.000,10702567,6872174,0,0,
GPU,3,0.000,0.000,0.000,10503578,6776502,0,0,
GPU,3,0.000,0.000,0.000,10503578,6776502,0,0,
GPU,3,0.000,0.000,0.000,10503578,6776502,0,0,
GPU,3,0.000,0.000,0.000,10503578,6776502,0,0,
GPU,3,0.000,0.000,0.000,10320172,6697133,0,0,
GPU,3,0.000,0.000,0.000,10320172,6697133,0,0,
GPU,3,0.000,0.000,0.000,10320172,6697133,0,0,
GPU,3,0.000,0.000,0.000,10852008,6936335,0,0,
GPU,3,0.000,0.000,0.000,10852008,6936335,0,0,
GPU,3,0.000,0.000,0.000,10852008,6936335,0,0,
GPU,3,0.000,0.000,0.000,10852008,6936335,0,0,
GPU,3,0.000,0.000,0.000,7901152,5073371,0,0,
GPU,3,0.000,0.000,0.000,7901152,5073371,0,0,
GPU,3,0.000,0.000,0.000,7901152,5073371,0,0,
GPU,3,0.000,0.000,0.000,10622069,6780044,0,0,
GPU,3,0.000,0.000,0.000,10622069,6780044,0,0,
GPU,3,0.000,0.000,0.000,10622069,6780044,0,0,
GPU,3,0.000,0.000,0.000,10219429,6593180,0,0,
GPU,3,0.000,0.000,0.000,10219429,6593180,0,0,
GPU,3,0.000,0.000,0.000,10219429,6593180,0,0,
GPU,3,0.000,0.000,0.000,10943301,7034979,0,0,
GPU,3,0.000,0.000,0.000,10943301,7034979,0,0,
GPU,3,0.000,0.000,0.000,10943301,7034979,0,0,
GPU,3,0.000,0.000,0.000,10503330,6744243,0,0,
GPU,3,0.000,0.000,0.000,10503330,6744243,0,0,
GPU,3,0.000,0.000,0.000,10503330,6744243,0,0,
GPU,3,0.000,0.000,0.000,10443351,6737645,0,0,
GPU,3,0.000,0.000,0.000,10443351,6737645,0,0,
GPU,3,0.000,0.000,0.000,10443351,6737645,0,0,
GPU,3,0.000,0.000,0.000,10443351,6737645,0,0,
GPU,3,0.000,0.000,0.000,7333562,4703045,0,0,
GPU,3,0.000,0.000,0.000,7333562,4703045,0,0,
GPU,3,0.000,0.000,0.000,7333562,4703045,0,0,
GPU,3,0.000,0.000,0.000,7333562,4703045,0,0,
GPU,3,0.000,0.000,0.000,10799752,7014272,0,0,
GPU,3,0.000,0.000,0.000,10799752,7014272,0,0,
GPU,3,0.000,0.000,0.000,10799752,7014272,0,0,
GPU,3,0.000,0.000,0.000,10433503,6770677,0,0,
GPU,3,0.000,0.000,0.000,10433503,6770677,0,0,
GPU,3,0.000,0.000,0.000,10433503,6770677,0,0,
GPU,3,0.000,0.000,0.000,10636642,6789346,0,0,
GPU,3,0.000,0.000,0.000,10636642,6789346,0,0,
GPU,3,0.000,0.000,0.000,10636642,6789346,0,0,
GPU,3,0.000,0.000,0.000,10636642,6789346,0,0,
GPU,3,0.000,0.000,0.000,8000723,5106844,0,0,
GPU,3,0.000,0.000,0.000,8000723,5106844,0,0,
GPU,3,0.000,0.000,0.000,8000723,5106844,0,0,
GPU,3,0.000,0.000,0.000,10805542,7018032,0,0,
GPU,3,0.000,0.000,0.000,10805542,7018032,0,0,
GPU,3,0.000,0.000,0.000,10805542,7018032,0,0,
GPU,3,0.000,0.000,0.000,10520997,6644840,0,0,
GPU,3,0.000,0.000,0.000,10520997,6644840,0,0,
GPU,3,0.000,0.000,0.000,10520997,6644840,0,0,
GPU,3,0.000,0.000,0.000,10498317,6773107,0,0,
GPU,3,0.000,0.000,0.000,10498317,6773107,0,0,
GPU,3,0.000,0.000,0.000,10498317,6773107,0,0,
GPU,3,0.000,0.000,0.000,10498317,6773107,0,0,
GPU,3,0.000,0.000,0.000,8734841,5668354,0,0,
GPU,3,0.000,0.000,0.000,8734841,5668354,0,0,
GPU,3,0.000,0.000,0.000,8734841,5668354,0,0,
GPU,3,0.000,0.000,0.000,10393588,6673778,0,0,
GPU,3,0.000,0.000,0.000,10393588,6673778,0,0,
GPU,3,0.000,0.000,0.000,10393588,6673778,0,0,
GPU,3,0.000,0.000,0.000,10426343,6766031,0,0,
GPU,3,0.000,0.000,0.000,10426343,6766031,0,0,
GPU,3,0.000,0.000,0.000,10426343,6766031,0,0,
GPU,3,0.000,0.000,0.000,10623419,6780906,0,0,
GPU,3,0.000,0.000,0.000,10623419,6780906,0,0,
GPU,3,0.000,0.000,0.000,10623419,6780906,0,0,
GPU,3,0.000,0.000,0.000,10509662,6780427,0,0,
GPU,3,0.000,0.000,0.000,10509662,6780427,0,0,
GPU,3,0.000,0.000,0.000,10509662,6780427,0,0,
GPU,3,0.000,0.000,0.000,10509662,6780427,0,0,
GPU,3,0.000,0.000,0.000,10098238,6476044,0,0,
GPU,3,0.000,0.000,0.000,10098238,6476044,0,0,
GPU,3,0.000,0.000,0.000,10098238,6476044,0,0,
GPU,3,0.000,0.000,0.000,13175878,7868927,0,0,
GPU,3,0.000,0.000,0.000,13175878,7868927,0,0,
GPU,3,0.000,0.000,0.000,13175878,7868927,0,0,
GPU,3,0.000,0.000,0.000,10774869,6805180,0,0,
GPU,3,0.000,0.000,0.000,10774869,6805180,0,0,
GPU,3,0.000,0.000,0.000,10774869,6805180,0,0,
GPU,3,0.000,0.000,0.000,10500836,6774733,0,0,
GPU,3,0.000,0.000,0.000,10500836,6774733,0,0,
GPU,3,0.000,0.000,0.000,10500836,6774733,0,0,
GPU,3,0.000,0.000,0.000,10217534,6591957,0,0,
GPU,3,0.000,0.000,0.000,10217534,6591957,0,0,
GPU,3,0.000,0.000,0.000,10217534,6591957,0,0,
GPU,3,0.000,0.000,0.000,9925993,6316541,0,0,
GPU,3,0.000,0.000,0.000,9925993,6316541,0,0,
GPU,3,0.000,0.000,0.000,9925993,6316541,0,0,
GPU,3,0.000,0.000,0.000,10598490,6877743,0,0,
GPU,3,0.000,0.000,0.000,10598490,6877743,0,0,
GPU,3,0.000,0.000,0.000,10598490,6877743,0,0,
GPU,3,0.000,0.000,0.000,10604543,6768857,0,0,
GPU,3,0.000,0.000,0.000,10604543,6768857,0,0,
GPU,3,0.000,0.000,0.000,10604543,6768857,0,0,
GPU,3,0.000,0.000,0.000,10604543,6768857,0,0,
GPU,3,0.000,0.000,0.000,10604543,6768857,0,0,
GPU,3,0.000,0.000,0.000,7788730,4994946,0,0,
GPU,3,0.000,0.000,0.000,7788730,4994946,0,0,
GPU,3,0.000,0.000,0.000,7788730,4994946,0,0,
GPU,3,0.000,0.000,0.000,10045357,6457730,0,0,
GPU,3,0.000,0.000,0.000,10045357,6457730,0,0,
GPU,3,0.000,0.000,0.000,10045357,6457730,0,0,
GPU,3,0.000,0.000,0.000,10596847,6876677,0,0,
GPU,3,0.000,0.000,0.000,10596847,6876677,0,0,
GPU,3,0.000,0.000,0.000,10596847,6876677,0,0,
GPU,3,0.000,0.000,0.000,10614572,6775259,0,0,
GPU,3,0.000,0.000,0.000,10614572,6775259,0,0,
GPU,3,0.000,0.000,0.000,10614572,6775259,0,0,
GPU,3,0.000,0.000,0.000,10103091,6487248,0,0,
GPU,3,0.000,0.000,0.000,10103091,6487248,0,0,
GPU,3,0.000,0.000,0.000,10103091,6487248,0,0,
GPU,3,0.000,0.000,0.000,10103091,6487248,0,0,
GPU,3,0.000,0.000,0.000,8268689,5285141,0,0,
GPU,3,0.000,0.000,0.000,8268689,5285141,0,0,
GPU,3,0.000,0.000,0.000,8268689,5285141,0,0,
GPU,3,0.000,0.000,0.000,10514100,6822980,0,0,
GPU,3,0.000,0.000,0.000,10514100,6822980,0,0,
GPU,3,0.000,0.000,0.000,10514100,6822980,0,0,
GPU,3,0.000,0.000,0.000,10620868,6779278,0,0,
GPU,3,0.000,0.000,0.000,10620868,6779278,0,0,
GPU,3,0.000,0.000,0.000,10620868,6779278,0,0,
GPU,3,0.000,0.000,0.000,10248233,6541425,0,0,
GPU,3,0.000,0.000,0.000,10248233,6541425,0,0,
GPU,3,0.000,0.000,0.000,10248233,6541425,0,0,
GPU,3,0.000,0.000,0.000,10563698,6783006,0,0,
GPU,3,0.000,0.000,0.000,10563698,6783006,0,0,
GPU,3,0.000,0.000,0.000,10563698,6783006,0,0,
GPU,3,0.000,0.000,0.000,10409961,6755400,0,0,
GPU,3,0.000,0.000,0.000,10409961,6755400,0,0,
GPU,3,0.000,0.000,0.000,10409961,6755400,0,0,
GPU,3,0.000,0.000,0.000,10409961,6755400,0,0,
GPU,3,0.000,0.000,0.000,10634311,6900989,0,0,
GPU,3,0.000,0.000,0.000,10634311,6900989,0,0,
GPU,3,0.000,0.000,0.000,10634311,6900989,0,0,
GPU,3,0.000,0.000,0.000,8535900,5448446,0,0,
GPU,3,0.000,0.000,0.000,8535900,5448446,0,0,
GPU,3,0.000,0.000,0.000,8535900,5448446,0,0,
GPU,3,0.000,0.000,0.000,10890005,6960621,0,0,
GPU,3,0.000,0.000,0.000,10890005,6960621,0,0,
GPU,3,0.000,0.000,0.000,10890005,6960621,0,0,
GPU,3,0.000,0.000,0.000,10493251,6737772,0,0,
GPU,3,0.000,0.000,0.000,10493251,6737772,0,0,
GPU,3,0.000,0.000,0.000,10493251,6737772,0,0,
GPU,3,0.000,0.000,0.000,10517759,6785651,0,0,
GPU,3,0.000,0.000,0.000,10517759,6785651,0,0,
GPU,3,0.000,0.000,0.000,10517759,6785651,0,0,
GPU,3,0.000,0.000,0.000,10517759,6785651,0,0,
GPU,3,0.000,0.000,0.000,8229642,5252962,0,0,
GPU,3,0.000,0.000,0.000,8229642,5252962,0,0,
GPU,3,0.000,0.000,0.000,8229642,5252962,0,0,
GPU,3,0.000,0.000,0.000,8229642,5252962,0,0,
GPU,3,0.000,0.000,0.000,10832472,6893391,0,0,
GPU,3,0.000,0.000,0.000,10832472,6893391,0,0,
GPU,3,0.000,0.000,0.000,10412772,6757224,0,0,
GPU,3,0.000,0.000,0.000,10412772,6757224,0,0,
GPU,3,0.000,0.000,0.000,10412772,6757224,0,0,
GPU,3,0.000,0.000,0.000,10412772,6757224,0,0,
GPU,3,0.000,0.000,0.000,10627322,6783397,0,0,
GPU,3,0.000,0.000,0.000,10627322,6783397,0,0,
GPU,3,0.000,0.000,0.000,10627322,6783397,0,0,
GPU,3,0.000,0.000,0.000,10632055,6786418,0,0,
GPU,3,0.000,0.000,0.000,10632055,6786418,0,0,
GPU,3,0.000,0.000,0.000,10632055,6786418,0,0,
GPU,3,0.000,0.000,0.000,10315642,6694193,0,0,
GPU,3,0.000,0.000,0.000,10315642,6694193,0,0,
GPU,3,0.000,0.000,0.000,10315642,6694193,0,0,
GPU,3,0.000,0.000,0.000,12779852,7611530,0,0,
GPU,3,0.000,0.000,0.000,12779852,7611530,0,0,
GPU,3,0.000,0.000,0.000,12779852,7611530,0,0,
GPU,3,0.000,0.000,0.000,10564691,6743419,0,0,
GPU,3,0.000,0.000,0.000,10564691,6743419,0,0,
GPU,3,0.000,0.000,0.000,10564691,6743419,0,0,
GPU,3,0.000,0.000,0.000,10422722,6836409,0,0,
GPU,3,0.000,0.000,0.000,10422722,6836409,0,0,
GPU,3,0.000,0.000,0.000,10422722,6836409,0,0,
GPU,3,0.000,0.000,0.000,10422722,6836409,0,0,
GPU,3,0.000,0.000,0.000,10267403,6553661,0,0,
GPU,3,0.000,0.000,0.000,10267403,6553661,0,0,
GPU,3,0.000,0.000,0.000,10267403,6553661,0,0,
GPU,3,0.000,0.000,0.000,8738837,5585648,0,0,
GPU,3,0.000,0.000,0.000,8738837,5585648,0,0,
GPU,3,0.000,0.000,0.000,8738837,5585648,0,0,
GPU,3,0.000,0.000,0.000,10604897,6809460,0,0,
GPU,3,0.000,0.000,0.000,10604897,6809460,0,0,
GPU,3,0.000,0.000,0.000,10604897,6809460,0,0,
GPU,3,0.000,0.000,0.000,10506990,6778703,0,0,
GPU,3,0.000,0.000,0.000,10506990,6778703,0,0,
GPU,3,0.000,0.000,0.000,10506990,6778703,0,0,
GPU,3,0.000,0.000,0.000,10167933,6598339,0,0,
GPU,3,0.000,0.000,0.000,10167933,6598339,0,0,
GPU,3,0.000,0.000,0.000,10167933,6598339,0,0,
GPU,3,0.000,0.000,0.000,10167933,6598339,0,0,
GPU,3,0.000,0.000,0.000,8939020,5739792,0,0,
GPU,3,0.000,0.000,0.000,8939020,5739792,0,0,
GPU,3,0.000,0.000,0.000,8939020,5739792,0,0,
GPU,3,0.000,0.000,0.000,10522265,6828278,0,0,
GPU,3,0.000,0.000,0.000,10522265,6828278,0,0,
GPU,3,0.000,0.000,0.000,10522265,6828278,0,0,
GPU,3,0.000,0.000,0.000,10555719,6737693,0,0,
GPU,3,0.000,0.000,0.000,10555719,6737693,0,0,
GPU,3,0.000,0.000,0.000,10555719,6737693,0,0,
GPU,3,0.000,0.000,0.000,10272732,6557063,0,0,
GPU,3,0.000,0.000,0.000,10272732,6557063,0,0,
GPU,3,0.000,0.000,0.000,10272732,6557063,0,0,
GPU,3,0.000,0.000,0.000,10859449,7053044,0,0,
GPU,3,0.000,0.000,0.000,10859449,7053044,0,0,
GPU,3,0.000,0.000,0.000,10859449,7053044,0,0,
GPU,3,0.000,0.000,0.000,10859449,7053044,0,0,
GPU,3,0.000,0.000,0.000,10513065,6750494,0,0,
GPU,3,0.000,0.000,0.000,10513065,6750494,0,0,
GPU,3,0.000,0.000,0.000,10513065,6750494,0,0,
GPU,3,0.000,0.000,0.000,10634611,6788050,0,0,
GPU,3,0.000,0.000,0.000,10634611,6788050,0,0,
GPU,3,0.000,0.000,0.000,10634611,6788050,0,0,
GPU,3,0.000,0.000,0.000,8458652,5516512,0,0,
GPU,3,0.000,0.000,0.000,8458652,5516512,0,0,
GPU,3,0.000,0.000,0.000,8458652,5516512,0,0,
GPU,3,0.000,0.000,0.000,10625860,6751848,0,0,
GPU,3,0.000,0.000,0.000,10625860,6751848,0,0,
GPU,3,0.000,0.000,0.000,10625860,6751848,0,0,
GPU,3,0.000,0.000,0.000,10444734,6777966,0,0,
GPU,3,0.000,0.000,0.000,10444734,6777966,0,0,
GPU,3,0.000,0.000,0.000,10444734,6777966,0,0,
GPU,3,0.000,0.000,0.000,10625295,6782103,0,0,
GPU,3,0.000,0.000,0.000,10625295,6782103,0,0,
GPU,3,0.000,0.000,0.000,10625295,6782103,0,0,
GPU,3,0.000,0.000,0.000,10605889,6769716,0,0,
GPU,3,0.000,0.000,0.000,10605889,6769716,0,0,
GPU,3,0.000,0.000,0.000,10605889,6769716,0,0,
GPU,3,0.000,0.000,0.000,10605889,6769716,0,0,
GPU,3,0.000,0.000,0.000,10293121,6679578,0,0,
GPU,3,0.000,0.000,0.000,10293121,6679578,0,0,
GPU,3,0.000,0.000,0.000,10293121,6679578,0,0,
GPU,3,0.000,0.000,0.000,13027876,7723669,0,0,
GPU,3,0.000,0.000,0.000,13027876,7723669,0,0,
GPU,3,0.000,0.000,0.000,13027876,7723669,0,0,
GPU,3,0.000,0.000,0.000,10552460,6735613,0,0,
GPU,3,0.000,0.000,0.000,10552460,6735613,0,0,
GPU,3,0.000,0.000,0.000,10552460,6735613,0,0,
GPU,3,0.000,0.000,0.000,10517982,6785795,0,0,
GPU,3,0.000,0.000,0.000,10517982,6785795,0,0,
GPU,3,0.000,0.000,0.000,10517982,6785795,0,0,
GPU,3,0.000,0.000,0.000,10517982,6785795,0,0,
GPU,3,0.000,0.000,0.000,10517982,6785795,0,0,
GPU,3,0.000,0.000,0.000,10517982,6785795,0,0,
GPU,3,0.000,0.000,0.000,10517982,6785795,0,0,
GPU,3,0.000,0.000,0.000,10517982,6785795,0,0,
GPU,3,0.000,0.000,0.000,4681269,3040412,0,0,
GPU,3,0.000,0.000,0.000,4681269,3040412,0,0,
GPU,3,0.000,0.000,0.000,4681269,3040412,0,0,
GPU,3,0.000,0.000,0.000,10664346,6735376,0,0,
GPU,3,0.000,0.000,0.000,10664346,6735376,0,0,
GPU,3,0.000,0.000,0.000,10664346,6735376,0,0,
GPU,3,0.000,0.000,0.000,10626947,6896210,0,0,
GPU,3,0.000,0.000,0.000,10626947,6896210,0,0,
GPU,3,0.000,0.000,0.000,10626947,6896210,0,0,
GPU,3,0.000,0.000,0.000,10297420,6572821,0,0,
GPU,3,0.000,0.000,0.000,10297420,6572821,0,0,
GPU,3,0.000,0.000,0.000,10297420,6572821,0,0,
GPU,3,0.000,0.000,0.000,9078980,5863507,0,0,
GPU,3,0.000,0.000,0.000,9078980,5863507,0,0,
GPU,3,0.000,0.000,0.000,9078980,5863507,0,0,
GPU,3,0.000,0.000,0.000,10686690,6861979,0,0,
GPU,3,0.000,0.000,0.000,10686690,6861979,0,0,
GPU,3,0.000,0.000,0.000,10686690,6861979,0,0,
GPU,3,0.000,0.000,0.000,10631980,6786370,0,0,
GPU,3,0.000,0.000,0.000,10631980,6786370,0,0,
GPU,3,0.000,0.000,0.000,10631980,6786370,0,0,
GPU,3,0.000,0.000,0.000,10631980,6786370,0,0,
GPU,3,0.000,0.000,0.000,10202122,6582014,0,0,
GPU,3,0.000,0.000,0.000,10202122,6582014,0,0,
GPU,3,0.000,0.000,0.000,10202122,6582014,0,0,
GPU,3,0.000,0.000,0.000,10734652,6932796,0,0,
GPU,3,0.000,0.000,0.000,10734652,6932796,0,0,
GPU,3,0.000,0.000,0.000,10734652,6932796,0,0,
GPU,3,0.000,0.000,0.000,10293303,6640841,0,0,
GPU,3,0.000,0.000,0.000,10293303,6640841,0,0,
GPU,3,0.000,0.000,0.000,10293303,6640841,0,0,
GPU,3,0.000,0.000,0.000,10293303,6640841,0,0,
GPU,3,0.000,0.000,0.000,10293303,6640841,0,0,
GPU,3,0.000,0.000,0.000,16559049,8643016,0,0,
GPU,3,0.000,0.000,0.000,16559049,8643016,0,0,
GPU,3,0.000,0.000,0.000,16559049,8643016,0,0,
GPU,3,0.000,0.000,0.000,16559049,8643016,0,0,
GPU,3,0.000,0.000,0.000,13517387,7965603,0,0,
GPU,3,0.000,0.000,0.000,13517387,7965603,0,0,
GPU,3,0.000,0.000,0.000,13517387,7965603,0,0,
GPU,3,0.000,0.000,0.000,14031676,8114704,0,0,
GPU,3,0.000,0.000,0.000,14031676,8114704,0,0,
GPU,3,0.000,0.000,0.000,14031676,8114704,0,0,
GPU,3,0.000,0.000,0.000,10480792,6761801,0,0,
GPU,3,0.000,0.000,0.000,10480792,6761801,0,0,
GPU,3,0.000,0.000,0.000,10480792,6761801,0,0,
GPU,3,0.000,0.000,0.000,10565433,6743893,0,0,
GPU,3,0.000,0.000,0.000,10565433,6743893,0,0,
GPU,3,0.000,0.000,0.000,10565433,6743893,0,0,
GPU,3,0.000,0.000,0.000,10565433,6743893,0,0,
GPU,3,0.000,0.000,0.000,10321943,6588474,0,0,
GPU,3,0.000,0.000,0.000,10321943,6588474,0,0,
GPU,3,0.000,0.000,0.000,10321943,6588474,0,0,
GPU,3,0.000,0.000,0.000,12578982,7547389,0,0,
GPU,3,0.000,0.000,0.000,12578982,7547389,0,0,
GPU,3,0.000,0.000,0.000,12578982,7547389,0,0,
GPU,3,0.000,0.000,0.000,10596623,6763802,0,0,
GPU,3,0.000,0.000,0.000,10596623,6763802,0,0,
GPU,3,0.000,0.000,0.000,10596623,6763802,0,0,
GPU,3,0.000,0.000,0.000,10565804,6856532,0,0,
GPU,3,0.000,0.000,0.000,10565804,6856532,0,0,
GPU,3,0.000,0.000,0.000,10565804,6856532,0,0,
GPU,3,0.000,0.000,0.000,10254032,6545127,0,0,
GPU,3,0.000,0.000,0.000,10254032,6545127,0,0,
GPU,3,0.000,0.000,0.000,10254032,6545127,0,0,
GPU,3,0.000,0.000,0.000,10254032,6545127,0,0,
GPU,3,0.000,0.000,0.000,8227234,5313422,0,0,
GPU,3,0.000,0.000,0.000,8227234,5313422,0,0,
GPU,3,0.000,0.000,0.000,8227234,5313422,0,0,
GPU,3,0.000,0.000,0.000,10677456,6856051,0,0,
GPU,3,0.000,0.000,0.000,10677456,6856051,0,0,
GPU,3,0.000,0.000,0.000,10677456,6856051,0,0,
GPU,3,0.000,0.000,0.000,10617644,6777220,0,0,
GPU,3,0.000,0.000,0.000,10617644,6777220,0,0,
GPU,3,0.000,0.000,0.000,10617644,6777220,0,0,
GPU,3,0.000,0.000,0.000,10617644,6777220,0,0,
GPU,3,0.000,0.000,0.000,10291994,6569358,0,0,
GPU,3,0.000,0.000,0.000,10291994,6569358,0,0,
GPU,3,0.000,0.000,0.000,10291994,6569358,0,0,
GPU,3,0.000,0.000,0.000,10624467,6933862,0,0,
GPU,3,0.000,0.000,0.000,10624467,6933862,0,0,
GPU,3,0.000,0.000,0.000,10624467,6933862,0,0,
GPU,3,0.000,0.000,0.000,10389466,6631574,0,0,
GPU,3,0.000,0.000,0.000,10389466,6631574,0,0,
GPU,3,0.000,0.000,0.000,10389466,6631574,0,0,
GPU,3,0.000,0.000,0.000,10716754,6954489,0,0,
GPU,3,0.000,0.000,0.000,10716754,6954489,0,0,
GPU,3,0.000,0.000,0.000,10716754,6954489,0,0,
GPU,3,0.000,0.000,0.000,9824478,6270943,0,0,
GPU,3,0.000,0.000,0.000,9824478,6270943,0,0,
GPU,3,0.000,0.000,0.000,9824478,6270943,0,0,
GPU,3,0.000,0.000,0.000,10774036,6886497,0,0,
GPU,3,0.000,0.000,0.000,10774036,6886497,0,0,
GPU,3,0.000,0.000,0.000,10774036,6886497,0,0,
GPU,3,0.000,0.000,0.000,10418542,6760969,0,0,
GPU,3,0.000,0.000,0.000,10418542,6760969,0,0,
GPU,3,0.000,0.000,0.000,10418542,6760969,0,0,
GPU,3,0.000,0.000,0.000,10564616,6743372,0,0,
GPU,3,0.000,0.000,0.000,10564616,6743372,0,0,
GPU,3,0.000,0.000,0.000,10564616,6743372,0,0,
GPU,3,0.000,0.000,0.000,10564616,6743372,0,0,
GPU,3,0.000,0.000,0.000,8632742,5569511,0,0,
GPU,3,0.000,0.000,0.000,8632742,5569511,0,0,
GPU,3,0.000,0.000,0.000,8632742,5569511,0,0,
GPU,3,0.000,0.000,0.000,11743306,7250215,0,0,
GPU,3,0.000,0.000,0.000,11743306,7250215,0,0,
GPU,3,0.000,0.000,0.000,11743306,7250215,0,0,
GPU,3,0.000,0.000,0.000,10544425,6770631,0,0,
GPU,3,0.000,0.000,0.000,10544425,6770631,0,0,
GPU,3,0.000,0.000,0.000,10544425,6770631,0,0,
GPU,3,0.000,0.000,0.000,10544425,6770631,0,0,
GPU,3,0.000,0.000,0.000,10502392,6775737,0,0,
GPU,3,0.000,0.000,0.000,10502392,6775737,0,0,
GPU,3,0.000,0.000,0.000,10737496,6894602,0,0,
GPU,3,0.000,0.000,0.000,10737496,6894602,0,0,
GPU,3,0.000,0.000,0.000,10737496,6894602,0,0,
GPU,3,0.000,0.000,0.000,10737496,6894602,0,0,
GPU,3,0.000,0.000,0.000,10204011,6583233,0,0,
GPU,3,0.000,0.000,0.000,10204011,6583233,0,0,
GPU,3,0.000,0.000,0.000,10204011,6583233,0,0,
GPU,3,0.000,0.000,0.000,13512364,7889769,0,0,
GPU,3,0.000,0.000,0.000,13512364,7889769,0,0,
GPU,3,0.000,0.000,0.000,13512364,7889769,0,0,
GPU,3,0.000,0.000,0.000,10627623,6896649,0,0,
GPU,3,0.000,0.000,0.000,10627623,6896649,0,0,
GPU,3,0.000,0.000,0.000,10627623,6896649,0,0,
GPU,3,0.000,0.000,0.000,10627623,6896649,0,0,
GPU,3,0.000,0.000,0.000,10633559,6787378,0,0,
GPU,3,0.000,0.000,0.000,10633559,6787378,0,0,
GPU,3,0.000,0.000,0.000,10633559,6787378,0,0,
GPU,3,0.000,0.000,0.000,10177768,6566302,0,0,
GPU,3,0.000,0.000,0.000,10177768,6566302,0,0,
GPU,3,0.000,0.000,0.000,10177768,6566302,0,0,
GPU,3,0.000,0.000,0.000,10177768,6566302,0,0,
GPU,3,0.000,0.000,0.000,8239326,5321231,0,0,
GPU,3,0.000,0.000,0.000,8239326,5321231,0,0,
GPU,3,0.000,0.000,0.000,8239326,5321231,0,0,
GPU,3,0.000,0.000,0.000,10680757,6858170,0,0,
GPU,3,0.000,0.000,0.000,10680757,6858170,0,0,
GPU,3,0.000,0.000,0.000,10680757,6858170,0,0,
GPU,3,0.000,0.000,0.000,10610453,6772630,0,0,
GPU,3,0.000,0.000,0.000,10610453,6772630,0,0,
GPU,3,0.000,0.000,0.000,10610453,6772630,0,0,
GPU,3,0.000,0.000,0.000,10277365,6560020,0,0,
GPU,3,0.000,0.000,0.000,10277365,6560020,0,0,
GPU,3,0.000,0.000,0.000,10277365,6560020,0,0,
GPU,3,0.000,0.000,0.000,10277365,6560020,0,0,
GPU,3,0.000,0.000,0.000,9196523,5945227,0,0,
GPU,3,0.000,0.000,0.000,9196523,5945227,0,0,
GPU,3,0.000,0.000,0.000,9196523,5945227,0,0,
GPU,3,0.000,0.000,0.000,10585585,6756756,0,0,
GPU,3,0.000,0.000,0.000,10585585,6756756,0,0,
GPU,3,0.000,0.000,0.000,10585585,6756756,0,0,
GPU,3,0.000,0.000,0.000,10625145,6782007,0,0,
GPU,3,0.000,0.000,0.000,10625145,6782007,0,0,
GPU,3,0.000,0.000,0.000,10625145,6782007,0,0,
GPU,3,0.000,0.000,0.000,10309349,6690109,0,0,
GPU,3,0.000,0.000,0.000,10309349,6690109,0,0,
GPU,3,0.000,0.000,0.000,10309349,6690109,0,0,
GPU,3,0.000,0.000,0.000,10854361,6937839,0,0,
GPU,3,0.000,0.000,0.000,10854361,6937839,0,0,
GPU,3,0.000,0.000,0.000,10854361,6937839,0,0,
GPU,3,0.000,0.000,0.000,10513210,6750587,0,0,
GPU,3,0.000,0.000,0.000,10513210,6750587,0,0,
GPU,3,0.000,0.000,0.000,10513210,6750587,0,0,
GPU,3,0.000,0.000,0.000,10569145,6746263,0,0,
GPU,3,0.000,0.000,0.000,10569145,6746263,0,0,
GPU,3,0.000,0.000,0.000,10569145,6746263,0,0,
GPU,3,0.000,0.000,0.000,10569145,6746263,0,0,
GPU,3,0.000,0.000,0.000,8844405,5739454,0,0,
GPU,3,0.000,0.000,0.000,8844405,5739454,0,0,
GPU,3,0.000,0.000,0.000,8844405,5739454,0,0,
GPU,3,0.000,0.000,0.000,12270483,7504262,0,0,
GPU,3,0.000,0.000,0.000,12270483,7504262,0,0,
GPU,3,0.000,0.000,0.000,12270483,7504262,0,0,
GPU,3,0.000,0.000,0.000,10397798,6636892,0,0,
GPU,3,0.000,0.000,0.000,10397798,6636892,0,0,
GPU,3,0.000,0.000,0.000,10397798,6636892,0,0,
GPU,3,0.000,0.000,0.000,10539815,6727541,0,0,
GPU,3,0.000,0.000,0.000,10539815,6727541,0,0,
GPU,3,0.000,0.000,0.000,10539815,6727541,0,0,
GPU,3,0.000,0.000,0.000,10539815,6727541,0,0,
GPU,3,0.000,0.000,0.000,8195961,5318656,0,0,
GPU,3,0.000,0.000,0.000,8195961,5318656,0,0,
GPU,3,0.000,0.000,0.000,8195961,5318656,0,0,
GPU,3,0.000,0.000,0.000,10852037,6865574,0,0,
GPU,3,0.000,0.000,0.000,10852037,6865574,0,0,
GPU,3,0.000,0.000,0.000,10852037,6865574,0,0,
GPU,3,0.000,0.000,0.000,10387457,6740797,0,0,
GPU,3,0.000,0.000,0.000,10387457,6740797,0,0,
GPU,3,0.000,0.000,0.000,10387457,6740797,0,0,
GPU,3,0.000,0.000,0.000,10639276,6791027,0,0,
GPU,3,0.000,0.000,0.000,10639276,6791027,0,0,
GPU,3,0.000,0.000,0.000,10639276,6791027,0,0,
GPU,3,0.000,0.000,0.000,10639276,6791027,0,0,
GPU,3,0.000,0.000,0.000,8009628,5197737,0,0,
GPU,3,0.000,0.000,0.000,8009628,5197737,0,0,
GPU,3,0.000,0.000,0.000,8009628,5197737,0,0,
GPU,3,0.000,0.000,0.000,10648475,6877140,0,0,
GPU,3,0.000,0.000,0.000,10648475,6877140,0,0,
GPU,3,0.000,0.000,0.000,10648475,6877140,0,0,
GPU,3,0.000,0.000,0.000,10540403,6768048,0,0,
GPU,3,0.000,0.000,0.000,10540403,6768048,0,0,
GPU,3,0.000,0.000,0.000,10540403,6768048,0,0,
GPU,3,0.000,0.000,0.000,10540403,6768048,0,0,
GPU,3,0.000,0.000,0.000,10540403,6768048,0,0,
GPU,3,0.000,0.000,0.000,10540403,6768048,0,0,
GPU,3,0.000,0.000,0.000,5565670,3552555,0,0,
GPU,3,0.000,0.000,0.000,5565670,3552555,0,0,
GPU,3,0.000,0.000,0.000,5565670,3552555,0,0,
GPU,3,0.000,0.000,0.000,5565670,3552555,0,0,
GPU,3,0.000,0.000,0.000,10111924,6523822,0,0,
GPU,3,0.000,0.000,0.000,10111924,6523822,0,0,
GPU,3,0.000,0.000,0.000,10111924,6523822,0,0,
GPU,3,0.000,0.000,0.000,12876712,7671232,0,0,
GPU,3,0.000,0.000,0.000,12876712,7671232,0,0,
GPU,3,0.000,0.000,0.000,12876712,7671232,0,0,
GPU,3,0.000,0.000,0.000,10666142,6736511,0,0,
GPU,3,0.000,0.000,0.000,10666142,6736511,0,0,
GPU,3,0.000,0.000,0.000,10666142,6736511,0,0,
GPU,3,0.000,0.000,0.000,10555645,6849939,0,0,
GPU,3,0.000,0.000,0.000,10555645,6849939,0,0,
GPU,3,0.000,0.000,0.000,10555645,6849939,0,0,
GPU,3,0.000,0.000,0.000,10246138,6540088,0,0,
GPU,3,0.000,0.000,0.000,10246138,6540088,0,0,
GPU,3,0.000,0.000,0.000,10246138,6540088,0,0,
GPU,3,0.000,0.000,0.000,10246138,6540088,0,0,
GPU,3,0.000,0.000,0.000,9393978,6066944,0,0,
GPU,3,0.000,0.000,0.000,9393978,6066944,0,0,
GPU,3,0.000,0.000,0.000,9393978,6066944,0,0,
GPU,3,0.000,0.000,0.000,10616823,6817118,0,0,
GPU,3,0.000,0.000,0.000,10616823,6817118,0,0,
GPU,3,0.000,0.000,0.000,10616823,6817118,0,0,
GPU,3,0.000,0.000,0.000,10455826,6745694,0,0,
GPU,3,0.000,0.000,0.000,10455826,6745694,0,0,
GPU,3,0.000,0.000,0.000,10455826,6745694,0,0,
GPU,3,0.000,0.000,0.000,10294600,6571021,0,0,
GPU,3,0.000,0.000,0.000,10294600,6571021,0,0,
GPU,3,0.000,0.000,0.000,10294600,6571021,0,0,
GPU,3,0.000,0.000,0.000,10294600,6571021,0,0,
GPU,3,0.000,0.000,0.000,12144326,7427108,0,0,
GPU,3,0.000,0.000,0.000,12144326,7427108,0,0,
GPU,3,0.000,0.000,0.000,12144326,7427108,0,0,
GPU,3,0.000,0.000,0.000,10536896,6765796,0,0,
GPU,3,0.000,0.000,0.000,10536896,6765796,0,0,
GPU,3,0.000,0.000,0.000,10536896,6765796,0,0,
GPU,3,0.000,0.000,0.000,10606712,6770241,0,0,
GPU,3,0.000,0.000,0.000,10606712,6770241,0,0,
GPU,3,0.000,0.000,0.000,10606712,6770241,0,0,
GPU,3,0.000,0.000,0.000,9552238,6265446,0,0,
GPU,3,0.000,0.000,0.000,9552238,6265446,0,0,
GPU,3,0.000,0.000,0.000,9552238,6265446,0,0,
GPU,3,0.000,0.000,0.000,10881709,6884347,0,0,
GPU,3,0.000,0.000,0.000,10881709,6884347,0,0,
GPU,3,0.000,0.000,0.000,10881709,6884347,0,0,
GPU,3,0.000,0.000,0.000,10392338,6743964,0,0,
GPU,3,0.000,0.000,0.000,10392338,6743964,0,0,
GPU,3,0.000,0.000,0.000,10392338,6743964,0,0,
GPU,3,0.000,0.000,0.000,10624770,6781768,0,0,
GPU,3,0.000,0.000,0.000,10624770,6781768,0,0,
GPU,3,0.000,0.000,0.000,10624770,6781768,0,0,
GPU,3,0.000,0.000,0.000,10624770,6781768,0,0,
GPU,3,0.000,0.000,0.000,7915693,5106899,0,0,
GPU,3,0.000,0.000,0.000,7915693,5106899,0,0,
GPU,3,0.000,0.000,0.000,7915693,5106899,0,0,
GPU,3,0.000,0.000,0.000,10755967,6985834,0,0,
GPU,3,0.000,0.000,0.000,10755967,6985834,0,0,
GPU,3,0.000,0.000,0.000,10755967,6985834,0,0,
GPU,3,0.000,0.000,0.000,10755967,6985834,0,0,
GPU,3,0.000,0.000,0.000,10298504,6644196,0,0,
GPU,3,0.000,0.000,0.000,10298504,6644196,0,0,
GPU,3,0.000,0.000,0.000,10298504,6644196,0,0,
GPU,3,0.000,0.000,0.000,10735828,6780522,0,0,
GPU,3,0.000,0.000,0.000,10735828,6780522,0,0,
GPU,3,0.000,0.000,0.000,10735828,6780522,0,0,
GPU,3,0.000,0.000,0.000,9101529,5969820,0,0,
GPU,3,0.000,0.000,0.000,9101529,5969820,0,0,
GPU,3,0.000,0.000,0.000,9101529,5969820,0,0,
GPU,3,0.000,0.000,0.000,11276502,6891196,0,0,
GPU,3,0.000,0.000,0.000,11276502,6891196,0,0,
GPU,3,0.000,0.000,0.000,11276502,6891196,0,0,
GPU,3,0.000,0.000,0.000,11276502,6891196,0,0,
GPU,3,0.000,0.000,0.000,10185582,6642771,0,0,
GPU,3,0.000,0.000,0.000,10185582,6642771,0,0,
GPU,3,0.000,0.000,0.000,10185582,6642771,0,0,
GPU,3,0.000,0.000,0.000,10604917,6769096,0,0,
GPU,3,0.000,0.000,0.000,10604917,6769096,0,0,
GPU,3,0.000,0.000,0.000,10604917,6769096,0,0,
GPU,3,0.000,0.000,0.000,10513820,6783110,0,0,
GPU,3,0.000,0.000,0.000,10513820,6783110,0,0,
GPU,3,0.000,0.000,0.000,10513820,6783110,0,0,
GPU,3,0.000,0.000,0.000,10323005,6698971,0,0,
GPU,3,0.000,0.000,0.000,10323005,6698971,0,0,
GPU,3,0.000,0.000,0.000,10323005,6698971,0,0,
GPU,3,0.000,0.000,0.000,9296586,5942147,0,0,
GPU,3,0.000,0.000,0.000,9296586,5942147,0,0,
GPU,3,0.000,0.000,0.000,9296586,5942147,0,0,
GPU,3,0.000,0.000,0.000,10528894,6720571,0,0,
GPU,3,0.000,0.000,0.000,10528894,6720571,0,0,
GPU,3,0.000,0.000,0.000,10528894,6720571,0,0,
GPU,3,0.000,0.000,0.000,10487070,6765852,0,0,
GPU,3,0.000,0.000,0.000,10487070,6765852,0,0,
GPU,3,0.000,0.000,0.000,10487070,6765852,0,0,
GPU,3,0.000,0.000,0.000,10338830,6709241,0,0,
GPU,3,0.000,0.000,0.000,10338830,6709241,0,0,
GPU,3,0.000,0.000,0.000,10338830,6709241,0,0,
GPU,3,0.000,0.000,0.000,10338830,6709241,0,0,
GPU,3,0.000,0.000,0.000,11083200,7052946,0,0,
GPU,3,0.000,0.000,0.000,11083200,7052946,0,0,
GPU,3,0.000,0.000,0.000,11083200,7052946,0,0,
GPU,3,0.000,0.000,0.000,10440456,6664121,0,0,
GPU,3,0.000,0.000,0.000,10440456,6664121,0,0,
GPU,3,0.000,0.000,0.000,10440456,6664121,0,0,
GPU,3,0.000,0.000,0.000,10641609,6905725,0,0,
GPU,3,0.000,0.000,0.000,10641609,6905725,0,0,
GPU,3,0.000,0.000,0.000,10641609,6905725,0,0,
GPU,3,0.000,0.000,0.000,9205195,5875656,0,0,
GPU,3,0.000,0.000,0.000,9205195,5875656,0,0,
GPU,3,0.000,0.000,0.000,9205195,5875656,0,0,
GPU,3,0.000,0.000,0.000,10769401,6994559,0,0,
GPU,3,0.000,0.000,0.000,10769401,6994559,0,0,
GPU,3,0.000,0.000,0.000,10769401,6994559,0,0,
GPU,3,0.000,0.000,0.000,10405856,6642035,0,0,
GPU,3,0.000,0.000,0.000,10405856,6642035,0,0,
GPU,3,0.000,0.000,0.000,10405856,6642035,0,0,
GPU,3,0.000,0.000,0.000,10629425,6784739,0,0,
GPU,3,0.000,0.000,0.000,10629425,6784739,0,0,
GPU,3,0.000,0.000,0.000,10629425,6784739,0,0,
GPU,3,0.000,0.000,0.000,10629425,6784739,0,0,
GPU,3,0.000,0.000,0.000,7938582,5121666,0,0,
GPU,3,0.000,0.000,0.000,7938582,5121666,0,0,
GPU,3,0.000,0.000,0.000,7938582,5121666,0,0,
GPU,3,0.000,0.000,0.000,10769177,6994414,0,0,
GPU,3,0.000,0.000,0.000,10769177,6994414,0,0,
GPU,3,0.000,0.000,0.000,10769177,6994414,0,0,
GPU,3,0.000,0.000,0.000,10417821,6649673,0,0,
GPU,3,0.000,0.000,0.000,10417821,6649673,0,0,
GPU,3,0.000,0.000,0.000,10417821,6649673,0,0,
GPU,3,0.000,0.000,0.000,10638674,6790643,0,0,
GPU,3,0.000,0.000,0.000,10638674,6790643,0,0,
GPU,3,0.000,0.000,0.000,10638674,6790643,0,0,
GPU,3,0.000,0.000,0.000,10638674,6790643,0,0,
GPU,3,0.000,0.000,0.000,9059140,5844606,0,0,
GPU,3,0.000,0.000,0.000,9059140,5844606,0,0,
GPU,3,0.000,0.000,0.000,9059140,5844606,0,0,
GPU,3,0.000,0.000,0.000,11747205,7252622,0,0,
GPU,3,0.000,0.000,0.000,11747205,7252622,0,0,
GPU,3,0.000,0.000,0.000,11747205,7252622,0,0,
GPU,3,0.000,0.000,0.000,10304566,6648107,0,0,
GPU,3,0.000,0.000,0.000,10304566,6648107,0,0,
GPU,3,0.000,0.000,0.000,10304566,6648107,0,0,
GPU,3,0.000,0.000,0.000,10609555,6772056,0,0,
GPU,3,0.000,0.000,0.000,10609555,6772056,0,0,
GPU,3,0.000,0.000,0.000,10609555,6772056,0,0,
GPU,3,0.000,0.000,0.000,10617719,6890222,0,0,
GPU,3,0.000,0.000,0.000,10617719,6890222,0,0,
GPU,3,0.000,0.000,0.000,10617719,6890222,0,0,
GPU,3,0.000,0.000,0.000,10617719,6890222,0,0,
GPU,3,0.000,0.000,0.000,10309137,6580300,0,0,
GPU,3,0.000,0.000,0.000,10309137,6580300,0,0,
GPU,3,0.000,0.000,0.000,10309137,6580300,0,0,
GPU,3,0.000,0.000,0.000,9310473,5951024,0,0,
GPU,3,0.000,0.000,0.000,9310473,5951024,0,0,
GPU,3,0.000,0.000,0.000,9310473,5951024,0,0,
GPU,3,0.000,0.000,0.000,10504480,6816737,0,0,
GPU,3,0.000,0.000,0.000,10504480,6816737,0,0,
GPU,3,0.000,0.000,0.000,10504480,6816737,0,0,
GPU,3,0.000,0.000,0.000,10581861,6754379,0,0,
GPU,3,0.000,0.000,0.000,10581861,6754379,0,0,
GPU,3,0.000,0.000,0.000,10581861,6754379,0,0,
GPU,3,0.000,0.000,0.000,10121071,6529723,0,0,
GPU,3,0.000,0.000,0.000,10121071,6529723,0,0,
GPU,3,0.000,0.000,0.000,10121071,6529723,0,0,
GPU,3,0.000,0.000,0.000,10952856,7041122,0,0,
GPU,3,0.000,0.000,0.000,10952856,7041122,0,0,
GPU,3,0.000,0.000,0.000,10952856,7041122,0,0,
GPU,3,0.000,0.000,0.000,10952856,7041122,0,0,
GPU,3,0.000,0.000,0.000,10543840,6770255,0,0,
GPU,3,0.000,0.000,0.000,10543840,6770255,0,0,
GPU,3,0.000,0.000,0.000,10626271,6782726,0,0,
GPU,3,0.000,0.000,0.000,10626271,6782726,0,0,
GPU,3,0.000,0.000,0.000,10626271,6782726,0,0,
GPU,3,0.000,0.000,0.000,10626271,6782726,0,0,
GPU,3,0.000,0.000,0.000,9532380,6084498,0,0,
GPU,3,0.000,0.000,0.000,9532380,6084498,0,0,
GPU,3,0.000,0.000,0.000,9532380,6084498,0,0,
GPU,3,0.000,0.000,0.000,10832466,7035519,0,0,
GPU,3,0.000,0.000,0.000,10832466,7035519,0,0,
GPU,3,0.000,0.000,0.000,10832466,7035519,0,0,
GPU,3,0.000,0.000,0.000,10177554,6526909,0,0,
GPU,3,0.000,0.000,0.000,10177554,6526909,0,0,
GPU,3,0.000,0.000,0.000,10177554,6526909,0,0,
GPU,3,0.000,0.000,0.000,10604767,6881817,0,0,
GPU,3,0.000,0.000,0.000,10604767,6881817,0,0,
GPU,3,0.000,0.000,0.000,10604767,6881817,0,0,
GPU,3,0.000,0.000,0.000,10604767,6881817,0,0,
GPU,3,0.000,0.000,0.000,7946468,5126753,0,0,
GPU,3,0.000,0.000,0.000,7946468,5126753,0,0,
GPU,3,0.000,0.000,0.000,7946468,5126753,0,0,
GPU,3,0.000,0.000,0.000,10761709,6878618,0,0,
GPU,3,0.000,0.000,0.000,10761709,6878618,0,0,
GPU,3,0.000,0.000,0.000,10761709,6878618,0,0,
GPU,3,0.000,0.000,0.000,10376779,6623476,0,0,
GPU,3,0.000,0.000,0.000,10376779,6623476,0,0,
GPU,3,0.000,0.000,0.000,10376779,6623476,0,0,
GPU,3,0.000,0.000,0.000,10678026,6929357,0,0,
GPU,3,0.000,0.000,0.000,10678026,6929357,0,0,
GPU,3,0.000,0.000,0.000,10678026,6929357,0,0,
GPU,3,0.000,0.000,0.000,10678026,6929357,0,0,
GPU,3,0.000,0.000,0.000,9079094,5857480,0,0,
GPU,3,0.000,0.000,0.000,9079094,5857480,0,0,
GPU,3,0.000,0.000,0.000,9079094,5857480,0,0,
GPU,3,0.000,0.000,0.000,12004726,7302875,0,0,
GPU,3,0.000,0.000,0.000,12004726,7302875,0,0,
GPU,3,0.000,0.000,0.000,12004726,7302875,0,0,
GPU,3,0.000,0.000,0.000,10415512,6759002,0,0,
GPU,3,0.000,0.000,0.000,10415512,6759002,0,0,
GPU,3,0.000,0.000,0.000,10415512,6759002,0,0,
GPU,3,0.000,0.000,0.000,10415512,6759002,0,0,
GPU,3,0.000,0.000,0.000,10505284,6777602,0,0,
GPU,3,0.000,0.000,0.000,10505284,6777602,0,0,
GPU,3,0.000,0.000,0.000,10610902,6772916,0,0,
GPU,3,0.000,0.000,0.000,10610902,6772916,0,0,
GPU,3,0.000,0.000,0.000,10610902,6772916,0,0,
GPU,3,0.000,0.000,0.000,10610902,6772916,0,0,
GPU,3,0.000,0.000,0.000,10323997,6699615,0,0,
GPU,3,0.000,0.000,0.000,10323997,6699615,0,0,
GPU,3,0.000,0.000,0.000,10323997,6699615,0,0,
GPU,3,0.000,0.000,0.000,9285073,5934789,0,0,
GPU,3,0.000,0.000,0.000,9285073,5934789,0,0,
GPU,3,0.000,0.000,0.000,9285073,5934789,0,0,
GPU,3,0.000,0.000,0.000,9285073,5934789,0,0,
GPU,3,0.000,0.000,0.000,9624212,6078449,0,0,
GPU,3,0.000,0.000,0.000,9624212,6078449,0,0,
GPU,3,0.000,0.000,0.000,9624212,6078449,0,0,
GPU,3,0.000,0.000,0.000,10504246,6776933,0,0,
GPU,3,0.000,0.000,0.000,10504246,6776933,0,0,
GPU,3,0.000,0.000,0.000,10504246,6776933,0,0,
GPU,3,0.000,0.000,0.000,10230952,6600614,0,0,
GPU,3,0.000,0.000,0.000,10230952,6600614,0,0,
GPU,3,0.000,0.000,0.000,10230952,6600614,0,0,
GPU,3,0.000,0.000,0.000,9217447,5865648,0,0,
GPU,3,0.000,0.000,0.000,9217447,5865648,0,0,
GPU,3,0.000,0.000,0.000,9217447,5865648,0,0,
GPU,3,0.000,0.000,0.000,9217447,5865648,0,0,
GPU,3,0.000,0.000,0.000,10572191,6860677,0,0,
GPU,3,0.000,0.000,0.000,10572191,6860677,0,0,
GPU,3,0.000,0.000,0.000,10621018,6779373,0,0,
GPU,3,0.000,0.000,0.000,10621018,6779373,0,0,
GPU,3,0.000,0.000,0.000,10621018,6779373,0,0,
GPU,3,0.000,0.000,0.000,10621018,6779373,0,0,
GPU,3,0.000,0.000,0.000,10316986,6695065,0,0,
GPU,3,0.000,0.000,0.000,10316986,6695065,0,0,
GPU,3,0.000,0.000,0.000,10316986,6695065,0,0,
GPU,3,0.000,0.000,0.000,10800353,6903318,0,0,
GPU,3,0.000,0.000,0.000,10800353,6903318,0,0,
GPU,3,0.000,0.000,0.000,10800353,6903318,0,0,
GPU,3,0.000,0.000,0.000,10202667,6543014,0,0,
GPU,3,0.000,0.000,0.000,10202667,6543014,0,0,
GPU,3,0.000,0.000,0.000,10202667,6543014,0,0,
GPU,3,0.000,0.000,0.000,10616295,6889298,0,0,
GPU,3,0.000,0.000,0.000,10616295,6889298,0,0,
GPU,3,0.000,0.000,0.000,10616295,6889298,0,0,
GPU,3,0.000,0.000,0.000,10616295,6889298,0,0,
GPU,3,0.000,0.000,0.000,8529413,5535044,0,0,
GPU,3,0.000,0.000,0.000,8529413,5535044,0,0,
GPU,3,0.000,0.000,0.000,8529413,5535044,0,0,
GPU,3,0.000,0.000,0.000,10826194,6919835,0,0,
GPU,3,0.000,0.000,0.000,10826194,6919835,0,0,
GPU,3,0.000,0.000,0.000,10826194,6919835,0,0,
GPU,3,0.000,0.000,0.000,10513865,6751008,0,0,
GPU,3,0.000,0.000,0.000,10513865,6751008,0,0,
GPU,3,0.000,0.000,0.000,10513865,6751008,0,0,
GPU,3,0.000,0.000,0.000,10620043,6778751,0,0,
GPU,3,0.000,0.000,0.000,10620043,6778751,0,0,
GPU,3,0.000,0.000,0.000,10620043,6778751,0,0,
GPU,3,0.000,0.000,0.000,8790533,5671312,0,0,
GPU,3,0.000,0.000,0.000,8790533,5671312,0,0,
GPU,3,0.000,0.000,0.000,8790533,5671312,0,0,
GPU,3,0.000,0.000,0.000,8790533,5671312,0,0,
GPU,3,0.000,0.000,0.000,10815481,6912988,0,0,
GPU,3,0.000,0.000,0.000,10815481,6912988,0,0,
GPU,3,0.000,0.000,0.000,10815481,6912988,0,0,
GPU,3,0.000,0.000,0.000,10410393,6755681,0,0,
GPU,3,0.000,0.000,0.000,10410393,6755681,0,0,
GPU,3,0.000,0.000,0.000,10410393,6755681,0,0,
GPU,3,0.000,0.000,0.000,10401062,6670246,0,0,
GPU,3,0.000,0.000,0.000,10401062,6670246,0,0,
GPU,3,0.000,0.000,0.000,10401062,6670246,0,0,
GPU,3,0.000,0.000,0.000,8851380,5743980,0,0,
GPU,3,0.000,0.000,0.000,8851380,5743980,0,0,
GPU,3,0.000,0.000,0.000,8851380,5743980,0,0,
GPU,3,0.000,0.000,0.000,8851380,5743980,0,0,
GPU,3,0.000,0.000,0.000,12577043,7527169,0,0,
GPU,3,0.000,0.000,0.000,12577043,7527169,0,0,
GPU,3,0.000,0.000,0.000,12577043,7527169,0,0,
GPU,3,0.000,0.000,0.000,10425114,6654328,0,0,
GPU,3,0.000,0.000,0.000,10425114,6654328,0,0,
GPU,3,0.000,0.000,0.000,10425114,6654328,0,0,
GPU,3,0.000,0.000,0.000,10562242,6854221,0,0,
GPU,3,0.000,0.000,0.000,10562242,6854221,0,0,
GPU,3,0.000,0.000,0.000,10562242,6854221,0,0,
GPU,3,0.000,0.000,0.000,10562242,6854221,0,0,
GPU,3,0.000,0.000,0.000,8633357,5510653,0,0,
GPU,3,0.000,0.000,0.000,8633357,5510653,0,0,
GPU,3,0.000,0.000,0.000,8633357,5510653,0,0,
GPU,3,0.000,0.000,0.000,13104236,7826141,0,0,
GPU,3,0.000,0.000,0.000,13104236,7826141,0,0,
GPU,3,0.000,0.000,0.000,13104236,7826141,0,0,
GPU,3,0.000,0.000,0.000,13104236,7826141,0,0,
GPU,3,0.000,0.000,0.000,10549841,6663057,0,0,
GPU,3,0.000,0.000,0.000,10549841,6663057,0,0,
GPU,3,0.000,0.000,0.000,10549841,6663057,0,0,
GPU,3,0.000,0.000,0.000,10472235,6868885,0,0,
GPU,3,0.000,0.000,0.000,10472235,6868885,0,0,
GPU,3,0.000,0.000,0.000,10472235,6868885,0,0,
GPU,3,0.000,0.000,0.000,10472235,6868885,0,0,
GPU,3,0.000,0.000,0.000,8091415,5164733,0,0,
GPU,3,0.000,0.000,0.000,8091415,5164733,0,0,
GPU,3,0.000,0.000,0.000,8091415,5164733,0,0,
GPU,3,0.000,0.000,0.000,10778854,6929263,0,0,
GPU,3,0.000,0.000,0.000,10778854,6929263,0,0,
GPU,3,0.000,0.000,0.000,10778854,6929263,0,0,
GPU,3,0.000,0.000,0.000,10405928,6642081,0,0,
GPU,3,0.000,0.000,0.000,10405928,6642081,0,0,
GPU,3,0.000,0.000,0.000,10405928,6642081,0,0,
GPU,3,0.000,0.000,0.000,10623269,6893823,0,0,
GPU,3,0.000,0.000,0.000,10623269,6893823,0,0,
GPU,3,0.000,0.000,0.000,10623269,6893823,0,0,
GPU,3,0.000,0.000,0.000,9107975,5813601,0,0,
GPU,3,0.000,0.000,0.000,9107975,5813601,0,0,
GPU,3,0.000,0.000,0.000,9107975,5813601,0,0,
GPU,3,0.000,0.000,0.000,9107975,5813601,0,0,
GPU,3,0.000,0.000,0.000,11726310,7216191,0,0,
GPU,3,0.000,0.000,0.000,11726310,7216191,0,0,
GPU,3,0.000,0.000,0.000,11726310,7216191,0,0,
GPU,3,0.000,0.000,0.000,10365051,6726256,0,0,
GPU,3,0.000,0.000,0.000,10365051,6726256,0,0,
GPU,3,0.000,0.000,0.000,10365051,6726256,0,0,
GPU,3,0.000,0.000,0.000,10552312,6735518,0,0,
GPU,3,0.000,0.000,0.000,10552312,6735518,0,0,
GPU,3,0.000,0.000,0.000,10552312,6735518,0,0,
GPU,3,0.000,0.000,0.000,10550165,6846384,0,0,
GPU,3,0.000,0.000,0.000,10550165,6846384,0,0,
GPU,3,0.000,0.000,0.000,10550165,6846384,0,0,
GPU,3,0.000,0.000,0.000,10138933,6541247,0,0,
GPU,3,0.000,0.000,0.000,10138933,6541247,0,0,
GPU,3,0.000,0.000,0.000,10138933,6541247,0,0,
GPU,3,0.000,0.000,0.000,10138933,6541247,0,0,
GPU,3,0.000,0.000,0.000,9082715,5805447,0,0,
GPU,3,0.000,0.000,0.000,9082715,5805447,0,0,
GPU,3,0.000,0.000,0.000,9082715,5805447,0,0,
GPU,3,0.000,0.000,0.000,10532434,6722830,0,0,
GPU,3,0.000,0.000,0.000,10532434,6722830,0,0,
GPU,3,0.000,0.000,0.000,10532434,6722830,0,0,
GPU,3,0.000,0.000,0.000,10491581,6768762,0,0,
GPU,3,0.000,0.000,0.000,10491581,6768762,0,0,
GPU,3,0.000,0.000,0.000,10491581,6768762,0,0,
GPU,3,0.000,0.000,0.000,10275189,6558631,0,0,
GPU,3,0.000,0.000,0.000,10275189,6558631,0,0,
GPU,3,0.000,0.000,0.000,10275189,6558631,0,0,
GPU,3,0.000,0.000,0.000,10796822,7012369,0,0,
GPU,3,0.000,0.000,0.000,10796822,7012369,0,0,
GPU,3,0.000,0.000,0.000,10796822,7012369,0,0,
GPU,3,0.000,0.000,0.000,10525513,6758487,0,0,
GPU,3,0.000,0.000,0.000,10525513,6758487,0,0,
GPU,3,0.000,0.000,0.000,10525513,6758487,0,0,
GPU,3,0.000,0.000,0.000,10629576,6784835,0,0,
GPU,3,0.000,0.000,0.000,10629576,6784835,0,0,
GPU,3,0.000,0.000,0.000,10629576,6784835,0,0,
GPU,3,0.000,0.000,0.000,10629576,6784835,0,0,
GPU,3,0.000,0.000,0.000,9748619,6289431,0,0,
GPU,3,0.000,0.000,0.000,9748619,6289431,0,0,
GPU,3,0.000,0.000,0.000,9748619,6289431,0,0,
GPU,3,0.000,0.000,0.000,10942155,7034243,0,0,
GPU,3,0.000,0.000,0.000,10942155,7034243,0,0,
GPU,3,0.000,0.000,0.000,10942155,7034243,0,0,
GPU,3,0.000,0.000,0.000,10562083,6670789,0,0,
GPU,3,0.000,0.000,0.000,10562083,6670789,0,0,
GPU,3,0.000,0.000,0.000,10562083,6670789,0,0,
GPU,3,0.000,0.000,0.000,10495799,6884341,0,0,
GPU,3,0.000,0.000,0.000,10495799,6884341,0,0,
GPU,3,0.000,0.000,0.000,10495799,6884341,0,0,
GPU,3,0.000,0.000,0.000,10495799,6884341,0,0,
GPU,3,0.000,0.000,0.000,8023258,5121229,0,0,
GPU,3,0.000,0.000,0.000,8023258,5121229,0,0,
GPU,3,0.000,0.000,0.000,8023258,5121229,0,0,
GPU,3,0.000,0.000,0.000,10736490,6902029,0,0,
GPU,3,0.000,0.000,0.000,10736490,6902029,0,0,
GPU,3,0.000,0.000,0.000,10736490,6902029,0,0,
GPU,3,0.000,0.000,0.000,10392051,6633224,0,0,
GPU,3,0.000,0.000,0.000,10392051,6633224,0,0,
GPU,3,0.000,0.000,0.000,10392051,6633224,0,0,
GPU,3,0.000,0.000,0.000,10622819,6893531,0,0,
GPU,3,0.000,0.000,0.000,10622819,6893531,0,0,
GPU,3,0.000,0.000,0.000,10622819,6893531,0,0,
GPU,3,0.000,0.000,0.000,10622819,6893531,0,0,
GPU,3,0.000,0.000,0.000,9003615,5746988,0,0,
GPU,3,0.000,0.000,0.000,9003615,5746988,0,0,
GPU,3,0.000,0.000,0.000,9003615,5746988,0,0,
GPU,3,0.000,0.000,0.000,10971306,6923640,0,0,
GPU,3,0.000,0.000,0.000,10971306,6923640,0,0,
GPU,3,0.000,0.000,0.000,10971306,6923640,0,0,
GPU,3,0.000,0.000,0.000,10453704,6712378,0,0,
GPU,3,0.000,0.000,0.000,10453704,6712378,0,0,
GPU,3,0.000,0.000,0.000,10453704,6712378,0,0,
GPU,3,0.000,0.000,0.000,10324825,6621355,0,0,
GPU,3,0.000,0.000,0.000,10324825,6621355,0,0,
GPU,3,0.000,0.000,0.000,10324825,6621355,0,0,
GPU,3,0.000,0.000,0.000,10523933,6789634,0,0,
GPU,3,0.000,0.000,0.000,10523933,6789634,0,0,
GPU,3,0.000,0.000,0.000,10523933,6789634,0,0,
GPU,3,0.000,0.000,0.000,10248792,6650811,0,0,
GPU,3,0.000,0.000,0.000,10248792,6650811,0,0,
GPU,3,0.000,0.000,0.000,10248792,6650811,0,0,
GPU,3,0.000,0.000,0.000,10248792,6650811,0,0,
GPU,3,0.000,0.000,0.000,8796689,5622626,0,0,
GPU,3,0.000,0.000,0.000,8796689,5622626,0,0,
GPU,3,0.000,0.000,0.000,8796689,5622626,0,0,
GPU,3,0.000,0.000,0.000,10393865,6665631,0,0,
GPU,3,0.000,0.000,0.000,10393865,6665631,0,0,
GPU,3,0.000,0.000,0.000,10393865,6665631,0,0,
GPU,3,0.000,0.000,0.000,10568328,6745741,0,0,
GPU,3,0.000,0.000,0.000,10568328,6745741,0,0,
GPU,3,0.000,0.000,0.000,10568328,6745741,0,0,
GPU,3,0.000,0.000,0.000,10320455,6697316,0,0,
GPU,3,0.000,0.000,0.000,10320455,6697316,0,0,
GPU,3,0.000,0.000,0.000,10320455,6697316,0,0,
GPU,3,0.000,0.000,0.000,10857170,7051564,0,0,
GPU,3,0.000,0.000,0.000,10857170,7051564,0,0,
GPU,3,0.000,0.000,0.000,10857170,7051564,0,0,
GPU,3,0.000,0.000,0.000,10857170,7051564,0,0,
GPU,3,0.000,0.000,0.000,10419481,6650732,0,0,
GPU,3,0.000,0.000,0.000,10419481,6650732,0,0,
GPU,3,0.000,0.000,0.000,10632657,6899915,0,0,
GPU,3,0.000,0.000,0.000,10632657,6899915,0,0,
GPU,3,0.000,0.000,0.000,10632657,6899915,0,0,
GPU,3,0.000,0.000,0.000,10632657,6899915,0,0,
GPU,3,0.000,0.000,0.000,9781350,6243415,0,0,
GPU,3,0.000,0.000,0.000,9781350,6243415,0,0,
GPU,3,0.000,0.000,0.000,9781350,6243415,0,0,
GPU,3,0.000,0.000,0.000,10910027,7013588,0,0,
GPU,3,0.000,0.000,0.000,10910027,7013588,0,0,
GPU,3,0.000,0.000,0.000,10910027,7013588,0,0,
GPU,3,0.000,0.000,0.000,10609635,6700822,0,0,
GPU,3,0.000,0.000,0.000,10609635,6700822,0,0,
GPU,3,0.000,0.000,0.000,10609635,6700822,0,0,
GPU,3,0.000,0.000,0.000,10447677,6852777,0,0,
GPU,3,0.000,0.000,0.000,10447677,6852777,0,0,
GPU,3,0.000,0.000,0.000,10447677,6852777,0,0,
GPU,3,0.000,0.000,0.000,10447677,6852777,0,0,
GPU,3,0.000,0.000,0.000,8016544,5116943,0,0,
GPU,3,0.000,0.000,0.000,8016544,5116943,0,0,
GPU,3,0.000,0.000,0.000,8016544,5116943,0,0,
GPU,3,0.000,0.000,0.000,10658901,6922791,0,0,
GPU,3,0.000,0.000,0.000,10658901,6922791,0,0,
GPU,3,0.000,0.000,0.000,10658901,6922791,0,0,
GPU,3,0.000,0.000,0.000,10502096,6632903,0,0,
GPU,3,0.000,0.000,0.000,10502096,6632903,0,0,
GPU,3,0.000,0.000,0.000,10502096,6632903,0,0,
GPU,3,0.000,0.000,0.000,10449731,6741762,0,0,
GPU,3,0.000,0.000,0.000,10449731,6741762,0,0,
GPU,3,0.000,0.000,0.000,10449731,6741762,0,0,
GPU,3,0.000,0.000,0.000,10449731,6741762,0,0,
GPU,3,0.000,0.000,0.000,9271288,5953143,0,0,
GPU,3,0.000,0.000,0.000,9271288,5953143,0,0,
GPU,3,0.000,0.000,0.000,9271288,5953143,0,0,
GPU,3,0.000,0.000,0.000,9271288,5953143,0,0,
GPU,3,0.000,0.000,0.000,9271288,5953143,0,0,
GPU,3,0.000,0.000,0.000,9271288,5953143,0,0,
GPU,3,0.000,0.000,0.000,9271288,5953143,0,0,
GPU,3,0.000,0.000,0.000,4705497,3007637,0,0,
GPU,3,0.000,0.000,0.000,4705497,3007637,0,0,
GPU,3,0.000,0.000,0.000,4705497,3007637,0,0,
GPU,3,0.000,0.000,0.000,10574719,6862317,0,0,
GPU,3,0.000,0.000,0.000,10574719,6862317,0,0,
GPU,3,0.000,0.000,0.000,10574719,6862317,0,0,
GPU,3,0.000,0.000,0.000,9059195,5844642,0,0,
GPU,3,0.000,0.000,0.000,9059195,5844642,0,0,
GPU,3,0.000,0.000,0.000,9059195,5844642,0,0,
GPU,3,0.000,0.000,0.000,9059195,5844642,0,0,
GPU,3,0.000,0.000,0.000,10598848,6774521,0,0,
GPU,3,0.000,0.000,0.000,10598848,6774521,0,0,
GPU,3,0.000,0.000,0.000,10598848,6774521,0,0,
GPU,3,0.000,0.000,0.000,9342233,5998697,0,0,
GPU,3,0.000,0.000,0.000,9342233,5998697,0,0,
GPU,3,0.000,0.000,0.000,9342233,5998697,0,0,
GPU,3,0.000,0.000,0.000,10451419,6742851,0,0,
GPU,3,0.000,0.000,0.000,10451419,6742851,0,0,
GPU,3,0.000,0.000,0.000,10451419,6742851,0,0,
GPU,3,0.000,0.000,0.000,10451419,6742851,0,0,
GPU,3,0.000,0.000,0.000,8822873,5631621,0,0,
GPU,3,0.000,0.000,0.000,8822873,5631621,0,0,
GPU,3,0.000,0.000,0.000,8822873,5631621,0,0,
GPU,3,0.000,0.000,0.000,11112728,6985143,0,0,
GPU,3,0.000,0.000,0.000,11112728,6985143,0,0,
GPU,3,0.000,0.000,0.000,11112728,6985143,0,0,
GPU,3,0.000,0.000,0.000,9505931,6168742,0,0,
GPU,3,0.000,0.000,0.000,9505931,6168742,0,0,
GPU,3,0.000,0.000,0.000,9505931,6168742,0,0,
GPU,3,0.000,0.000,0.000,10387484,6661538,0,0,
GPU,3,0.000,0.000,0.000,10387484,6661538,0,0,
GPU,3,0.000,0.000,0.000,10387484,6661538,0,0,
GPU,3,0.000,0.000,0.000,10387484,6661538,0,0,
GPU,3,0.000,0.000,0.000,15106336,8022574,0,0,
GPU,3,0.000,0.000,0.000,15106336,8022574,0,0,
GPU,3,0.000,0.000,0.000,15106336,8022574,0,0,
GPU,3,0.000,0.000,0.000,15106336,8022574,0,0,
GPU,3,0.000,0.000,0.000,10923109,6853715,0,0,
GPU,3,0.000,0.000,0.000,10923109,6853715,0,0,
GPU,3,0.000,0.000,0.000,10923109,6853715,0,0,
GPU,3,0.000,0.000,0.000,8447634,5481975,0,0,
GPU,3,0.000,0.000,0.000,8447634,5481975,0,0,
GPU,3,0.000,0.000,0.000,8447634,5481975,0,0,
GPU,3,0.000,0.000,0.000,10629876,6785027,0,0,
GPU,3,0.000,0.000,0.000,10629876,6785027,0,0,
GPU,3,0.000,0.000,0.000,10629876,6785027,0,0,
GPU,3,0.000,0.000,0.000,10629876,6785027,0,0,
GPU,3,0.000,0.000,0.000,8215661,5331439,0,0,
GPU,3,0.000,0.000,0.000,8215661,5331439,0,0,
GPU,3,0.000,0.000,0.000,8215661,5331439,0,0,
GPU,3,0.000,0.000,0.000,10822571,6917519,0,0,
GPU,3,0.000,0.000,0.000,10822571,6917519,0,0,
GPU,3,0.000,0.000,0.000,10822571,6917519,0,0,
GPU,3,0.000,0.000,0.000,10455044,6784656,0,0,
GPU,3,0.000,0.000,0.000,10455044,6784656,0,0,
GPU,3,0.000,0.000,0.000,10455044,6784656,0,0,
GPU,3,0.000,0.000,0.000,10455044,6784656,0,0,
GPU,3,0.000,0.000,0.000,10512037,6781959,0,0,
GPU,3,0.000,0.000,0.000,10512037,6781959,0,0,
GPU,3,0.000,0.000,0.000,10512037,6781959,0,0,
GPU,3,0.000,0.000,0.000,9010088,5751120,0,0,
GPU,3,0.000,0.000,0.000,9010088,5751120,0,0,
GPU,3,0.000,0.000,0.000,9010088,5751120,0,0,
GPU,3,0.000,0.000,0.000,10595158,6772163,0,0,
GPU,3,0.000,0.000,0.000,10595158,6772163,0,0,
GPU,3,0.000,0.000,0.000,10595158,6772163,0,0,
GPU,3,0.000,0.000,0.000,10595158,6772163,0,0,
GPU,3,0.000,0.000,0.000,8749578,5677917,0,0,
GPU,3,0.000,0.000,0.000,8749578,5677917,0,0,
GPU,3,0.000,0.000,0.000,8749578,5677917,0,0,
GPU,3,0.000,0.000,0.000,10374160,6652994,0,0,
GPU,3,0.000,0.000,0.000,10374160,6652994,0,0,
GPU,3,0.000,0.000,0.000,10374160,6652994,0,0,
GPU,3,0.000,0.000,0.000,10374160,6652994,0,0,
GPU,3,0.000,0.000,0.000,9123628,5886212,0,0,
GPU,3,0.000,0.000,0.000,9123628,5886212,0,0,
GPU,3,0.000,0.000,0.000,9123628,5886212,0,0,
GPU,3,0.000,0.000,0.000,10647566,6915430,0,0,
GPU,3,0.000,0.000,0.000,10647566,6915430,0,0,
GPU,3,0.000,0.000,0.000,10647566,6915430,0,0,
GPU,3,0.000,0.000,0.000,9647302,6093032,0,0,
GPU,3,0.000,0.000,0.000,9647302,6093032,0,0,
GPU,3,0.000,0.000,0.000,9647302,6093032,0,0,
GPU,3,0.000,0.000,0.000,10569195,6825938,0,0,
GPU,3,0.000,0.000,0.000,10569195,6825938,0,0,
GPU,3,0.000,0.000,0.000,10569195,6825938,0,0,
GPU,3,0.000,0.000,0.000,10502170,6775593,0,0,
GPU,3,0.000,0.000,0.000,10502170,6775593,0,0,
GPU,3,0.000,0.000,0.000,10502170,6775593,0,0,
GPU,3,0.000,0.000,0.000,10502170,6775593,0,0,
GPU,3,0.000,0.000,0.000,12841676,7650360,0,0,
GPU,3,0.000,0.000,0.000,12841676,7650360,0,0,
GPU,3,0.000,0.000,0.000,12841676,7650360,0,0,
GPU,3,0.000,0.000,0.000,9184900,5897672,0,0,
GPU,3,0.000,0.000,0.000,9184900,5897672,0,0,
GPU,3,0.000,0.000,0.000,9184900,5897672,0,0,
GPU,3,0.000,0.000,0.000,10363204,6645968,0,0,
GPU,3,0.000,0.000,0.000,10363204,6645968,0,0,
GPU,3,0.000,0.000,0.000,10363204,6645968,0,0,
GPU,3,0.000,0.000,0.000,10608582,6771435,0,0,
GPU,3,0.000,0.000,0.000,10608582,6771435,0,0,
GPU,3,0.000,0.000,0.000,10608582,6771435,0,0,
GPU,3,0.000,0.000,0.000,10608582,6771435,0,0,
GPU,3,0.000,0.000,0.000,13730391,8016502,0,0,
GPU,3,0.000,0.000,0.000,13730391,8016502,0,0,
GPU,3,0.000,0.000,0.000,13730391,8016502,0,0,
GPU,3,0.000,0.000,0.000,13730391,8016502,0,0,
GPU,3,0.000,0.000,0.000,9925234,6373045,0,0,
GPU,3,0.000,0.000,0.000,9925234,6373045,0,0,
GPU,3,0.000,0.000,0.000,9925234,6373045,0,0,
GPU,3,0.000,0.000,0.000,10276824,6662996,0,0,
GPU,3,0.000,0.000,0.000,10276824,6662996,0,0,
GPU,3,0.000,0.000,0.000,10276824,6662996,0,0,
GPU,3,0.000,0.000,0.000,10623869,6894213,0,0,
GPU,3,0.000,0.000,0.000,10623869,6894213,0,0,
GPU,3,0.000,0.000,0.000,10623869,6894213,0,0,
GPU,3,0.000,0.000,0.000,12739149,7531905,0,0,
GPU,3,0.000,0.000,0.000,12739149,7531905,0,0,
GPU,3,0.000,0.000,0.000,12739149,7531905,0,0,
GPU,3,0.000,0.000,0.000,12739149,7531905,0,0,
GPU,3,0.000,0.000,0.000,8745508,5675276,0,0,
GPU,3,0.000,0.000,0.000,8745508,5675276,0,0,
GPU,3,0.000,0.000,0.000,8745508,5675276,0,0,
GPU,3,0.000,0.000,0.000,10455458,6745457,0,0,
GPU,3,0.000,0.000,0.000,10455458,6745457,0,0,
GPU,3,0.000,0.000,0.000,10455458,6745457,0,0,
GPU,3,0.000,0.000,0.000,10434928,6732212,0,0,
GPU,3,0.000,0.000,0.000,10434928,6732212,0,0,
GPU,3,0.000,0.000,0.000,10434928,6732212,0,0,
GPU,3,0.000,0.000,0.000,10434928,6732212,0,0,
GPU,3,0.000,0.000,0.000,11798554,7156500,0,0,
GPU,3,0.000,0.000,0.000,11798554,7156500,0,0,
GPU,3,0.000,0.000,0.000,11798554,7156500,0,0,
GPU,3,0.000,0.000,0.000,11798554,7156500,0,0,
GPU,3,0.000,0.000,0.000,8071614,5237962,0,0,
GPU,3,0.000,0.000,0.000,8071614,5237962,0,0,
GPU,3,0.000,0.000,0.000,8071614,5237962,0,0,
GPU,3,0.000,0.000,0.000,10588268,6758469,0,0,
GPU,3,0.000,0.000,0.000,10588268,6758469,0,0,
GPU,3,0.000,0.000,0.000,10588268,6758469,0,0,
GPU,3,0.000,0.000,0.000,9156246,5907256,0,0,
GPU,3,0.000,0.000,0.000,9156246,5907256,0,0,
GPU,3,0.000,0.000,0.000,9156246,5907256,0,0,
GPU,3,0.000,0.000,0.000,10676616,6863539,0,0,
GPU,3,0.000,0.000,0.000,10676616,6863539,0,0,
GPU,3,0.000,0.000,0.000,10676616,6863539,0,0,
GPU,3,0.000,0.000,0.000,10676616,6863539,0,0,
GPU,3,0.000,0.000,0.000,9176159,5857122,0,0,
GPU,3,0.000,0.000,0.000,9176159,5857122,0,0,
GPU,3,0.000,0.000,0.000,9176159,5857122,0,0,
GPU,3,0.000,0.000,0.000,10529705,6833106,0,0,
GPU,3,0.000,0.000,0.000,10529705,6833106,0,0,
GPU,3,0.000,0.000,0.000,10529705,6833106,0,0,
GPU,3,0.000,0.000,0.000,10432514,6730654,0,0,
GPU,3,0.000,0.000,0.000,10432514,6730654,0,0,
GPU,3,0.000,0.000,0.000,10432514,6730654,0,0,
GPU,3,0.000,0.000,0.000,10432514,6730654,0,0,
GPU,3,0.000,0.000,0.000,12483260,7452692,0,0,
GPU,3,0.000,0.000,0.000,12483260,7452692,0,0,
GPU,3,0.000,0.000,0.000,12483260,7452692,0,0,
GPU,3,0.000,0.000,0.000,9318007,5983141,0,0,
GPU,3,0.000,0.000,0.000,9318007,5983141,0,0,
GPU,3,0.000,0.000,0.000,9318007,5983141,0,0,
GPU,3,0.000,0.000,0.000,10447163,6740105,0,0,
GPU,3,0.000,0.000,0.000,10447163,6740105,0,0,
GPU,3,0.000,0.000,0.000,10447163,6740105,0,0,
GPU,3,0.000,0.000,0.000,10630552,6898550,0,0,
GPU,3,0.000,0.000,0.000,10630552,6898550,0,0,
GPU,3,0.000,0.000,0.000,10630552,6898550,0,0,
GPU,3,0.000,0.000,0.000,10630552,6898550,0,0,
GPU,3,0.000,0.000,0.000,13771617,8026402,0,0,
GPU,3,0.000,0.000,0.000,13771617,8026402,0,0,
GPU,3,0.000,0.000,0.000,13771617,8026402,0,0,
GPU,3,0.000,0.000,0.000,13771617,8026402,0,0,
GPU,3,0.000,0.000,0.000,9571065,6044883,0,0,
GPU,3,0.000,0.000,0.000,9571065,6044883,0,0,
GPU,3,0.000,0.000,0.000,9571065,6044883,0,0,
GPU,3,0.000,0.000,0.000,10631229,6898989,0,0,
GPU,3,0.000,0.000,0.000,10631229,6898989,0,0,
GPU,3,0.000,0.000,0.000,10631229,6898989,0,0,
GPU,3,0.000,0.000,0.000,10491063,6768428,0,0,
GPU,3,0.000,0.000,0.000,10491063,6768428,0,0,
GPU,3,0.000,0.000,0.000,10491063,6768428,0,0,
GPU,3,0.000,0.000,0.000,12275868,7442849,0,0,
GPU,3,0.000,0.000,0.000,12275868,7442849,0,0,
GPU,3,0.000,0.000,0.000,12275868,7442849,0,0,
GPU,3,0.000,0.000,0.000,12275868,7442849,0,0,
GPU,3,0.000,0.000,0.000,8608502,5494788,0,0,
GPU,3,0.000,0.000,0.000,8608502,5494788,0,0,
GPU,3,0.000,0.000,0.000,8608502,5494788,0,0,
GPU,3,0.000,0.000,0.000,10559128,6739869,0,0,
GPU,3,0.000,0.000,0.000,10559128,6739869,0,0,
GPU,3,0.000,0.000,0.000,10559128,6739869,0,0,
GPU,3,0.000,0.000,0.000,10443277,6849891,0,0,
GPU,3,0.000,0.000,0.000,10443277,6849891,0,0,
GPU,3,0.000,0.000,0.000,10443277,6849891,0,0,
GPU,3,0.000,0.000,0.000,10443277,6849891,0,0,
GPU,3,0.000,0.000,0.000,11656238,7052514,0,0,
GPU,3,0.000,0.000,0.000,11656238,7052514,0,0,
GPU,3,0.000,0.000,0.000,11656238,7052514,0,0,
GPU,3,0.000,0.000,0.000,11656238,7052514,0,0,
GPU,3,0.000,0.000,0.000,8217948,5276788,0,0,
GPU,3,0.000,0.000,0.000,8217948,5276788,0,0,
GPU,3,0.000,0.000,0.000,8217948,5276788,0,0,
GPU,3,0.000,0.000,0.000,10709051,6876338,0,0,
GPU,3,0.000,0.000,0.000,10709051,6876338,0,0,
GPU,3,0.000,0.000,0.000,10709051,6876338,0,0,
GPU,3,0.000,0.000,0.000,10709051,6876338,0,0,
GPU,3,0.000,0.000,0.000,7394964,4770944,0,0,
GPU,3,0.000,0.000,0.000,7394964,4770944,0,0,
GPU,3,0.000,0.000,0.000,7394964,4770944,0,0,
GPU,3,0.000,0.000,0.000,10975319,7055562,0,0,
GPU,3,0.000,0.000,0.000,10975319,7055562,0,0,
GPU,3,0.000,0.000,0.000,10975319,7055562,0,0,
GPU,3,0.000,0.000,0.000,10425764,6654743,0,0,
GPU,3,0.000,0.000,0.000,10425764,6654743,0,0,
GPU,3,0.000,0.000,0.000,10425764,6654743,0,0,
GPU,3,0.000,0.000,0.000,10629801,6784979,0,0,
GPU,3,0.000,0.000,0.000,10629801,6784979,0,0,
GPU,3,0.000,0.000,0.000,10629801,6784979,0,0,
GPU,3,0.000,0.000,0.000,10629801,6784979,0,0,
GPU,3,0.000,0.000,0.000,8725686,5723299,0,0,
GPU,3,0.000,0.000,0.000,8725686,5723299,0,0,
GPU,3,0.000,0.000,0.000,8725686,5723299,0,0,
GPU,3,0.000,0.000,0.000,10647713,6805754,0,0,
GPU,3,0.000,0.000,0.000,10647713,6805754,0,0,
GPU,3,0.000,0.000,0.000,10647713,6805754,0,0,
GPU,3,0.000,0.000,0.000,9747245,6325340,0,0,
GPU,3,0.000,0.000,0.000,9747245,6325340,0,0,
GPU,3,0.000,0.000,0.000,9747245,6325340,0,0,
GPU,3,0.000,0.000,0.000,10618169,6777554,0,0,
GPU,3,0.000,0.000,0.000,10618169,6777554,0,0,
GPU,3,0.000,0.000,0.000,10618169,6777554,0,0,
GPU,3,0.000,0.000,0.000,10508400,6779613,0,0,
GPU,3,0.000,0.000,0.000,10508400,6779613,0,0,
GPU,3,0.000,0.000,0.000,10508400,6779613,0,0,
GPU,3,0.000,0.000,0.000,10508400,6779613,0,0,
GPU,3,0.000,0.000,0.000,13673438,7961748,0,0,
GPU,3,0.000,0.000,0.000,13673438,7961748,0,0,
GPU,3,0.000,0.000,0.000,13673438,7961748,0,0,
GPU,3,0.000,0.000,0.000,13673438,7961748,0,0,
GPU,3,0.000,0.000,0.000,9098883,5904594,0,0,
GPU,3,0.000,0.000,0.000,9098883,5904594,0,0,
GPU,3,0.000,0.000,0.000,9098883,5904594,0,0,
GPU,3,0.000,0.000,0.000,10713958,6766710,0,0,
GPU,3,0.000,0.000,0.000,10713958,6766710,0,0,
GPU,3,0.000,0.000,0.000,10713958,6766710,0,0,
GPU,3,0.000,0.000,0.000,10604244,6768666,0,0,
GPU,3,0.000,0.000,0.000,10604244,6768666,0,0,
GPU,3,0.000,0.000,0.000,10604244,6768666,0,0,
GPU,3,0.000,0.000,0.000,11603854,7164118,0,0,
GPU,3,0.000,0.000,0.000,11603854,7164118,0,0,
GPU,3,0.000,0.000,0.000,11603854,7164118,0,0,
GPU,3,0.000,0.000,0.000,11603854,7164118,0,0,
GPU,3,0.000,0.000,0.000,8769702,5631072,0,0,
GPU,3,0.000,0.000,0.000,8769702,5631072,0,0,
GPU,3,0.000,0.000,0.000,8769702,5631072,0,0,
GPU,3,0.000,0.000,0.000,10430978,6841824,0,0,
GPU,3,0.000,0.000,0.000,10430978,6841824,0,0,
GPU,3,0.000,0.000,0.000,10430978,6841824,0,0,
GPU,3,0.000,0.000,0.000,10561946,6741667,0,0,
GPU,3,0.000,0.000,0.000,10561946,6741667,0,0,
GPU,3,0.000,0.000,0.000,10561946,6741667,0,0,
GPU,3,0.000,0.000,0.000,10561946,6741667,0,0,
GPU,3,0.000,0.000,0.000,11684162,7205233,0,0,
GPU,3,0.000,0.000,0.000,11684162,7205233,0,0,
GPU,3,0.000,0.000,0.000,11684162,7205233,0,0,
GPU,3,0.000,0.000,0.000,11684162,7205233,0,0,
GPU,3,0.000,0.000,0.000,8220037,5191602,0,0,
GPU,3,0.000,0.000,0.000,8220037,5191602,0,0,
GPU,3,0.000,0.000,0.000,8220037,5191602,0,0,
GPU,3,0.000,0.000,0.000,10491433,6881477,0,0,
GPU,3,0.000,0.000,0.000,10491433,6881477,0,0,
GPU,3,0.000,0.000,0.000,10491433,6881477,0,0,
GPU,3,0.000,0.000,0.000,10382721,6658484,0,0,
GPU,3,0.000,0.000,0.000,10382721,6658484,0,0,
GPU,3,0.000,0.000,0.000,10382721,6658484,0,0,
GPU,3,0.000,0.000,0.000,11885748,7230496,0,0,
GPU,3,0.000,0.000,0.000,11885748,7230496,0,0,
GPU,3,0.000,0.000,0.000,11885748,7230496,0,0,
GPU,3,0.000,0.000,0.000,11885748,7230496,0,0,
GPU,3,0.000,0.000,0.000,8998715,5778122,0,0,
GPU,3,0.000,0.000,0.000,8998715,5778122,0,0,
GPU,3,0.000,0.000,0.000,8998715,5778122,0,0,
GPU,3,0.000,0.000,0.000,10483819,6763754,0,0,
GPU,3,0.000,0.000,0.000,10483819,6763754,0,0,
GPU,3,0.000,0.000,0.000,10483819,6763754,0,0,
GPU,3,0.000,0.000,0.000,10395186,6779469,0,0,
GPU,3,0.000,0.000,0.000,10395186,6779469,0,0,
GPU,3,0.000,0.000,0.000,10395186,6779469,0,0,
GPU,3,0.000,0.000,0.000,10395186,6779469,0,0,
GPU,3,0.000,0.000,0.000,13090685,7727141,0,0,
GPU,3,0.000,0.000,0.000,13090685,7727141,0,0,
GPU,3,0.000,0.000,0.000,13090685,7727141,0,0,
GPU,3,0.000,0.000,0.000,9349818,5905148,0,0,
GPU,3,0.000,0.000,0.000,9349818,5905148,0,0,
GPU,3,0.000,0.000,0.000,9349818,5905148,0,0,
GPU,3,0.000,0.000,0.000,10416958,6832628,0,0,
GPU,3,0.000,0.000,0.000,10416958,6832628,0,0,
GPU,3,0.000,0.000,0.000,10416958,6832628,0,0,
GPU,3,0.000,0.000,0.000,10628749,6784308,0,0,
GPU,3,0.000,0.000,0.000,10628749,6784308,0,0,
GPU,3,0.000,0.000,0.000,10628749,6784308,0,0,
GPU,3,0.000,0.000,0.000,10628749,6784308,0,0,
GPU,3,0.000,0.000,0.000,13813216,8001558,0,0,
GPU,3,0.000,0.000,0.000,13813216,8001558,0,0,
GPU,3,0.000,0.000,0.000,13813216,8001558,0,0,
GPU,3,0.000,0.000,0.000,13813216,8001558,0,0,
GPU,3,0.000,0.000,0.000,8915217,5724508,0,0,
GPU,3,0.000,0.000,0.000,8915217,5724508,0,0,
GPU,3,0.000,0.000,0.000,8915217,5724508,0,0,
GPU,3,0.000,0.000,0.000,10490471,6880847,0,0,
GPU,3,0.000,0.000,0.000,10490471,6880847,0,0,
GPU,3,0.000,0.000,0.000,10490471,6880847,0,0,
GPU,3,0.000,0.000,0.000,10630853,6785651,0,0,
GPU,3,0.000,0.000,0.000,10630853,6785651,0,0,
GPU,3,0.000,0.000,0.000,10630853,6785651,0,0,
GPU,3,0.000,0.000,0.000,11109885,6852826,0,0,
GPU,3,0.000,0.000,0.000,11109885,6852826,0,0,
GPU,3,0.000,0.000,0.000,11109885,6852826,0,0,
GPU,3,0.000,0.000,0.000,10587746,6870771,0,0,
GPU,3,0.000,0.000,0.000,10587746,6870771,0,0,
GPU,3,0.000,0.000,0.000,10587746,6870771,0,0,
GPU,3,0.000,0.000,0.000,10434299,6660191,0,0,
GPU,3,0.000,0.000,0.000,10434299,6660191,0,0,
GPU,3,0.000,0.000,0.000,10434299,6660191,0,0,
GPU,3,0.000,0.000,0.000,10400180,6782726,0,0,
GPU,3,0.000,0.000,0.000,10400180,6782726,0,0,
GPU,3,0.000,0.000,0.000,10400180,6782726,0,0,
GPU,3,0.000,0.000,0.000,10400180,6782726,0,0,
GPU,3,0.000,0.000,0.000,10304545,6577369,0,0,
GPU,3,0.000,0.000,0.000,10304545,6577369,0,0,
GPU,3,0.000,0.000,0.000,10304545,6577369,0,0,
GPU,3,0.000,0.000,0.000,10804338,6905865,0,0,
GPU,3,0.000,0.000,0.000,10804338,6905865,0,0,
GPU,3,0.000,0.000,0.000,10804338,6905865,0,0,
GPU,3,0.000,0.000,0.000,10434082,6771053,0,0,
GPU,3,0.000,0.000,0.000,10434082,6771053,0,0,
GPU,3,0.000,0.000,0.000,10434082,6771053,0,0,
GPU,3,0.000,0.000,0.000,10631379,6785986,0,0,
GPU,3,0.000,0.000,0.000,10631379,6785986,0,0,
GPU,3,0.000,0.000,0.000,10631379,6785986,0,0,
GPU,3,0.000,0.000,0.000,9739065,6314339,0,0,
GPU,3,0.000,0.000,0.000,9739065,6314339,0,0,
GPU,3,0.000,0.000,0.000,9739065,6314339,0,0,
GPU,3,0.000,0.000,0.000,10924621,6911495,0,0,
GPU,3,0.000,0.000,0.000,10924621,6911495,0,0,
GPU,3,0.000,0.000,0.000,10924621,6911495,0,0,
GPU,3,0.000,0.000,0.000,9785869,6350404,0,0,
GPU,3,0.000,0.000,0.000,9785869,6350404,0,0,
GPU,3,0.000,0.000,0.000,9785869,6350404,0,0,
GPU,3,0.000,0.000,0.000,10560833,6740957,0,0,
GPU,3,0.000,0.000,0.000,10560833,6740957,0,0,
GPU,3,0.000,0.000,0.000,10560833,6740957,0,0,
GPU,3,0.000,0.000,0.000,10560833,6740957,0,0,
GPU,3,0.000,0.000,0.000,7922667,5166957,0,0,
GPU,3,0.000,0.000,0.000,7922667,5166957,0,0,
GPU,3,0.000,0.000,0.000,7922667,5166957,0,0,
GPU,3,0.000,0.000,0.000,10834281,6925004,0,0,
GPU,3,0.000,0.000,0.000,10834281,6925004,0,0,
GPU,3,0.000,0.000,0.000,10834281,6925004,0,0,
GPU,3,0.000,0.000,0.000,10834281,6925004,0,0,
GPU,3,0.000,0.000,0.000,10197920,6548138,0,0,
GPU,3,0.000,0.000,0.000,10197920,6548138,0,0,
GPU,3,0.000,0.000,0.000,10197920,6548138,0,0,
GPU,3,0.000,0.000,0.000,10496688,6772056,0,0,
GPU,3,0.000,0.000,0.000,10496688,6772056,0,0,
GPU,3,0.000,0.000,0.000,10496688,6772056,0,0,
GPU,3,0.000,0.000,0.000,10730440,6963370,0,0,
GPU,3,0.000,0.000,0.000,10730440,6963370,0,0,
GPU,3,0.000,0.000,0.000,10730440,6963370,0,0,
GPU,3,0.000,0.000,0.000,12385301,7431181,0,0,
GPU,3,0.000,0.000,0.000,12385301,7431181,0,0,
GPU,3,0.000,0.000,0.000,12385301,7431181,0,0,
GPU,3,0.000,0.000,0.000,12385301,7431181,0,0,
GPU,3,0.000,0.000,0.000,8948124,5745637,0,0,
GPU,3,0.000,0.000,0.000,8948124,5745637,0,0,
GPU,3,0.000,0.000,0.000,8948124,5745637,0,0,
GPU,3,0.000,0.000,0.000,10547058,6732165,0,0,
GPU,3,0.000,0.000,0.000,10547058,6732165,0,0,
GPU,3,0.000,0.000,0.000,10547058,6732165,0,0,
GPU,3,0.000,0.000,0.000,10508623,6779756,0,0,
GPU,3,0.000,0.000,0.000,10508623,6779756,0,0,
GPU,3,0.000,0.000,0.000,10508623,6779756,0,0,
GPU,3,0.000,0.000,0.000,11174123,6932095,0,0,
GPU,3,0.000,0.000,0.000,11174123,6932095,0,0,
GPU,3,0.000,0.000,0.000,11174123,6932095,0,0,
GPU,3,0.000,0.000,0.000,10634427,6828421,0,0,
GPU,3,0.000,0.000,0.000,10634427,6828421,0,0,
GPU,3,0.000,0.000,0.000,10634427,6828421,0,0,
GPU,3,0.000,0.000,0.000,10480617,6801251,0,0,
GPU,3,0.000,0.000,0.000,10480617,6801251,0,0,
GPU,3,0.000,0.000,0.000,10480617,6801251,0,0,
GPU,3,0.000,0.000,0.000,10353437,6639704,0,0,
GPU,3,0.000,0.000,0.000,10353437,6639704,0,0,
GPU,3,0.000,0.000,0.000,10353437,6639704,0,0,
GPU,3,0.000,0.000,0.000,10224267,6526128,0,0,
GPU,3,0.000,0.000,0.000,10224267,6526128,0,0,
GPU,3,0.000,0.000,0.000,10224267,6526128,0,0,
GPU,3,0.000,0.000,0.000,10224267,6526128,0,0,
GPU,3,0.000,0.000,0.000,9684323,6389656,0,0,
GPU,3,0.000,0.000,0.000,9684323,6389656,0,0,
GPU,3,0.000,0.000,0.000,9684323,6389656,0,0,
GPU,3,0.000,0.000,0.000,13604741,9894357,0,0,
GPU,3,0.000,0.000,0.000,13604741,9894357,0,0,
GPU,3,0.000,0.000,0.000,13604741,9894357,0,0,
GPU,3,0.000,0.000,0.000,10677531,6856099,0,0,
GPU,3,0.000,0.000,0.000,10677531,6856099,0,0,
GPU,3,0.000,0.000,0.000,10677531,6856099,0,0,
GPU,3,0.000,0.000,0.000,10135549,6539064,0,0,
GPU,3,0.000,0.000,0.000,10135549,6539064,0,0,
GPU,3,0.000,0.000,0.000,10135549,6539064,0,0,
GPU,3,0.000,0.000,0.000,10842683,6930374,0,0,
GPU,3,0.000,0.000,0.000,10842683,6930374,0,0,
GPU,3,0.000,0.000,0.000,10842683,6930374,0,0,
GPU,3,0.000,0.000,0.000,10424175,6764624,0,0,
GPU,3,0.000,0.000,0.000,10424175,6764624,0,0,
GPU,3,0.000,0.000,0.000,10424175,6764624,0,0,
GPU,3,0.000,0.000,0.000,10606936,6770385,0,0,
GPU,3,0.000,0.000,0.000,10606936,6770385,0,0,
GPU,3,0.000,0.000,0.000,10606936,6770385,0,0,
GPU,3,0.000,0.000,0.000,10606936,6770385,0,0,
GPU,3,0.000,0.000,0.000,8698397,5611869,0,0,
GPU,3,0.000,0.000,0.000,8698397,5611869,0,0,
GPU,3,0.000,0.000,0.000,8698397,5611869,0,0,
GPU,3,0.000,0.000,0.000,10790966,6897318,0,0,
GPU,3,0.000,0.000,0.000,10790966,6897318,0,0,
GPU,3,0.000,0.000,0.000,10790966,6897318,0,0,
GPU,3,0.000,0.000,0.000,10790966,6897318,0,0,
GPU,3,0.000,0.000,0.000,10790966,6897318,0,0,
GPU,3,0.000,0.000,0.000,6593358,4233630,0,0,
GPU,3,0.000,0.000,0.000,6593358,4233630,0,0,
GPU,3,0.000,0.000,0.000,6593358,4233630,0,0,
GPU,3,0.000,0.000,0.000,10320575,6658436,0,0,
GPU,3,0.000,0.000,0.000,10320575,6658436,0,0,
GPU,3,0.000,0.000,0.000,10320575,6658436,0,0,
GPU,3,0.000,0.000,0.000,10262218,6659524,0,0,
GPU,3,0.000,0.000,0.000,10262218,6659524,0,0,
GPU,3,0.000,0.000,0.000,10262218,6659524,0,0,
GPU,3,0.000,0.000,0.000,10988248,6881529,0,0,
GPU,3,0.000,0.000,0.000,10988248,6881529,0,0,
GPU,3,0.000,0.000,0.000,10988248,6881529,0,0,
GPU,3,0.000,0.000,0.000,10988248,6881529,0,0,
GPU,3,0.000,0.000,0.000,10433141,6770443,0,0,
GPU,3,0.000,0.000,0.000,10433141,6770443,0,0,
GPU,3,0.000,0.000,0.000,10594906,6762706,0,0,
GPU,3,0.000,0.000,0.000,10594906,6762706,0,0,
GPU,3,0.000,0.000,0.000,10594906,6762706,0,0,
GPU,3,0.000,0.000,0.000,10594906,6762706,0,0,
GPU,3,0.000,0.000,0.000,8755876,5743102,0,0,
GPU,3,0.000,0.000,0.000,8755876,5743102,0,0,
GPU,3,0.000,0.000,0.000,8755876,5743102,0,0,
GPU,3,0.000,0.000,0.000,10819240,6844825,0,0,
GPU,3,0.000,0.000,0.000,10819240,6844825,0,0,
GPU,3,0.000,0.000,0.000,10819240,6844825,0,0,
GPU,3,0.000,0.000,0.000,10398014,6747647,0,0,
GPU,3,0.000,0.000,0.000,10398014,6747647,0,0,
GPU,3,0.000,0.000,0.000,10398014,6747647,0,0,
GPU,3,0.000,0.000,0.000,10636793,6789442,0,0,
GPU,3,0.000,0.000,0.000,10636793,6789442,0,0,
GPU,3,0.000,0.000,0.000,10636793,6789442,0,0,
GPU,3,0.000,0.000,0.000,10636793,6789442,0,0,
GPU,3,0.000,0.000,0.000,8062331,5201504,0,0,
GPU,3,0.000,0.000,0.000,8062331,5201504,0,0,
GPU,3,0.000,0.000,0.000,8062331,5201504,0,0,
GPU,3,0.000,0.000,0.000,10771195,6884681,0,0,
