#Entity,SMACT,SMOCC,DRAMA,PCITX,PCIRX,NVLTX,NVLRX,
GPU,2,0.000,0.000,0.000,14294222,6497373,0,0,
GPU,2,0.000,0.000,0.000,14294222,6497373,0,0,
GPU,2,0.000,0.000,0.000,14294222,6497373,0,0,
GPU,2,0.000,0.000,0.000,14294222,6497373,0,0,
GPU,2,0.000,0.000,0.000,14294222,6497373,0,0,
GPU,2,0.000,0.000,0.000,14294222,6497373,0,0,
GPU,2,0.000,0.000,0.000,14294222,6497373,0,0,
GPU,2,0.000,0.000,0.000,14294222,6497373,0,0,
GPU,2,0.000,0.000,0.000,14294222,6497373,0,0,
GPU,2,0.000,0.000,0.000,14294222,6497373,0,0,
GPU,2,0.000,0.000,0.000,14294222,6497373,0,0,
GPU,2,0.000,0.000,0.000,14294222,6497373,0,0,
GPU,2,0.000,0.000,0.000,14294222,6497373,0,0,
GPU,2,0.000,0.000,0.000,14294222,6497373,0,0,
GPU,2,0.000,0.000,0.000,14294222,6497373,0,0,
GPU,2,0.000,0.000,0.000,14294222,6497373,0,0,
GPU,2,0.000,0.000,0.000,14294222,6497373,0,0,
GPU,2,0.000,0.000,0.000,14294222,6497373,0,0,
GPU,2,0.000,0.000,0.000,14294222,6497373,0,0,
GPU,2,0.000,0.000,0.000,14294222,6497373,0,0,
GPU,2,0.000,0.000,0.000,14294222,6497373,0,0,
GPU,2,0.000,0.000,0.000,14294222,6497373,0,0,
GPU,2,0.000,0.000,0.000,14294222,6497373,0,0,
GPU,2,0.000,0.000,0.000,14294222,6497373,0,0,
GPU,2,0.000,0.000,0.000,14294222,6497373,0,0,
GPU,2,0.000,0.000,0.000,14294222,6497373,0,0,
GPU,2,0.000,0.000,0.000,14294222,6497373,0,0,
GPU,2,0.000,0.000,0.000,14294222,6497373,0,0,
GPU,2,0.000,0.000,0.000,14294222,6497373,0,0,
GPU,2,0.000,0.000,0.000,14294222,6497373,0,0,
GPU,2,0.000,0.000,0.000,14294222,6497373,0,0,
GPU,2,0.000,0.000,0.000,14294222,6497373,0,0,
GPU,2,0.000,0.000,0.000,14294222,6497373,0,0,
GPU,2,0.000,0.000,0.000,14294222,6497373,0,0,
GPU,2,0.000,0.000,0.000,14294222,6497373,0,0,
GPU,2,0.000,0.000,0.000,14294222,6497373,0,0,
GPU,2,0.000,0.000,0.000,776574,621259,0,0,
GPU,2,0.000,0.000,0.000,776574,621259,0,0,
GPU,2,0.000,0.000,0.000,776574,621259,0,0,
GPU,2,0.000,0.000,0.000,13556834,8525432,0,0,
GPU,2,0.000,0.000,0.000,13556834,8525432,0,0,
GPU,2,0.000,0.000,0.000,13556834,8525432,0,0,
GPU,2,0.000,0.000,0.000,17512655,10215715,0,0,
GPU,2,0.000,0.000,0.000,17512655,10215715,0,0,
GPU,2,0.000,0.000,0.000,17512655,10215715,0,0,
GPU,2,0.000,0.000,0.000,10425413,6663666,0,0,
GPU,2,0.000,0.000,0.000,10425413,6663666,0,0,
GPU,2,0.000,0.000,0.000,10425413,6663666,0,0,
GPU,2,0.000,0.000,0.000,9819841,6239691,0,0,
GPU,2,0.000,0.000,0.000,9819841,6239691,0,0,
GPU,2,0.000,0.000,0.000,9819841,6239691,0,0,
GPU,2,0.000,0.000,0.000,10788032,6967270,0,0,
GPU,2,0.000,0.000,0.000,10788032,6967270,0,0,
GPU,2,0.000,0.000,0.000,10788032,6967270,0,0,
GPU,2,0.000,0.000,0.000,10788032,6967270,0,0,
GPU,2,0.000,0.000,0.000,12552327,7631815,0,0,
GPU,2,0.000,0.000,0.000,12552327,7631815,0,0,
GPU,2,0.000,0.000,0.000,12552327,7631815,0,0,
GPU,2,0.000,0.000,0.000,12552327,7631815,0,0,
GPU,2,0.000,0.000,0.000,10497125,6709502,0,0,
GPU,2,0.000,0.000,0.000,10497125,6709502,0,0,
GPU,2,0.000,0.000,0.000,10497125,6709502,0,0,
GPU,2,0.000,0.000,0.000,8735114,5550437,0,0,
GPU,2,0.000,0.000,0.000,8735114,5550437,0,0,
GPU,2,0.000,0.000,0.000,8735114,5550437,0,0,
GPU,2,0.000,0.000,0.000,10765424,6840530,0,0,
GPU,2,0.000,0.000,0.000,10765424,6840530,0,0,
GPU,2,0.000,0.000,0.000,10765424,6840530,0,0,
GPU,2,0.000,0.000,0.000,12051807,7455779,0,0,
GPU,2,0.000,0.000,0.000,12051807,7455779,0,0,
GPU,2,0.000,0.000,0.000,12051807,7455779,0,0,
GPU,2,0.000,0.000,0.000,12051807,7455779,0,0,
GPU,2,0.000,0.000,0.000,10294476,6501774,0,0,
GPU,2,0.000,0.000,0.000,10294476,6501774,0,0,
GPU,2,0.000,0.000,0.000,10294476,6501774,0,0,
GPU,2,0.000,0.000,0.000,10294476,6501774,0,0,
GPU,2,0.000,0.000,0.000,8096087,5283762,0,0,
GPU,2,0.000,0.000,0.000,8096087,5283762,0,0,
GPU,2,0.000,0.000,0.000,8096087,5283762,0,0,
GPU,2,0.000,0.000,0.000,10873449,6837942,0,0,
GPU,2,0.000,0.000,0.000,10873449,6837942,0,0,
GPU,2,0.000,0.000,0.000,10873449,6837942,0,0,
GPU,2,0.000,0.000,0.000,11939829,7436209,0,0,
GPU,2,0.000,0.000,0.000,11939829,7436209,0,0,
GPU,2,0.000,0.000,0.000,11939829,7436209,0,0,
GPU,2,0.000,0.000,0.000,11939829,7436209,0,0,
GPU,2,0.000,0.000,0.000,10478344,6697498,0,0,
GPU,2,0.000,0.000,0.000,10478344,6697498,0,0,
GPU,2,0.000,0.000,0.000,10478344,6697498,0,0,
GPU,2,0.000,0.000,0.000,9073616,5765527,0,0,
GPU,2,0.000,0.000,0.000,9073616,5765527,0,0,
GPU,2,0.000,0.000,0.000,9073616,5765527,0,0,
GPU,2,0.000,0.000,0.000,10314407,6614674,0,0,
GPU,2,0.000,0.000,0.000,10314407,6614674,0,0,
GPU,2,0.000,0.000,0.000,10314407,6614674,0,0,
GPU,2,0.000,0.000,0.000,13317046,7951905,0,0,
GPU,2,0.000,0.000,0.000,13317046,7951905,0,0,
GPU,2,0.000,0.000,0.000,13317046,7951905,0,0,
GPU,2,0.000,0.000,0.000,13317046,7951905,0,0,
GPU,2,0.000,0.000,0.000,8940504,5714549,0,0,
GPU,2,0.000,0.000,0.000,8940504,5714549,0,0,
GPU,2,0.000,0.000,0.000,8940504,5714549,0,0,
GPU,2,0.000,0.000,0.000,9997396,6456651,0,0,
GPU,2,0.000,0.000,0.000,9997396,6456651,0,0,
GPU,2,0.000,0.000,0.000,9997396,6456651,0,0,
GPU,2,0.000,0.000,0.000,9997396,6456651,0,0,
GPU,2,0.000,0.000,0.000,10785607,6853355,0,0,
GPU,2,0.000,0.000,0.000,10785607,6853355,0,0,
GPU,2,0.000,0.000,0.000,10785607,6853355,0,0,
GPU,2,0.000,0.000,0.000,10785607,6853355,0,0,
GPU,2,0.000,0.000,0.000,10785607,6853355,0,0,
GPU,2,0.000,0.000,0.000,10785607,6853355,0,0,
GPU,2,0.000,0.000,0.000,10785607,6853355,0,0,
GPU,2,0.000,0.000,0.000,5054454,3202822,0,0,
GPU,2,0.000,0.000,0.000,5054454,3202822,0,0,
GPU,2,0.000,0.000,0.000,5054454,3202822,0,0,
GPU,2,0.000,0.000,0.000,8986317,5743832,0,0,
GPU,2,0.000,0.000,0.000,8986317,5743832,0,0,
GPU,2,0.000,0.000,0.000,8986317,5743832,0,0,
GPU,2,0.000,0.000,0.000,10770482,6955936,0,0,
GPU,2,0.000,0.000,0.000,10770482,6955936,0,0,
GPU,2,0.000,0.000,0.000,10770482,6955936,0,0,
GPU,2,0.000,0.000,0.000,11197028,7095147,0,0,
GPU,2,0.000,0.000,0.000,11197028,7095147,0,0,
GPU,2,0.000,0.000,0.000,11197028,7095147,0,0,
GPU,2,0.000,0.000,0.000,11197028,7095147,0,0,
GPU,2,0.000,0.000,0.000,10412641,6724831,0,0,
GPU,2,0.000,0.000,0.000,10412641,6724831,0,0,
GPU,2,0.000,0.000,0.000,10412641,6724831,0,0,
GPU,2,0.000,0.000,0.000,8855061,5568646,0,0,
GPU,2,0.000,0.000,0.000,8855061,5568646,0,0,
GPU,2,0.000,0.000,0.000,8855061,5568646,0,0,
GPU,2,0.000,0.000,0.000,10786062,6965998,0,0,
GPU,2,0.000,0.000,0.000,10786062,6965998,0,0,
GPU,2,0.000,0.000,0.000,10786062,6965998,0,0,
GPU,2,0.000,0.000,0.000,10786062,6965998,0,0,
GPU,2,0.000,0.000,0.000,12005115,7411853,0,0,
GPU,2,0.000,0.000,0.000,12005115,7411853,0,0,
GPU,2,0.000,0.000,0.000,12005115,7411853,0,0,
GPU,2,0.000,0.000,0.000,12005115,7411853,0,0,
GPU,2,0.000,0.000,0.000,10486911,6702974,0,0,
GPU,2,0.000,0.000,0.000,10486911,6702974,0,0,
GPU,2,0.000,0.000,0.000,10486911,6702974,0,0,
GPU,2,0.000,0.000,0.000,8287499,5211726,0,0,
GPU,2,0.000,0.000,0.000,8287499,5211726,0,0,
GPU,2,0.000,0.000,0.000,8287499,5211726,0,0,
GPU,2,0.000,0.000,0.000,10626695,6935316,0,0,
GPU,2,0.000,0.000,0.000,10626695,6935316,0,0,
GPU,2,0.000,0.000,0.000,10626695,6935316,0,0,
GPU,2,0.000,0.000,0.000,12037709,7327301,0,0,
GPU,2,0.000,0.000,0.000,12037709,7327301,0,0,
GPU,2,0.000,0.000,0.000,12037709,7327301,0,0,
GPU,2,0.000,0.000,0.000,12037709,7327301,0,0,
GPU,2,0.000,0.000,0.000,10608069,6711227,0,0,
GPU,2,0.000,0.000,0.000,10608069,6711227,0,0,
GPU,2,0.000,0.000,0.000,10608069,6711227,0,0,
GPU,2,0.000,0.000,0.000,9092469,5872220,0,0,
GPU,2,0.000,0.000,0.000,9092469,5872220,0,0,
GPU,2,0.000,0.000,0.000,9092469,5872220,0,0,
GPU,2,0.000,0.000,0.000,10769575,6955351,0,0,
GPU,2,0.000,0.000,0.000,10769575,6955351,0,0,
GPU,2,0.000,0.000,0.000,10769575,6955351,0,0,
GPU,2,0.000,0.000,0.000,10769575,6955351,0,0,
GPU,2,0.000,0.000,0.000,13463623,7964397,0,0,
GPU,2,0.000,0.000,0.000,13463623,7964397,0,0,
GPU,2,0.000,0.000,0.000,13463623,7964397,0,0,
GPU,2,0.000,0.000,0.000,13463623,7964397,0,0,
GPU,2,0.000,0.000,0.000,7292993,4661500,0,0,
GPU,2,0.000,0.000,0.000,7292993,4661500,0,0,
GPU,2,0.000,0.000,0.000,7292993,4661500,0,0,
GPU,2,0.000,0.000,0.000,10610519,6742100,0,0,
GPU,2,0.000,0.000,0.000,10610519,6742100,0,0,
GPU,2,0.000,0.000,0.000,10610519,6742100,0,0,
GPU,2,0.000,0.000,0.000,10774335,6846192,0,0,
GPU,2,0.000,0.000,0.000,10774335,6846192,0,0,
GPU,2,0.000,0.000,0.000,10774335,6846192,0,0,
GPU,2,0.000,0.000,0.000,10774335,6846192,0,0,
GPU,2,0.000,0.000,0.000,9531898,6134390,0,0,
GPU,2,0.000,0.000,0.000,9531898,6134390,0,0,
GPU,2,0.000,0.000,0.000,9531898,6134390,0,0,
GPU,2,0.000,0.000,0.000,10639683,6690935,0,0,
GPU,2,0.000,0.000,0.000,10639683,6690935,0,0,
GPU,2,0.000,0.000,0.000,10639683,6690935,0,0,
GPU,2,0.000,0.000,0.000,10286288,6643227,0,0,
GPU,2,0.000,0.000,0.000,10286288,6643227,0,0,
GPU,2,0.000,0.000,0.000,10286288,6643227,0,0,
GPU,2,0.000,0.000,0.000,10798802,6861738,0,0,
GPU,2,0.000,0.000,0.000,10798802,6861738,0,0,
GPU,2,0.000,0.000,0.000,10798802,6861738,0,0,
GPU,2,0.000,0.000,0.000,10798802,6861738,0,0,
GPU,2,0.000,0.000,0.000,11066307,7082437,0,0,
GPU,2,0.000,0.000,0.000,11066307,7082437,0,0,
GPU,2,0.000,0.000,0.000,11066307,7082437,0,0,
GPU,2,0.000,0.000,0.000,10492370,6706463,0,0,
GPU,2,0.000,0.000,0.000,10492370,6706463,0,0,
GPU,2,0.000,0.000,0.000,10492370,6706463,0,0,
GPU,2,0.000,0.000,0.000,10492370,6706463,0,0,
GPU,2,0.000,0.000,0.000,8770427,5664234,0,0,
GPU,2,0.000,0.000,0.000,8770427,5664234,0,0,
GPU,2,0.000,0.000,0.000,8770427,5664234,0,0,
GPU,2,0.000,0.000,0.000,10774788,6846480,0,0,
GPU,2,0.000,0.000,0.000,10774788,6846480,0,0,
GPU,2,0.000,0.000,0.000,10774788,6846480,0,0,
GPU,2,0.000,0.000,0.000,11647476,7373173,0,0,
GPU,2,0.000,0.000,0.000,11647476,7373173,0,0,
GPU,2,0.000,0.000,0.000,11647476,7373173,0,0,
GPU,2,0.000,0.000,0.000,10531244,6622741,0,0,
GPU,2,0.000,0.000,0.000,10531244,6622741,0,0,
GPU,2,0.000,0.000,0.000,10531244,6622741,0,0,
GPU,2,0.000,0.000,0.000,10900101,6967074,0,0,
GPU,2,0.000,0.000,0.000,10900101,6967074,0,0,
GPU,2,0.000,0.000,0.000,10900101,6967074,0,0,
GPU,2,0.000,0.000,0.000,10613305,6854426,0,0,
GPU,2,0.000,0.000,0.000,10613305,6854426,0,0,
GPU,2,0.000,0.000,0.000,10613305,6854426,0,0,
GPU,2,0.000,0.000,0.000,10780990,6850420,0,0,
GPU,2,0.000,0.000,0.000,10780990,6850420,0,0,
GPU,2,0.000,0.000,0.000,10780990,6850420,0,0,
GPU,2,0.000,0.000,0.000,10780990,6850420,0,0,
GPU,2,0.000,0.000,0.000,9018403,5681594,0,0,
GPU,2,0.000,0.000,0.000,9018403,5681594,0,0,
GPU,2,0.000,0.000,0.000,9018403,5681594,0,0,
GPU,2,0.000,0.000,0.000,10840714,6929116,0,0,
GPU,2,0.000,0.000,0.000,10840714,6929116,0,0,
GPU,2,0.000,0.000,0.000,10840714,6929116,0,0,
GPU,2,0.000,0.000,0.000,10270426,6626081,0,0,
GPU,2,0.000,0.000,0.000,10270426,6626081,0,0,
GPU,2,0.000,0.000,0.000,10270426,6626081,0,0,
GPU,2,0.000,0.000,0.000,10793414,6858315,0,0,
GPU,2,0.000,0.000,0.000,10793414,6858315,0,0,
GPU,2,0.000,0.000,0.000,10793414,6858315,0,0,
GPU,2,0.000,0.000,0.000,10793414,6858315,0,0,
GPU,2,0.000,0.000,0.000,8357884,5349046,0,0,
GPU,2,0.000,0.000,0.000,8357884,5349046,0,0,
GPU,2,0.000,0.000,0.000,8357884,5349046,0,0,
GPU,2,0.000,0.000,0.000,8357884,5349046,0,0,
GPU,2,0.000,0.000,0.000,10706294,6802958,0,0,
GPU,2,0.000,0.000,0.000,10706294,6802958,0,0,
GPU,2,0.000,0.000,0.000,10706294,6802958,0,0,
GPU,2,0.000,0.000,0.000,10153544,6621877,0,0,
GPU,2,0.000,0.000,0.000,10153544,6621877,0,0,
GPU,2,0.000,0.000,0.000,10153544,6621877,0,0,
GPU,2,0.000,0.000,0.000,10764292,6839811,0,0,
GPU,2,0.000,0.000,0.000,10764292,6839811,0,0,
GPU,2,0.000,0.000,0.000,10764292,6839811,0,0,
GPU,2,0.000,0.000,0.000,11099926,7073482,0,0,
GPU,2,0.000,0.000,0.000,11099926,7073482,0,0,
GPU,2,0.000,0.000,0.000,11099926,7073482,0,0,
GPU,2,0.000,0.000,0.000,10651074,6807903,0,0,
GPU,2,0.000,0.000,0.000,10651074,6807903,0,0,
GPU,2,0.000,0.000,0.000,10651074,6807903,0,0,
GPU,2,0.000,0.000,0.000,10592592,6730709,0,0,
GPU,2,0.000,0.000,0.000,10592592,6730709,0,0,
GPU,2,0.000,0.000,0.000,10592592,6730709,0,0,
GPU,2,0.000,0.000,0.000,10784320,6852537,0,0,
GPU,2,0.000,0.000,0.000,10784320,6852537,0,0,
GPU,2,0.000,0.000,0.000,10784320,6852537,0,0,
GPU,2,0.000,0.000,0.000,10784320,6852537,0,0,
GPU,2,0.000,0.000,0.000,9091064,5818280,0,0,
GPU,2,0.000,0.000,0.000,9091064,5818280,0,0,
GPU,2,0.000,0.000,0.000,9091064,5818280,0,0,
GPU,2,0.000,0.000,0.000,9091064,5818280,0,0,
GPU,2,0.000,0.000,0.000,10758368,6916094,0,0,
GPU,2,0.000,0.000,0.000,10758368,6916094,0,0,
GPU,2,0.000,0.000,0.000,10758368,6916094,0,0,
GPU,2,0.000,0.000,0.000,9344543,5937678,0,0,
GPU,2,0.000,0.000,0.000,9344543,5937678,0,0,
GPU,2,0.000,0.000,0.000,9344543,5937678,0,0,
GPU,2,0.000,0.000,0.000,10781595,6850805,0,0,
GPU,2,0.000,0.000,0.000,10781595,6850805,0,0,
GPU,2,0.000,0.000,0.000,10781595,6850805,0,0,
GPU,2,0.000,0.000,0.000,10781595,6850805,0,0,
GPU,2,0.000,0.000,0.000,8993210,5755654,0,0,
GPU,2,0.000,0.000,0.000,8993210,5755654,0,0,
GPU,2,0.000,0.000,0.000,8993210,5755654,0,0,
GPU,2,0.000,0.000,0.000,10675911,6823778,0,0,
GPU,2,0.000,0.000,0.000,10675911,6823778,0,0,
GPU,2,0.000,0.000,0.000,10675911,6823778,0,0,
GPU,2,0.000,0.000,0.000,10675911,6823778,0,0,
GPU,2,0.000,0.000,0.000,8807036,5687877,0,0,
GPU,2,0.000,0.000,0.000,8807036,5687877,0,0,
GPU,2,0.000,0.000,0.000,8807036,5687877,0,0,
GPU,2,0.000,0.000,0.000,10799940,6862462,0,0,
GPU,2,0.000,0.000,0.000,10799940,6862462,0,0,
GPU,2,0.000,0.000,0.000,10799940,6862462,0,0,
GPU,2,0.000,0.000,0.000,10799940,6862462,0,0,
GPU,2,0.000,0.000,0.000,7478907,4786500,0,0,
GPU,2,0.000,0.000,0.000,7478907,4786500,0,0,
GPU,2,0.000,0.000,0.000,7478907,4786500,0,0,
GPU,2,0.000,0.000,0.000,10829669,6922057,0,0,
GPU,2,0.000,0.000,0.000,10829669,6922057,0,0,
GPU,2,0.000,0.000,0.000,10829669,6922057,0,0,
GPU,2,0.000,0.000,0.000,10584708,6725700,0,0,
GPU,2,0.000,0.000,0.000,10584708,6725700,0,0,
GPU,2,0.000,0.000,0.000,10584708,6725700,0,0,
GPU,2,0.000,0.000,0.000,10584708,6725700,0,0,
GPU,2,0.000,0.000,0.000,10337586,6629539,0,0,
GPU,2,0.000,0.000,0.000,10337586,6629539,0,0,
GPU,2,0.000,0.000,0.000,10337586,6629539,0,0,
GPU,2,0.000,0.000,0.000,10754513,6952412,0,0,
GPU,2,0.000,0.000,0.000,10754513,6952412,0,0,
GPU,2,0.000,0.000,0.000,10754513,6952412,0,0,
GPU,2,0.000,0.000,0.000,10666300,6817635,0,0,
GPU,2,0.000,0.000,0.000,10666300,6817635,0,0,
GPU,2,0.000,0.000,0.000,10666300,6817635,0,0,
GPU,2,0.000,0.000,0.000,10545322,6700673,0,0,
GPU,2,0.000,0.000,0.000,10545322,6700673,0,0,
GPU,2,0.000,0.000,0.000,10545322,6700673,0,0,
GPU,2,0.000,0.000,0.000,10545322,6700673,0,0,
GPU,2,0.000,0.000,0.000,10545322,6700673,0,0,
GPU,2,0.000,0.000,0.000,10545322,6700673,0,0,
GPU,2,0.000,0.000,0.000,10545322,6700673,0,0,
GPU,2,0.000,0.000,0.000,10798118,6973785,0,0,
GPU,2,0.000,0.000,0.000,10798118,6973785,0,0,
GPU,2,0.000,0.000,0.000,10798118,6973785,0,0,
GPU,2,0.000,0.000,0.000,20499921,10438900,0,0,
GPU,2,0.000,0.000,0.000,20499921,10438900,0,0,
GPU,2,0.000,0.000,0.000,20499921,10438900,0,0,
GPU,2,0.000,0.000,0.000,10610885,6852863,0,0,
GPU,2,0.000,0.000,0.000,10610885,6852863,0,0,
GPU,2,0.000,0.000,0.000,10610885,6852863,0,0,
GPU,2,0.000,0.000,0.000,10610885,6852863,0,0,
GPU,2,0.000,0.000,0.000,10802067,6863813,0,0,
GPU,2,0.000,0.000,0.000,10802067,6863813,0,0,
GPU,2,0.000,0.000,0.000,10802067,6863813,0,0,
GPU,2,0.000,0.000,0.000,10802067,6863813,0,0,
GPU,2,0.000,0.000,0.000,10320615,6344640,0,0,
GPU,2,0.000,0.000,0.000,10320615,6344640,0,0,
GPU,2,0.000,0.000,0.000,10320615,6344640,0,0,
GPU,2,0.000,0.000,0.000,10657144,6811783,0,0,
GPU,2,0.000,0.000,0.000,10657144,6811783,0,0,
GPU,2,0.000,0.000,0.000,10657144,6811783,0,0,
GPU,2,0.000,0.000,0.000,10211883,6488800,0,0,
GPU,2,0.000,0.000,0.000,10211883,6488800,0,0,
GPU,2,0.000,0.000,0.000,10211883,6488800,0,0,
GPU,2,0.000,0.000,0.000,10780687,6850228,0,0,
GPU,2,0.000,0.000,0.000,10780687,6850228,0,0,
GPU,2,0.000,0.000,0.000,10780687,6850228,0,0,
GPU,2,0.000,0.000,0.000,10780687,6850228,0,0,
GPU,2,0.000,0.000,0.000,9227116,5912521,0,0,
GPU,2,0.000,0.000,0.000,9227116,5912521,0,0,
GPU,2,0.000,0.000,0.000,9227116,5912521,0,0,
GPU,2,0.000,0.000,0.000,9227116,5912521,0,0,
GPU,2,0.000,0.000,0.000,9227116,5912521,0,0,
GPU,2,0.000,0.000,0.000,10626497,6792194,0,0,
GPU,2,0.000,0.000,0.000,10626497,6792194,0,0,
GPU,2,0.000,0.000,0.000,10626497,6792194,0,0,
GPU,2,0.000,0.000,0.000,7525213,4732350,0,0,
GPU,2,0.000,0.000,0.000,7525213,4732350,0,0,
GPU,2,0.000,0.000,0.000,7525213,4732350,0,0,
GPU,2,0.000,0.000,0.000,10778115,6848594,0,0,
GPU,2,0.000,0.000,0.000,10778115,6848594,0,0,
GPU,2,0.000,0.000,0.000,10778115,6848594,0,0,
GPU,2,0.000,0.000,0.000,10778115,6848594,0,0,
GPU,2,0.000,0.000,0.000,8295012,5308807,0,0,
GPU,2,0.000,0.000,0.000,8295012,5308807,0,0,
GPU,2,0.000,0.000,0.000,8295012,5308807,0,0,
GPU,2,0.000,0.000,0.000,10824911,6919015,0,0,
GPU,2,0.000,0.000,0.000,10824911,6919015,0,0,
GPU,2,0.000,0.000,0.000,10824911,6919015,0,0,
GPU,2,0.000,0.000,0.000,10574652,6719310,0,0,
GPU,2,0.000,0.000,0.000,10574652,6719310,0,0,
GPU,2,0.000,0.000,0.000,10574652,6719310,0,0,
GPU,2,0.000,0.000,0.000,10345433,6747021,0,0,
GPU,2,0.000,0.000,0.000,10345433,6747021,0,0,
GPU,2,0.000,0.000,0.000,10345433,6747021,0,0,
GPU,2,0.000,0.000,0.000,10345433,6747021,0,0,
GPU,2,0.000,0.000,0.000,10345433,6747021,0,0,
GPU,2,0.000,0.000,0.000,10345433,6747021,0,0,
GPU,2,0.000,0.000,0.000,10345433,6747021,0,0,
GPU,2,0.000,0.000,0.000,10907132,6980564,0,0,
GPU,2,0.000,0.000,0.000,10907132,6980564,0,0,
GPU,2,0.000,0.000,0.000,10907132,6980564,0,0,
GPU,2,0.000,0.000,0.000,4991894,3139232,0,0,
GPU,2,0.000,0.000,0.000,4991894,3139232,0,0,
GPU,2,0.000,0.000,0.000,4991894,3139232,0,0,
GPU,2,0.000,0.000,0.000,10784017,6964678,0,0,
GPU,2,0.000,0.000,0.000,10784017,6964678,0,0,
GPU,2,0.000,0.000,0.000,10784017,6964678,0,0,
GPU,2,0.000,0.000,0.000,10784017,6964678,0,0,
GPU,2,0.000,0.000,0.000,10927727,6683073,0,0,
GPU,2,0.000,0.000,0.000,10927727,6683073,0,0,
GPU,2,0.000,0.000,0.000,10927727,6683073,0,0,
GPU,2,0.000,0.000,0.000,10927727,6683073,0,0,
GPU,2,0.000,0.000,0.000,10656778,6811549,0,0,
GPU,2,0.000,0.000,0.000,10656778,6811549,0,0,
GPU,2,0.000,0.000,0.000,10656778,6811549,0,0,
GPU,2,0.000,0.000,0.000,9595262,6096989,0,0,
GPU,2,0.000,0.000,0.000,9595262,6096989,0,0,
GPU,2,0.000,0.000,0.000,9595262,6096989,0,0,
GPU,2,0.000,0.000,0.000,10799789,6974863,0,0,
GPU,2,0.000,0.000,0.000,10799789,6974863,0,0,
GPU,2,0.000,0.000,0.000,10799789,6974863,0,0,
GPU,2,0.000,0.000,0.000,10799789,6974863,0,0,
GPU,2,0.000,0.000,0.000,9171156,5777828,0,0,
GPU,2,0.000,0.000,0.000,9171156,5777828,0,0,
GPU,2,0.000,0.000,0.000,9171156,5777828,0,0,
GPU,2,0.000,0.000,0.000,10675030,6823215,0,0,
GPU,2,0.000,0.000,0.000,10675030,6823215,0,0,
GPU,2,0.000,0.000,0.000,10675030,6823215,0,0,
GPU,2,0.000,0.000,0.000,8903728,5750324,0,0,
GPU,2,0.000,0.000,0.000,8903728,5750324,0,0,
GPU,2,0.000,0.000,0.000,8903728,5750324,0,0,
GPU,2,0.000,0.000,0.000,8903728,5750324,0,0,
GPU,2,0.000,0.000,0.000,10781292,6850613,0,0,
GPU,2,0.000,0.000,0.000,10781292,6850613,0,0,
GPU,2,0.000,0.000,0.000,10781292,6850613,0,0,
GPU,2,0.000,0.000,0.000,9639192,6169083,0,0,
GPU,2,0.000,0.000,0.000,9639192,6169083,0,0,
GPU,2,0.000,0.000,0.000,9639192,6169083,0,0,
GPU,2,0.000,0.000,0.000,9639192,6169083,0,0,
GPU,2,0.000,0.000,0.000,9639192,6169083,0,0,
GPU,2,0.000,0.000,0.000,10669013,6819369,0,0,
GPU,2,0.000,0.000,0.000,10669013,6819369,0,0,
GPU,2,0.000,0.000,0.000,10669013,6819369,0,0,
GPU,2,0.000,0.000,0.000,6996542,4445719,0,0,
GPU,2,0.000,0.000,0.000,6996542,4445719,0,0,
GPU,2,0.000,0.000,0.000,6996542,4445719,0,0,
GPU,2,0.000,0.000,0.000,10778342,6961012,0,0,
GPU,2,0.000,0.000,0.000,10778342,6961012,0,0,
GPU,2,0.000,0.000,0.000,10778342,6961012,0,0,
GPU,2,0.000,0.000,0.000,10778342,6961012,0,0,
GPU,2,0.000,0.000,0.000,8970202,5684088,0,0,
GPU,2,0.000,0.000,0.000,8970202,5684088,0,0,
GPU,2,0.000,0.000,0.000,8970202,5684088,0,0,
GPU,2,0.000,0.000,0.000,10850263,6935220,0,0,
GPU,2,0.000,0.000,0.000,10850263,6935220,0,0,
GPU,2,0.000,0.000,0.000,10850263,6935220,0,0,
GPU,2,0.000,0.000,0.000,10604658,6738376,0,0,
GPU,2,0.000,0.000,0.000,10604658,6738376,0,0,
GPU,2,0.000,0.000,0.000,10604658,6738376,0,0,
GPU,2,0.000,0.000,0.000,10453475,6744177,0,0,
GPU,2,0.000,0.000,0.000,10453475,6744177,0,0,
GPU,2,0.000,0.000,0.000,10453475,6744177,0,0,
GPU,2,0.000,0.000,0.000,10453475,6744177,0,0,
GPU,2,0.000,0.000,0.000,10818785,6993962,0,0,
GPU,2,0.000,0.000,0.000,10818785,6993962,0,0,
GPU,2,0.000,0.000,0.000,10818785,6993962,0,0,
GPU,2,0.000,0.000,0.000,10656047,6701225,0,0,
GPU,2,0.000,0.000,0.000,10656047,6701225,0,0,
GPU,2,0.000,0.000,0.000,10656047,6701225,0,0,
GPU,2,0.000,0.000,0.000,10725194,6855278,0,0,
GPU,2,0.000,0.000,0.000,10725194,6855278,0,0,
GPU,2,0.000,0.000,0.000,10725194,6855278,0,0,
GPU,2,0.000,0.000,0.000,10798118,6861304,0,0,
GPU,2,0.000,0.000,0.000,10798118,6861304,0,0,
GPU,2,0.000,0.000,0.000,10798118,6861304,0,0,
GPU,2,0.000,0.000,0.000,10798118,6861304,0,0,
GPU,2,0.000,0.000,0.000,10493902,6491990,0,0,
GPU,2,0.000,0.000,0.000,10493902,6491990,0,0,
GPU,2,0.000,0.000,0.000,10493902,6491990,0,0,
GPU,2,0.000,0.000,0.000,10636839,6798804,0,0,
GPU,2,0.000,0.000,0.000,10636839,6798804,0,0,
GPU,2,0.000,0.000,0.000,10636839,6798804,0,0,
GPU,2,0.000,0.000,0.000,9818711,6238973,0,0,
GPU,2,0.000,0.000,0.000,9818711,6238973,0,0,
GPU,2,0.000,0.000,0.000,9818711,6238973,0,0,
GPU,2,0.000,0.000,0.000,10676856,6855665,0,0,
GPU,2,0.000,0.000,0.000,10676856,6855665,0,0,
GPU,2,0.000,0.000,0.000,10676856,6855665,0,0,
GPU,2,0.000,0.000,0.000,10676856,6855665,0,0,
GPU,2,0.000,0.000,0.000,9218903,5841681,0,0,
GPU,2,0.000,0.000,0.000,9218903,5841681,0,0,
GPU,2,0.000,0.000,0.000,9218903,5841681,0,0,
GPU,2,0.000,0.000,0.000,9218903,5841681,0,0,
GPU,2,0.000,0.000,0.000,10643915,6803327,0,0,
GPU,2,0.000,0.000,0.000,10643915,6803327,0,0,
GPU,2,0.000,0.000,0.000,10643915,6803327,0,0,
GPU,2,0.000,0.000,0.000,9145387,5872301,0,0,
GPU,2,0.000,0.000,0.000,9145387,5872301,0,0,
GPU,2,0.000,0.000,0.000,9145387,5872301,0,0,
GPU,2,0.000,0.000,0.000,10680832,6858218,0,0,
GPU,2,0.000,0.000,0.000,10680832,6858218,0,0,
GPU,2,0.000,0.000,0.000,10680832,6858218,0,0,
GPU,2,0.000,0.000,0.000,10680832,6858218,0,0,
GPU,2,0.000,0.000,0.000,9010013,5709315,0,0,
GPU,2,0.000,0.000,0.000,9010013,5709315,0,0,
GPU,2,0.000,0.000,0.000,9010013,5709315,0,0,
GPU,2,0.000,0.000,0.000,10671654,6821057,0,0,
GPU,2,0.000,0.000,0.000,10671654,6821057,0,0,
GPU,2,0.000,0.000,0.000,10671654,6821057,0,0,
GPU,2,0.000,0.000,0.000,9138349,5867782,0,0,
GPU,2,0.000,0.000,0.000,9138349,5867782,0,0,
GPU,2,0.000,0.000,0.000,9138349,5867782,0,0,
GPU,2,0.000,0.000,0.000,10903853,6969473,0,0,
GPU,2,0.000,0.000,0.000,10903853,6969473,0,0,
GPU,2,0.000,0.000,0.000,10903853,6969473,0,0,
GPU,2,0.000,0.000,0.000,10903853,6969473,0,0,
GPU,2,0.000,0.000,0.000,10903853,6969473,0,0,
GPU,2,0.000,0.000,0.000,7213706,4616771,0,0,
GPU,2,0.000,0.000,0.000,7213706,4616771,0,0,
GPU,2,0.000,0.000,0.000,7213706,4616771,0,0,
GPU,2,0.000,0.000,0.000,10825439,6919353,0,0,
GPU,2,0.000,0.000,0.000,10825439,6919353,0,0,
GPU,2,0.000,0.000,0.000,10825439,6919353,0,0,
GPU,2,0.000,0.000,0.000,10608760,6740983,0,0,
GPU,2,0.000,0.000,0.000,10608760,6740983,0,0,
GPU,2,0.000,0.000,0.000,10608760,6740983,0,0,
GPU,2,0.000,0.000,0.000,10608760,6740983,0,0,
GPU,2,0.000,0.000,0.000,10792428,6857688,0,0,
GPU,2,0.000,0.000,0.000,10792428,6857688,0,0,
GPU,2,0.000,0.000,0.000,10792428,6857688,0,0,
GPU,2,0.000,0.000,0.000,10403599,6725559,0,0,
GPU,2,0.000,0.000,0.000,10403599,6725559,0,0,
GPU,2,0.000,0.000,0.000,10403599,6725559,0,0,
GPU,2,0.000,0.000,0.000,10666226,6817588,0,0,
GPU,2,0.000,0.000,0.000,10666226,6817588,0,0,
GPU,2,0.000,0.000,0.000,10666226,6817588,0,0,
GPU,2,0.000,0.000,0.000,10462555,6718061,0,0,
GPU,2,0.000,0.000,0.000,10462555,6718061,0,0,
GPU,2,0.000,0.000,0.000,10462555,6718061,0,0,
GPU,2,0.000,0.000,0.000,10453696,6631914,0,0,
GPU,2,0.000,0.000,0.000,10453696,6631914,0,0,
GPU,2,0.000,0.000,0.000,10453696,6631914,0,0,
GPU,2,0.000,0.000,0.000,10453696,6631914,0,0,
GPU,2,0.000,0.000,0.000,10631464,6556069,0,0,
GPU,2,0.000,0.000,0.000,10631464,6556069,0,0,
GPU,2,0.000,0.000,0.000,10631464,6556069,0,0,
GPU,2,0.000,0.000,0.000,10631464,6556069,0,0,
GPU,2,0.000,0.000,0.000,10626861,6792426,0,0,
GPU,2,0.000,0.000,0.000,10626861,6792426,0,0,
GPU,2,0.000,0.000,0.000,10626861,6792426,0,0,
GPU,2,0.000,0.000,0.000,9738845,6253363,0,0,
GPU,2,0.000,0.000,0.000,9738845,6253363,0,0,
GPU,2,0.000,0.000,0.000,9738845,6253363,0,0,
GPU,2,0.000,0.000,0.000,10428858,6728295,0,0,
GPU,2,0.000,0.000,0.000,10428858,6728295,0,0,
GPU,2,0.000,0.000,0.000,10428858,6728295,0,0,
GPU,2,0.000,0.000,0.000,10428858,6728295,0,0,
GPU,2,0.000,0.000,0.000,9125024,5840015,0,0,
GPU,2,0.000,0.000,0.000,9125024,5840015,0,0,
GPU,2,0.000,0.000,0.000,9125024,5840015,0,0,
GPU,2,0.000,0.000,0.000,10669306,6709563,0,0,
GPU,2,0.000,0.000,0.000,10669306,6709563,0,0,
GPU,2,0.000,0.000,0.000,10669306,6709563,0,0,
GPU,2,0.000,0.000,0.000,9410034,6077314,0,0,
GPU,2,0.000,0.000,0.000,9410034,6077314,0,0,
GPU,2,0.000,0.000,0.000,9410034,6077314,0,0,
GPU,2,0.000,0.000,0.000,10453769,6744367,0,0,
GPU,2,0.000,0.000,0.000,10453769,6744367,0,0,
GPU,2,0.000,0.000,0.000,10453769,6744367,0,0,
GPU,2,0.000,0.000,0.000,10453769,6744367,0,0,
GPU,2,0.000,0.000,0.000,9006422,5764110,0,0,
GPU,2,0.000,0.000,0.000,9006422,5764110,0,0,
GPU,2,0.000,0.000,0.000,9006422,5764110,0,0,
GPU,2,0.000,0.000,0.000,9006422,5764110,0,0,
GPU,2,0.000,0.000,0.000,10583760,6725097,0,0,
GPU,2,0.000,0.000,0.000,10583760,6725097,0,0,
GPU,2,0.000,0.000,0.000,10583760,6725097,0,0,
GPU,2,0.000,0.000,0.000,8938079,5772509,0,0,
GPU,2,0.000,0.000,0.000,8938079,5772509,0,0,
GPU,2,0.000,0.000,0.000,8938079,5772509,0,0,
GPU,2,0.000,0.000,0.000,10341653,6632147,0,0,
GPU,2,0.000,0.000,0.000,10341653,6632147,0,0,
GPU,2,0.000,0.000,0.000,10341653,6632147,0,0,
GPU,2,0.000,0.000,0.000,10341653,6632147,0,0,
GPU,2,0.000,0.000,0.000,8514986,5449591,0,0,
GPU,2,0.000,0.000,0.000,8514986,5449591,0,0,
GPU,2,0.000,0.000,0.000,8514986,5449591,0,0,
GPU,2,0.000,0.000,0.000,10665713,6817260,0,0,
GPU,2,0.000,0.000,0.000,10665713,6817260,0,0,
GPU,2,0.000,0.000,0.000,10665713,6817260,0,0,
GPU,2,0.000,0.000,0.000,10573487,6718570,0,0,
GPU,2,0.000,0.000,0.000,10573487,6718570,0,0,
GPU,2,0.000,0.000,0.000,10573487,6718570,0,0,
GPU,2,0.000,0.000,0.000,10901709,6855713,0,0,
GPU,2,0.000,0.000,0.000,10901709,6855713,0,0,
GPU,2,0.000,0.000,0.000,10901709,6855713,0,0,
GPU,2,0.000,0.000,0.000,10901709,6855713,0,0,
GPU,2,0.000,0.000,0.000,9252606,5981483,0,0,
GPU,2,0.000,0.000,0.000,9252606,5981483,0,0,
GPU,2,0.000,0.000,0.000,9252606,5981483,0,0,
GPU,2,0.000,0.000,0.000,10617846,6786664,0,0,
GPU,2,0.000,0.000,0.000,10617846,6786664,0,0,
GPU,2,0.000,0.000,0.000,10617846,6786664,0,0,
GPU,2,0.000,0.000,0.000,10298564,6543879,0,0,
GPU,2,0.000,0.000,0.000,10298564,6543879,0,0,
GPU,2,0.000,0.000,0.000,10298564,6543879,0,0,
GPU,2,0.000,0.000,0.000,10298564,6543879,0,0,
GPU,2,0.000,0.000,0.000,10788789,6967760,0,0,
GPU,2,0.000,0.000,0.000,10788789,6967760,0,0,
GPU,2,0.000,0.000,0.000,10788789,6967760,0,0,
GPU,2,0.000,0.000,0.000,10788789,6967760,0,0,
GPU,2,0.000,0.000,0.000,10862794,6943229,0,0,
GPU,2,0.000,0.000,0.000,10862794,6943229,0,0,
GPU,2,0.000,0.000,0.000,10862794,6943229,0,0,
GPU,2,0.000,0.000,0.000,14351486,8212700,0,0,
GPU,2,0.000,0.000,0.000,14351486,8212700,0,0,
GPU,2,0.000,0.000,0.000,14351486,8212700,0,0,
GPU,2,0.000,0.000,0.000,10011536,6465784,0,0,
GPU,2,0.000,0.000,0.000,10011536,6465784,0,0,
GPU,2,0.000,0.000,0.000,10011536,6465784,0,0,
GPU,2,0.000,0.000,0.000,10903240,6856677,0,0,
GPU,2,0.000,0.000,0.000,10903240,6856677,0,0,
GPU,2,0.000,0.000,0.000,10903240,6856677,0,0,
GPU,2,0.000,0.000,0.000,10903240,6856677,0,0,
GPU,2,0.000,0.000,0.000,13143962,7886377,0,0,
GPU,2,0.000,0.000,0.000,13143962,7886377,0,0,
GPU,2,0.000,0.000,0.000,13143962,7886377,0,0,
GPU,2,0.000,0.000,0.000,13143962,7886377,0,0,
GPU,2,0.000,0.000,0.000,10524673,6727111,0,0,
GPU,2,0.000,0.000,0.000,10524673,6727111,0,0,
GPU,2,0.000,0.000,0.000,10524673,6727111,0,0,
GPU,2,0.000,0.000,0.000,8880255,5642662,0,0,
GPU,2,0.000,0.000,0.000,8880255,5642662,0,0,
GPU,2,0.000,0.000,0.000,8880255,5642662,0,0,
GPU,2,0.000,0.000,0.000,10790760,6969032,0,0,
GPU,2,0.000,0.000,0.000,10790760,6969032,0,0,
GPU,2,0.000,0.000,0.000,10790760,6969032,0,0,
GPU,2,0.000,0.000,0.000,12343897,7526767,0,0,
GPU,2,0.000,0.000,0.000,12343897,7526767,0,0,
GPU,2,0.000,0.000,0.000,12343897,7526767,0,0,
GPU,2,0.000,0.000,0.000,12343897,7526767,0,0,
GPU,2,0.000,0.000,0.000,10396150,6605887,0,0,
GPU,2,0.000,0.000,0.000,10396150,6605887,0,0,
GPU,2,0.000,0.000,0.000,10396150,6605887,0,0,
GPU,2,0.000,0.000,0.000,8248430,5272192,0,0,
GPU,2,0.000,0.000,0.000,8248430,5272192,0,0,
GPU,2,0.000,0.000,0.000,8248430,5272192,0,0,
GPU,2,0.000,0.000,0.000,8248430,5272192,0,0,
GPU,2,0.000,0.000,0.000,10780082,6849843,0,0,
GPU,2,0.000,0.000,0.000,10780082,6849843,0,0,
GPU,2,0.000,0.000,0.000,10780082,6849843,0,0,
GPU,2,0.000,0.000,0.000,10780082,6849843,0,0,
GPU,2,0.000,0.000,0.000,10780082,6849843,0,0,
GPU,2,0.000,0.000,0.000,6450858,4128549,0,0,
GPU,2,0.000,0.000,0.000,6450858,4128549,0,0,
GPU,2,0.000,0.000,0.000,6450858,4128549,0,0,
GPU,2,0.000,0.000,0.000,10844501,6931537,0,0,
GPU,2,0.000,0.000,0.000,10844501,6931537,0,0,
GPU,2,0.000,0.000,0.000,10844501,6931537,0,0,
GPU,2,0.000,0.000,0.000,10561201,6710763,0,0,
GPU,2,0.000,0.000,0.000,10561201,6710763,0,0,
GPU,2,0.000,0.000,0.000,10561201,6710763,0,0,
GPU,2,0.000,0.000,0.000,10469804,6867291,0,0,
GPU,2,0.000,0.000,0.000,10469804,6867291,0,0,
GPU,2,0.000,0.000,0.000,10469804,6867291,0,0,
GPU,2,0.000,0.000,0.000,10469804,6867291,0,0,
GPU,2,0.000,0.000,0.000,10469804,6867291,0,0,
GPU,2,0.000,0.000,0.000,7927817,4994524,0,0,
GPU,2,0.000,0.000,0.000,7927817,4994524,0,0,
GPU,2,0.000,0.000,0.000,7927817,4994524,0,0,
GPU,2,0.000,0.000,0.000,10743738,6938664,0,0,
GPU,2,0.000,0.000,0.000,10743738,6938664,0,0,
GPU,2,0.000,0.000,0.000,10743738,6938664,0,0,
GPU,2,0.000,0.000,0.000,10611398,6742659,0,0,
GPU,2,0.000,0.000,0.000,10611398,6742659,0,0,
GPU,2,0.000,0.000,0.000,10611398,6742659,0,0,
GPU,2,0.000,0.000,0.000,10520498,6827132,0,0,
GPU,2,0.000,0.000,0.000,10520498,6827132,0,0,
GPU,2,0.000,0.000,0.000,10520498,6827132,0,0,
GPU,2,0.000,0.000,0.000,10520498,6827132,0,0,
GPU,2,0.000,0.000,0.000,9348713,5923937,0,0,
GPU,2,0.000,0.000,0.000,9348713,5923937,0,0,
GPU,2,0.000,0.000,0.000,9348713,5923937,0,0,
GPU,2,0.000,0.000,0.000,10834735,6925294,0,0,
GPU,2,0.000,0.000,0.000,10834735,6925294,0,0,
GPU,2,0.000,0.000,0.000,10834735,6925294,0,0,
GPU,2,0.000,0.000,0.000,10734541,6750587,0,0,
GPU,2,0.000,0.000,0.000,10734541,6750587,0,0,
GPU,2,0.000,0.000,0.000,10734541,6750587,0,0,
GPU,2,0.000,0.000,0.000,10341726,6744604,0,0,
GPU,2,0.000,0.000,0.000,10341726,6744604,0,0,
GPU,2,0.000,0.000,0.000,10341726,6744604,0,0,
GPU,2,0.000,0.000,0.000,10341726,6744604,0,0,
GPU,2,0.000,0.000,0.000,8576559,5488997,0,0,
GPU,2,0.000,0.000,0.000,8576559,5488997,0,0,
GPU,2,0.000,0.000,0.000,8576559,5488997,0,0,
GPU,2,0.000,0.000,0.000,10834508,6925149,0,0,
GPU,2,0.000,0.000,0.000,10834508,6925149,0,0,
GPU,2,0.000,0.000,0.000,10834508,6925149,0,0,
GPU,2,0.000,0.000,0.000,10624831,6751194,0,0,
GPU,2,0.000,0.000,0.000,10624831,6751194,0,0,
GPU,2,0.000,0.000,0.000,10624831,6751194,0,0,
GPU,2,0.000,0.000,0.000,10776829,6847777,0,0,
GPU,2,0.000,0.000,0.000,10776829,6847777,0,0,
GPU,2,0.000,0.000,0.000,10776829,6847777,0,0,
GPU,2,0.000,0.000,0.000,10776829,6847777,0,0,
GPU,2,0.000,0.000,0.000,10776829,6847777,0,0,
GPU,2,0.000,0.000,0.000,7945572,5085166,0,0,
GPU,2,0.000,0.000,0.000,7945572,5085166,0,0,
GPU,2,0.000,0.000,0.000,7945572,5085166,0,0,
GPU,2,0.000,0.000,0.000,10834962,6925439,0,0,
GPU,2,0.000,0.000,0.000,10834962,6925439,0,0,
GPU,2,0.000,0.000,0.000,10834962,6925439,0,0,
GPU,2,0.000,0.000,0.000,10574725,6829510,0,0,
GPU,2,0.000,0.000,0.000,10574725,6829510,0,0,
GPU,2,0.000,0.000,0.000,10574725,6829510,0,0,
GPU,2,0.000,0.000,0.000,10666442,6736700,0,0,
GPU,2,0.000,0.000,0.000,10666442,6736700,0,0,
GPU,2,0.000,0.000,0.000,10666442,6736700,0,0,
GPU,2,0.000,0.000,0.000,10666442,6736700,0,0,
GPU,2,0.000,0.000,0.000,7697118,4926155,0,0,
GPU,2,0.000,0.000,0.000,7697118,4926155,0,0,
GPU,2,0.000,0.000,0.000,7697118,4926155,0,0,
GPU,2,0.000,0.000,0.000,7697118,4926155,0,0,
GPU,2,0.000,0.000,0.000,10859829,6941334,0,0,
GPU,2,0.000,0.000,0.000,10859829,6941334,0,0,
GPU,2,0.000,0.000,0.000,10859829,6941334,0,0,
GPU,2,0.000,0.000,0.000,10597415,6733774,0,0,
GPU,2,0.000,0.000,0.000,10597415,6733774,0,0,
GPU,2,0.000,0.000,0.000,10597415,6733774,0,0,
GPU,2,0.000,0.000,0.000,10557942,6739112,0,0,
GPU,2,0.000,0.000,0.000,10557942,6739112,0,0,
GPU,2,0.000,0.000,0.000,10557942,6739112,0,0,
GPU,2,0.000,0.000,0.000,10934563,6998120,0,0,
GPU,2,0.000,0.000,0.000,10934563,6998120,0,0,
GPU,2,0.000,0.000,0.000,10934563,6998120,0,0,
GPU,2,0.000,0.000,0.000,10664321,6816370,0,0,
GPU,2,0.000,0.000,0.000,10664321,6816370,0,0,
GPU,2,0.000,0.000,0.000,10664321,6816370,0,0,
GPU,2,0.000,0.000,0.000,10611325,6742613,0,0,
GPU,2,0.000,0.000,0.000,10611325,6742613,0,0,
GPU,2,0.000,0.000,0.000,10611325,6742613,0,0,
GPU,2,0.000,0.000,0.000,10780687,6962527,0,0,
GPU,2,0.000,0.000,0.000,10780687,6962527,0,0,
GPU,2,0.000,0.000,0.000,10780687,6962527,0,0,
GPU,2,0.000,0.000,0.000,10780687,6962527,0,0,
GPU,2,0.000,0.000,0.000,9712088,6093859,0,0,
GPU,2,0.000,0.000,0.000,9712088,6093859,0,0,
GPU,2,0.000,0.000,0.000,9712088,6093859,0,0,
GPU,2,0.000,0.000,0.000,10524079,6796801,0,0,
GPU,2,0.000,0.000,0.000,10524079,6796801,0,0,
GPU,2,0.000,0.000,0.000,10524079,6796801,0,0,
GPU,2,0.000,0.000,0.000,10273791,6460837,0,0,
GPU,2,0.000,0.000,0.000,10273791,6460837,0,0,
GPU,2,0.000,0.000,0.000,10273791,6460837,0,0,
GPU,2,0.000,0.000,0.000,10789850,6968445,0,0,
GPU,2,0.000,0.000,0.000,10789850,6968445,0,0,
GPU,2,0.000,0.000,0.000,10789850,6968445,0,0,
GPU,2,0.000,0.000,0.000,10789850,6968445,0,0,
GPU,2,0.000,0.000,0.000,12883556,7769472,0,0,
GPU,2,0.000,0.000,0.000,12883556,7769472,0,0,
GPU,2,0.000,0.000,0.000,12883556,7769472,0,0,
GPU,2,0.000,0.000,0.000,12883556,7769472,0,0,
GPU,2,0.000,0.000,0.000,10498048,6710092,0,0,
GPU,2,0.000,0.000,0.000,10498048,6710092,0,0,
GPU,2,0.000,0.000,0.000,10498048,6710092,0,0,
GPU,2,0.000,0.000,0.000,8804714,5686377,0,0,
GPU,2,0.000,0.000,0.000,8804714,5686377,0,0,
GPU,2,0.000,0.000,0.000,8804714,5686377,0,0,
GPU,2,0.000,0.000,0.000,10779476,6849459,0,0,
GPU,2,0.000,0.000,0.000,10779476,6849459,0,0,
GPU,2,0.000,0.000,0.000,10779476,6849459,0,0,
GPU,2,0.000,0.000,0.000,11849485,7315769,0,0,
GPU,2,0.000,0.000,0.000,11849485,7315769,0,0,
GPU,2,0.000,0.000,0.000,11849485,7315769,0,0,
GPU,2,0.000,0.000,0.000,11849485,7315769,0,0,
GPU,2,0.000,0.000,0.000,11849485,7315769,0,0,
GPU,2,0.000,0.000,0.000,10424796,6732681,0,0,
GPU,2,0.000,0.000,0.000,10424796,6732681,0,0,
GPU,2,0.000,0.000,0.000,10424796,6732681,0,0,
GPU,2,0.000,0.000,0.000,8245188,5185118,0,0,
GPU,2,0.000,0.000,0.000,8245188,5185118,0,0,
GPU,2,0.000,0.000,0.000,8245188,5185118,0,0,
GPU,2,0.000,0.000,0.000,10759316,6836648,0,0,
GPU,2,0.000,0.000,0.000,10759316,6836648,0,0,
GPU,2,0.000,0.000,0.000,10759316,6836648,0,0,
GPU,2,0.000,0.000,0.000,12212792,7555371,0,0,
GPU,2,0.000,0.000,0.000,12212792,7555371,0,0,
GPU,2,0.000,0.000,0.000,12212792,7555371,0,0,
GPU,2,0.000,0.000,0.000,12212792,7555371,0,0,
GPU,2,0.000,0.000,0.000,10621507,6719729,0,0,
GPU,2,0.000,0.000,0.000,10621507,6719729,0,0,
GPU,2,0.000,0.000,0.000,10621507,6719729,0,0,
GPU,2,0.000,0.000,0.000,8997715,5717298,0,0,
GPU,2,0.000,0.000,0.000,8997715,5717298,0,0,
GPU,2,0.000,0.000,0.000,8997715,5717298,0,0,
GPU,2,0.000,0.000,0.000,10785986,6965949,0,0,
GPU,2,0.000,0.000,0.000,10785986,6965949,0,0,
GPU,2,0.000,0.000,0.000,10785986,6965949,0,0,
GPU,2,0.000,0.000,0.000,10785986,6965949,0,0,
GPU,2,0.000,0.000,0.000,13167537,7881299,0,0,
GPU,2,0.000,0.000,0.000,13167537,7881299,0,0,
GPU,2,0.000,0.000,0.000,13167537,7881299,0,0,
GPU,2,0.000,0.000,0.000,10486769,6702883,0,0,
GPU,2,0.000,0.000,0.000,10486769,6702883,0,0,
GPU,2,0.000,0.000,0.000,10486769,6702883,0,0,
GPU,2,0.000,0.000,0.000,9412906,5919456,0,0,
GPU,2,0.000,0.000,0.000,9412906,5919456,0,0,
GPU,2,0.000,0.000,0.000,9412906,5919456,0,0,
GPU,2,0.000,0.000,0.000,9412906,5919456,0,0,
GPU,2,0.000,0.000,0.000,10765198,6952523,0,0,
GPU,2,0.000,0.000,0.000,10765198,6952523,0,0,
GPU,2,0.000,0.000,0.000,10765198,6952523,0,0,
GPU,2,0.000,0.000,0.000,14318813,8345320,0,0,
GPU,2,0.000,0.000,0.000,14318813,8345320,0,0,
GPU,2,0.000,0.000,0.000,14318813,8345320,0,0,
GPU,2,0.000,0.000,0.000,14318813,8345320,0,0,
GPU,2,0.000,0.000,0.000,9923337,6342751,0,0,
GPU,2,0.000,0.000,0.000,9923337,6342751,0,0,
GPU,2,0.000,0.000,0.000,9923337,6342751,0,0,
GPU,2,0.000,0.000,0.000,10210932,6488196,0,0,
GPU,2,0.000,0.000,0.000,10210932,6488196,0,0,
GPU,2,0.000,0.000,0.000,10210932,6488196,0,0,
GPU,2,0.000,0.000,0.000,10210932,6488196,0,0,
GPU,2,0.143,0.134,0.140,10178984,10360751,13106626564,13310836755,
GPU,2,0.143,0.134,0.140,10178984,10360751,13106626564,13310836755,
GPU,2,0.143,0.134,0.140,10178984,10360751,13106626564,13310836755,
GPU,2,0.143,0.134,0.140,10178984,10360751,13106626564,13310836755,
GPU,2,0.143,0.134,0.140,10178984,10360751,13106626564,13310836755,
GPU,2,0.000,0.000,0.114,9327217,7033639,100232172209,76944497801,
GPU,2,0.000,0.000,0.114,9327217,7033639,100232172209,76944497801,
GPU,2,0.000,0.000,0.114,9327217,7033639,100232172209,76944497801,
GPU,2,0.000,0.000,0.114,9327217,7033639,100232172209,76944497801,
GPU,2,0.000,0.000,0.081,10002577,6405159,95537175149,30275978459,
GPU,2,0.000,0.000,0.081,10002577,6405159,95537175149,30275978459,
GPU,2,0.000,0.000,0.081,10002577,6405159,95537175149,30275978459,
GPU,2,0.000,0.000,0.081,10002577,6405159,95537175149,30275978459,
GPU,2,0.000,0.000,0.039,9906623,6158171,30274395617,30274521124,
GPU,2,0.000,0.000,0.039,9906623,6158171,30274395617,30274521124,
GPU,2,0.000,0.000,0.039,9906623,6158171,30274395617,30274521124,
GPU,2,0.000,0.000,0.039,9906623,6158171,30274395617,30274521124,
GPU,2,0.000,0.000,0.044,10000328,6228275,23020208998,45455428906,
GPU,2,0.000,0.000,0.044,10000328,6228275,23020208998,45455428906,
GPU,2,0.000,0.000,0.044,10000328,6228275,23020208998,45455428906,
GPU,2,0.000,0.000,0.045,10114453,6210629,0,70125745830,
GPU,2,0.000,0.000,0.045,10114453,6210629,0,70125745830,
GPU,2,0.000,0.000,0.045,10114453,6210629,0,70125745830,
GPU,2,0.000,0.000,0.045,10114453,6210629,0,70125745830,
GPU,2,0.000,0.000,0.000,9561908,6146941,0,0,
GPU,2,0.000,0.000,0.000,9561908,6146941,0,0,
GPU,2,0.000,0.000,0.000,10735752,6893482,0,0,
GPU,2,0.000,0.000,0.000,10735752,6893482,0,0,
GPU,2,0.000,0.000,0.000,10735752,6893482,0,0,
GPU,2,0.000,0.000,0.000,10735752,6893482,0,0,
GPU,2,0.000,0.000,0.000,10735752,6893482,0,0,
GPU,2,0.000,0.000,0.000,8360355,5245713,0,0,
GPU,2,0.000,0.000,0.000,8360355,5245713,0,0,
GPU,2,0.000,0.000,0.000,8360355,5245713,0,0,
GPU,2,0.000,0.000,0.000,10734318,6861110,0,0,
GPU,2,0.000,0.000,0.000,10734318,6861110,0,0,
GPU,2,0.000,0.000,0.000,10734318,6861110,0,0,
GPU,2,0.000,0.000,0.000,10734318,6861110,0,0,
GPU,2,0.152,0.143,0.167,11028811,10641835,38553735223,18733567131,
GPU,2,0.152,0.143,0.167,11028811,10641835,38553735223,18733567131,
GPU,2,0.152,0.143,0.167,11028811,10641835,38553735223,18733567131,
GPU,2,0.152,0.143,0.167,11028811,10641835,38553735223,18733567131,
GPU,2,0.000,0.000,0.164,10374438,7235953,166979474521,88722369338,
GPU,2,0.000,0.000,0.164,10374438,7235953,166979474521,88722369338,
GPU,2,0.000,0.000,0.164,10374438,7235953,166979474521,88722369338,
GPU,2,0.000,0.000,0.164,10374438,7235953,166979474521,88722369338,
GPU,2,0.000,0.000,0.164,10374438,7235953,166979474521,88722369338,
GPU,2,0.000,0.000,0.080,7494517,4642621,55172707601,69069686996,
GPU,2,0.000,0.000,0.080,7494517,4642621,55172707601,69069686996,
GPU,2,0.000,0.000,0.080,7494517,4642621,55172707601,69069686996,
GPU,2,0.000,0.000,0.080,7494517,4642621,55172707601,69069686996,
GPU,2,0.000,0.000,0.019,9799686,6124803,0,30066013901,
GPU,2,0.000,0.000,0.019,9799686,6124803,0,30066013901,
GPU,2,0.000,0.000,0.019,9799686,6124803,0,30066013901,
GPU,2,0.000,0.000,0.019,10342417,6429070,0,30276170510,
GPU,2,0.000,0.000,0.019,10342417,6429070,0,30276170510,
GPU,2,0.000,0.000,0.019,10342417,6429070,0,30276170510,
GPU,2,0.000,0.000,0.019,10342417,6429070,0,30276170510,
GPU,2,0.000,0.000,0.014,11165720,6871212,0,21417628954,
GPU,2,0.000,0.000,0.014,11165720,6871212,0,21417628954,
GPU,2,0.000,0.000,0.014,11165720,6871212,0,21417628954,
GPU,2,0.000,0.000,0.000,10497563,6641315,0,0,
GPU,2,0.000,0.000,0.000,10497563,6641315,0,0,
GPU,2,0.000,0.000,0.000,10497563,6641315,0,0,
GPU,2,0.000,0.000,0.000,10596684,6843692,0,0,
GPU,2,0.000,0.000,0.000,10596684,6843692,0,0,
GPU,2,0.000,0.000,0.000,10596684,6843692,0,0,
GPU,2,0.000,0.000,0.000,10821473,6876144,0,0,
GPU,2,0.000,0.000,0.000,10821473,6876144,0,0,
GPU,2,0.000,0.000,0.000,10821473,6876144,0,0,
GPU,2,0.000,0.000,0.000,10821473,6876144,0,0,
GPU,2,0.000,0.000,0.000,8908585,5669100,0,0,
GPU,2,0.000,0.000,0.000,8908585,5669100,0,0,
GPU,2,0.000,0.000,0.000,8908585,5669100,0,0,
GPU,2,0.000,0.000,0.000,8908585,5669100,0,0,
GPU,2,0.155,0.146,0.148,11261622,10570119,15778712816,7702548683,
GPU,2,0.155,0.146,0.148,11261622,10570119,15778712816,7702548683,
GPU,2,0.155,0.146,0.148,11261622,10570119,15778712816,7702548683,
GPU,2,0.155,0.146,0.148,11261622,10570119,15778712816,7702548683,
GPU,2,0.000,0.000,0.163,10206305,7314519,168442600162,84682416449,
GPU,2,0.000,0.000,0.163,10206305,7314519,168442600162,84682416449,
GPU,2,0.000,0.000,0.163,10206305,7314519,168442600162,84682416449,
GPU,2,0.000,0.000,0.163,10206305,7314519,168442600162,84682416449,
GPU,2,0.000,0.000,0.039,9852654,6124622,30275050483,30275264068,
GPU,2,0.000,0.000,0.039,9852654,6124622,30275050483,30275264068,
GPU,2,0.000,0.000,0.039,9852654,6124622,30275050483,30275264068,
GPU,2,0.000,0.000,0.039,9852654,6124622,30275050483,30275264068,
GPU,2,0.000,0.000,0.039,9852654,6124622,30275050483,30275264068,
GPU,2,0.000,0.000,0.039,11891743,6968410,30277848787,30273178721,
GPU,2,0.000,0.000,0.039,11891743,6968410,30277848787,30273178721,
GPU,2,0.000,0.000,0.039,11891743,6968410,30277848787,30273178721,
GPU,2,0.000,0.000,0.039,11891743,6968410,30277848787,30273178721,
GPU,2,0.000,0.000,0.043,8854979,5534362,20930057023,46488325954,
GPU,2,0.000,0.000,0.043,8854979,5534362,20930057023,46488325954,
GPU,2,0.000,0.000,0.043,8854979,5534362,20930057023,46488325954,
GPU,2,0.000,0.000,0.044,10462962,6388888,0,68828796296,
GPU,2,0.000,0.000,0.044,10462962,6388888,0,68828796296,
GPU,2,0.000,0.000,0.044,10462962,6388888,0,68828796296,
GPU,2,0.000,0.000,0.000,10788800,6913211,0,0,
GPU,2,0.000,0.000,0.000,10788800,6913211,0,0,
GPU,2,0.000,0.000,0.000,10788800,6913211,0,0,
GPU,2,0.000,0.000,0.000,10651805,6808370,0,0,
GPU,2,0.000,0.000,0.000,10651805,6808370,0,0,
GPU,2,0.000,0.000,0.000,10651805,6808370,0,0,
GPU,2,0.000,0.000,0.000,10574725,6719356,0,0,
GPU,2,0.000,0.000,0.000,10574725,6719356,0,0,
GPU,2,0.000,0.000,0.000,10574725,6719356,0,0,
GPU,2,0.000,0.000,0.000,10574725,6719356,0,0,
GPU,2,0.000,0.000,0.000,10708901,6876241,0,0,
GPU,2,0.000,0.000,0.000,10708901,6876241,0,0,
GPU,2,0.000,0.000,0.000,10708901,6876241,0,0,
GPU,2,0.000,0.000,0.000,10708901,6876241,0,0,
GPU,2,0.067,0.063,0.057,10751823,8178737,0,0,
GPU,2,0.067,0.063,0.057,10751823,8178737,0,0,
GPU,2,0.067,0.063,0.057,10751823,8178737,0,0,
GPU,2,0.067,0.063,0.057,10751823,8178737,0,0,
GPU,2,0.070,0.065,0.116,10614038,7960529,0,86562341929,
GPU,2,0.070,0.065,0.116,10614038,7960529,0,86562341929,
GPU,2,0.070,0.065,0.116,10614038,7960529,0,86562341929,
GPU,2,0.070,0.065,0.116,10614038,7960529,0,86562341929,
GPU,2,0.000,0.000,0.119,10085446,6551229,93322292499,91611295484,
GPU,2,0.000,0.000,0.119,10085446,6551229,93322292499,91611295484,
GPU,2,0.000,0.000,0.119,10085446,6551229,93322292499,91611295484,
GPU,2,0.000,0.000,0.119,10085446,6551229,93322292499,91611295484,
GPU,2,0.000,0.000,0.119,10085446,6551229,93322292499,91611295484,
GPU,2,0.000,0.000,0.067,13279625,7578047,73220661004,30256807837,
GPU,2,0.000,0.000,0.067,13279625,7578047,73220661004,30256807837,
GPU,2,0.000,0.000,0.067,13279625,7578047,73220661004,30256807837,
GPU,2,0.000,0.000,0.067,13279625,7578047,73220661004,30256807837,
GPU,2,0.000,0.000,0.030,9772484,6107802,16895673821,30276866151,
GPU,2,0.000,0.000,0.030,9772484,6107802,16895673821,30276866151,
GPU,2,0.000,0.000,0.030,9772484,6107802,16895673821,30276866151,
GPU,2,0.000,0.000,0.066,10212804,6291817,77958251171,24878210023,
GPU,2,0.000,0.000,0.066,10212804,6291817,77958251171,24878210023,
GPU,2,0.000,0.000,0.066,10212804,6291817,77958251171,24878210023,
GPU,2,0.000,0.000,0.066,10212804,6291817,77958251171,24878210023,
GPU,2,0.000,0.000,0.000,12127070,8787732,0,0,
GPU,2,0.000,0.000,0.000,12127070,8787732,0,0,
GPU,2,0.000,0.000,0.000,12127070,8787732,0,0,
GPU,2,0.000,0.000,0.000,10872563,6997194,0,0,
GPU,2,0.000,0.000,0.000,10872563,6997194,0,0,
GPU,2,0.000,0.000,0.000,10872563,6997194,0,0,
GPU,2,0.000,0.000,0.000,10654072,6809819,0,0,
GPU,2,0.000,0.000,0.000,10654072,6809819,0,0,
GPU,2,0.000,0.000,0.000,10654072,6809819,0,0,
GPU,2,0.000,0.000,0.000,10613231,6743824,0,0,
GPU,2,0.000,0.000,0.000,10613231,6743824,0,0,
GPU,2,0.000,0.000,0.000,10613231,6743824,0,0,
GPU,2,0.000,0.000,0.000,10613231,6743824,0,0,
GPU,2,0.115,0.108,0.099,11685578,9773392,0,0,
GPU,2,0.115,0.108,0.099,11685578,9773392,0,0,
GPU,2,0.115,0.108,0.099,11685578,9773392,0,0,
GPU,2,0.115,0.108,0.099,11685578,9773392,0,0,
GPU,2,0.115,0.108,0.099,11685578,9773392,0,0,
GPU,2,0.115,0.108,0.099,11685578,9773392,0,0,
GPU,2,0.033,0.031,0.180,8973294,6575849,149423465849,85078098911,
GPU,2,0.033,0.031,0.180,8973294,6575849,149423465849,85078098911,
GPU,2,0.033,0.031,0.180,8973294,6575849,149423465849,85078098911,
GPU,2,0.033,0.031,0.180,8973294,6575849,149423465849,85078098911,
GPU,2,0.000,0.000,0.078,7912991,4885412,30259769749,90914881584,
GPU,2,0.000,0.000,0.078,7912991,4885412,30259769749,90914881584,
GPU,2,0.000,0.000,0.078,7912991,4885412,30259769749,90914881584,
GPU,2,0.000,0.000,0.055,10862577,6729030,30273366858,55986668108,
GPU,2,0.000,0.000,0.055,10862577,6729030,30273366858,55986668108,
GPU,2,0.000,0.000,0.055,10862577,6729030,30273366858,55986668108,
GPU,2,0.000,0.000,0.055,10862577,6729030,30273366858,55986668108,
GPU,2,0.000,0.000,0.013,10668027,6586347,19445680028,0,
GPU,2,0.000,0.000,0.013,10668027,6586347,19445680028,0,
GPU,2,0.000,0.000,0.013,10668027,6586347,19445680028,0,
GPU,2,0.000,0.000,0.000,9934086,6321691,0,0,
GPU,2,0.000,0.000,0.000,9934086,6321691,0,0,
GPU,2,0.000,0.000,0.000,9934086,6321691,0,0,
GPU,2,0.000,0.000,0.000,10376695,6593525,0,0,
GPU,2,0.000,0.000,0.000,10376695,6593525,0,0,
GPU,2,0.000,0.000,0.000,10376695,6593525,0,0,
GPU,2,0.000,0.000,0.000,10376695,6593525,0,0,
GPU,2,0.000,0.000,0.000,10815835,6985226,0,0,
GPU,2,0.000,0.000,0.000,10815835,6985226,0,0,
GPU,2,0.000,0.000,0.000,10815835,6985226,0,0,
GPU,2,0.000,0.000,0.000,10885251,6926978,0,0,
GPU,2,0.000,0.000,0.000,10885251,6926978,0,0,
GPU,2,0.000,0.000,0.000,10885251,6926978,0,0,
GPU,2,0.000,0.000,0.000,10641614,6872709,0,0,
GPU,2,0.000,0.000,0.000,10641614,6872709,0,0,
GPU,2,0.000,0.000,0.000,10641614,6872709,0,0,
GPU,2,0.000,0.000,0.000,10683359,6788384,0,0,
GPU,2,0.000,0.000,0.000,10683359,6788384,0,0,
GPU,2,0.000,0.000,0.000,10683359,6788384,0,0,
GPU,2,0.000,0.000,0.000,10683359,6788384,0,0,
GPU,2,0.000,0.000,0.000,10683359,6788384,0,0,
GPU,2,0.000,0.000,0.000,10683359,6788384,0,0,
GPU,2,0.000,0.000,0.000,10683359,6788384,0,0,
GPU,2,0.000,0.000,0.000,10683359,6788384,0,0,
GPU,2,0.000,0.000,0.000,10683359,6788384,0,0,
GPU,2,0.094,0.088,0.131,16884497,10798918,11735159876,67579127435,
GPU,2,0.094,0.088,0.131,16884497,10798918,11735159876,67579127435,
GPU,2,0.094,0.088,0.131,16884497,10798918,11735159876,67579127435,
GPU,2,0.094,0.088,0.131,16884497,10798918,11735159876,67579127435,
GPU,2,0.000,0.000,0.079,15816020,8745945,91787976289,30253354194,
GPU,2,0.000,0.000,0.079,15816020,8745945,91787976289,30253354194,
GPU,2,0.000,0.000,0.079,15816020,8745945,91787976289,30253354194,
GPU,2,0.000,0.000,0.028,9955101,6277991,13256290603,30275141394,
GPU,2,0.000,0.000,0.028,9955101,6277991,13256290603,30275141394,
GPU,2,0.000,0.000,0.028,9955101,6277991,13256290603,30275141394,
GPU,2,0.000,0.000,0.028,9955101,6277991,13256290603,30275141394,
GPU,2,0.000,0.000,0.028,9955101,6277991,13256290603,30275141394,
GPU,2,0.000,0.000,0.102,8893829,5473126,77723868435,81380370386,
GPU,2,0.000,0.000,0.102,8893829,5473126,77723868435,81380370386,
GPU,2,0.000,0.000,0.102,8893829,5473126,77723868435,81380370386,
GPU,2,0.000,0.000,0.004,10916844,6823027,2740121371,2857290470,
GPU,2,0.000,0.000,0.004,10916844,6823027,2740121371,2857290470,
GPU,2,0.000,0.000,0.004,10916844,6823027,2740121371,2857290470,
GPU,2,0.000,0.000,0.000,10613231,6743824,0,0,
GPU,2,0.000,0.000,0.000,10613231,6743824,0,0,
GPU,2,0.000,0.000,0.000,10613231,6743824,0,0,
GPU,2,0.000,0.000,0.000,10723331,6998384,0,0,
GPU,2,0.000,0.000,0.000,10723331,6998384,0,0,
GPU,2,0.000,0.000,0.000,10723331,6998384,0,0,
GPU,2,0.000,0.000,0.000,10723331,6998384,0,0,
GPU,2,0.000,0.000,0.000,8796573,5629807,0,0,
GPU,2,0.000,0.000,0.000,8796573,5629807,0,0,
GPU,2,0.000,0.000,0.000,8796573,5629807,0,0,
GPU,2,0.000,0.000,0.000,8796573,5629807,0,0,
GPU,2,0.000,0.000,0.000,10725194,6855278,0,0,
GPU,2,0.000,0.000,0.000,10725194,6855278,0,0,
GPU,2,0.000,0.000,0.000,10725194,6855278,0,0,
GPU,2,0.134,0.126,0.204,9832158,9404673,69161033659,68837972437,
GPU,2,0.134,0.126,0.204,9832158,9404673,69161033659,68837972437,
GPU,2,0.134,0.126,0.204,9832158,9404673,69161033659,68837972437,
GPU,2,0.134,0.126,0.204,9832158,9404673,69161033659,68837972437,
GPU,2,0.000,0.000,0.057,10010097,6409974,44294452737,44643779909,
GPU,2,0.000,0.000,0.057,10010097,6409974,44294452737,44643779909,
GPU,2,0.000,0.000,0.057,10010097,6409974,44294452737,44643779909,
GPU,2,0.000,0.000,0.057,10010097,6409974,44294452737,44643779909,
GPU,2,0.000,0.000,0.057,10010097,6409974,44294452737,44643779909,
GPU,2,0.000,0.000,0.054,8296511,5247366,54018328111,30267835062,
GPU,2,0.000,0.000,0.054,8296511,5247366,54018328111,30267835062,
GPU,2,0.000,0.000,0.054,8296511,5247366,54018328111,30267835062,
GPU,2,0.000,0.000,0.054,8296511,5247366,54018328111,30267835062,
GPU,2,0.000,0.000,0.058,9610375,6038377,60277103598,30275992664,
GPU,2,0.000,0.000,0.058,9610375,6038377,60277103598,30275992664,
GPU,2,0.000,0.000,0.058,9610375,6038377,60277103598,30275992664,
GPU,2,0.000,0.000,0.058,9610375,6038377,60277103598,30275992664,
GPU,2,0.000,0.000,0.080,10041655,6220494,30374301582,93246675923,
GPU,2,0.000,0.000,0.080,10041655,6220494,30374301582,93246675923,
GPU,2,0.000,0.000,0.080,10041655,6220494,30374301582,93246675923,
GPU,2,0.000,0.000,0.080,10041655,6220494,30374301582,93246675923,
GPU,2,0.000,0.000,0.080,10041655,6220494,30374301582,93246675923,
GPU,2,0.000,0.000,0.080,10041655,6220494,30374301582,93246675923,
GPU,2,0.000,0.000,0.080,10041655,6220494,30374301582,93246675923,
GPU,2,0.000,0.000,0.001,10594890,6659645,2019758209,0,
GPU,2,0.000,0.000,0.001,10594890,6659645,2019758209,0,
GPU,2,0.000,0.000,0.001,10594890,6659645,2019758209,0,
GPU,2,0.000,0.000,0.000,4890052,3125600,0,0,
GPU,2,0.000,0.000,0.000,4890052,3125600,0,0,
GPU,2,0.000,0.000,0.000,4890052,3125600,0,0,
GPU,2,0.000,0.000,0.000,10729235,6889298,0,0,
GPU,2,0.000,0.000,0.000,10729235,6889298,0,0,
GPU,2,0.000,0.000,0.000,10729235,6889298,0,0,
GPU,2,0.000,0.000,0.000,10729235,6889298,0,0,
GPU,2,0.000,0.000,0.000,10543946,6809632,0,0,
GPU,2,0.000,0.000,0.000,10543946,6809632,0,0,
GPU,2,0.000,0.000,0.000,10543946,6809632,0,0,
GPU,2,0.000,0.000,0.000,10543946,6809632,0,0,
GPU,2,0.136,0.128,0.278,10583961,11364745,189634210811,60877606680,
GPU,2,0.136,0.128,0.278,10583961,11364745,189634210811,60877606680,
GPU,2,0.136,0.128,0.278,10583961,11364745,189634210811,60877606680,
GPU,2,0.136,0.128,0.278,10583961,11364745,189634210811,60877606680,
GPU,2,0.000,0.000,0.111,10394164,7182959,81111512805,92260987023,
GPU,2,0.000,0.000,0.111,10394164,7182959,81111512805,92260987023,
GPU,2,0.000,0.000,0.111,10394164,7182959,81111512805,92260987023,
GPU,2,0.000,0.000,0.111,10394164,7182959,81111512805,92260987023,
GPU,2,0.000,0.000,0.031,10126468,6273033,0,48687280863,
GPU,2,0.000,0.000,0.031,10126468,6273033,0,48687280863,
GPU,2,0.000,0.000,0.031,10126468,6273033,0,48687280863,
GPU,2,0.000,0.000,0.031,10126468,6273033,0,48687280863,
GPU,2,0.000,0.000,0.019,12457132,7192510,0,30100583928,
GPU,2,0.000,0.000,0.019,12457132,7192510,0,30100583928,
GPU,2,0.000,0.000,0.019,12457132,7192510,0,30100583928,
GPU,2,0.000,0.000,0.019,12457132,7192510,0,30100583928,
GPU,2,0.000,0.000,0.019,9715866,6006171,0,30276915985,
GPU,2,0.000,0.000,0.019,9715866,6006171,0,30276915985,
GPU,2,0.000,0.000,0.019,9715866,6006171,0,30276915985,
GPU,2,0.000,0.000,0.004,11258248,6998370,0,6105644338,
GPU,2,0.000,0.000,0.004,11258248,6998370,0,6105644338,
GPU,2,0.000,0.000,0.004,11258248,6998370,0,6105644338,
GPU,2,0.000,0.000,0.000,10112605,6500960,0,0,
GPU,2,0.000,0.000,0.000,10112605,6500960,0,0,
GPU,2,0.000,0.000,0.000,10112605,6500960,0,0,
GPU,2,0.000,0.000,0.000,10112605,6500960,0,0,
GPU,2,0.000,0.000,0.000,10769452,6813327,0,0,
GPU,2,0.000,0.000,0.000,10769452,6813327,0,0,
GPU,2,0.000,0.000,0.000,10769452,6813327,0,0,
GPU,2,0.000,0.000,0.000,10473368,6725005,0,0,
GPU,2,0.000,0.000,0.000,10473368,6725005,0,0,
GPU,2,0.000,0.000,0.000,10473368,6725005,0,0,
GPU,2,0.000,0.000,0.000,10844394,6890708,0,0,
GPU,2,0.000,0.000,0.000,10844394,6890708,0,0,
GPU,2,0.000,0.000,0.000,10844394,6890708,0,0,
GPU,2,0.000,0.000,0.000,10844394,6890708,0,0,
GPU,2,0.000,0.000,0.000,10844394,6890708,0,0,
GPU,2,0.112,0.105,0.130,8493743,8208239,0,53233486494,
GPU,2,0.112,0.105,0.130,8493743,8208239,0,53233486494,
GPU,2,0.112,0.105,0.130,8493743,8208239,0,53233486494,
GPU,2,0.112,0.105,0.130,8493743,8208239,0,53233486494,
GPU,2,0.000,0.000,0.096,9870397,6296633,59755550769,89949454096,
GPU,2,0.000,0.000,0.096,9870397,6296633,59755550769,89949454096,
GPU,2,0.000,0.000,0.096,9870397,6296633,59755550769,89949454096,
GPU,2,0.000,0.000,0.096,9870397,6296633,59755550769,89949454096,
GPU,2,0.000,0.000,0.091,9938104,6189521,93825688148,47149768982,
GPU,2,0.000,0.000,0.091,9938104,6189521,93825688148,47149768982,
GPU,2,0.000,0.000,0.091,9938104,6189521,93825688148,47149768982,
GPU,2,0.000,0.000,0.091,9938104,6189521,93825688148,47149768982,
GPU,2,0.000,0.000,0.035,8751486,5479191,24246306777,30258996432,
GPU,2,0.000,0.000,0.035,8751486,5479191,24246306777,30258996432,
GPU,2,0.000,0.000,0.035,8751486,5479191,24246306777,30258996432,
GPU,2,0.000,0.000,0.035,8751486,5479191,24246306777,30258996432,
GPU,2,0.000,0.000,0.068,9717475,6007166,75567889817,30276914922,
GPU,2,0.000,0.000,0.068,9717475,6007166,75567889817,30276914922,
GPU,2,0.000,0.000,0.068,9717475,6007166,75567889817,30276914922,
GPU,2,0.000,0.000,0.068,9717475,6007166,75567889817,30276914922,
GPU,2,0.000,0.000,0.016,10984457,6828176,19115098680,6094889382,
GPU,2,0.000,0.000,0.016,10984457,6828176,19115098680,6094889382,
GPU,2,0.000,0.000,0.016,10984457,6828176,19115098680,6094889382,
GPU,2,0.000,0.000,0.000,10964574,6936771,0,0,
GPU,2,0.000,0.000,0.000,10964574,6936771,0,0,
GPU,2,0.000,0.000,0.000,10964574,6936771,0,0,
GPU,2,0.000,0.000,0.000,10929996,7034156,0,0,
GPU,2,0.000,0.000,0.000,10929996,7034156,0,0,
GPU,2,0.000,0.000,0.000,10929996,7034156,0,0,
GPU,2,0.000,0.000,0.000,10629918,6794380,0,0,
GPU,2,0.000,0.000,0.000,10629918,6794380,0,0,
GPU,2,0.000,0.000,0.000,10629918,6794380,0,0,
GPU,2,0.000,0.000,0.000,10671631,6780932,0,0,
GPU,2,0.000,0.000,0.000,10671631,6780932,0,0,
GPU,2,0.000,0.000,0.000,10671631,6780932,0,0,
GPU,2,0.000,0.000,0.000,10671631,6780932,0,0,
GPU,2,0.144,0.136,0.146,10183019,9540846,0,33853862781,
GPU,2,0.144,0.136,0.146,10183019,9540846,0,33853862781,
GPU,2,0.144,0.136,0.146,10183019,9540846,0,33853862781,
GPU,2,0.144,0.136,0.146,10183019,9540846,0,33853862781,
GPU,2,0.144,0.136,0.146,10183019,9540846,0,33853862781,
GPU,2,0.000,0.000,0.060,9662273,5958401,0,93244749913,
GPU,2,0.000,0.000,0.060,9662273,5958401,0,93244749913,
GPU,2,0.000,0.000,0.060,9662273,5958401,0,93244749913,
GPU,2,0.000,0.000,0.065,9852955,6083128,37642377882,63270206590,
GPU,2,0.000,0.000,0.065,9852955,6083128,37642377882,63270206590,
GPU,2,0.000,0.000,0.065,9852955,6083128,37642377882,63270206590,
GPU,2,0.000,0.000,0.065,9852955,6083128,37642377882,63270206590,
GPU,2,0.000,0.000,0.078,9902922,6155870,90610328926,30276713077,
GPU,2,0.000,0.000,0.078,9902922,6155870,90610328926,30276713077,
GPU,2,0.000,0.000,0.078,9902922,6155870,90610328926,30276713077,
GPU,2,0.000,0.000,0.078,9902922,6155870,90610328926,30276713077,
GPU,2,0.000,0.000,0.078,11404435,6842661,90816974656,30267349524,
GPU,2,0.000,0.000,0.078,11404435,6842661,90816974656,30267349524,
GPU,2,0.000,0.000,0.078,11404435,6842661,90816974656,30267349524,
GPU,2,0.000,0.000,0.078,11404435,6842661,90816974656,30267349524,
GPU,2,0.000,0.000,0.048,10471265,6451047,57563926140,17065801852,
GPU,2,0.000,0.000,0.048,10471265,6451047,57563926140,17065801852,
GPU,2,0.000,0.000,0.048,10471265,6451047,57563926140,17065801852,
GPU,2,0.000,0.000,0.000,10209862,6563482,0,0,
GPU,2,0.000,0.000,0.000,10209862,6563482,0,0,
GPU,2,0.000,0.000,0.000,10209862,6563482,0,0,
GPU,2,0.000,0.000,0.000,10859805,6900501,0,0,
GPU,2,0.000,0.000,0.000,10859805,6900501,0,0,
GPU,2,0.000,0.000,0.000,10859805,6900501,0,0,
GPU,2,0.000,0.000,0.000,10859805,6900501,0,0,
GPU,2,0.000,0.000,0.000,13564341,8023976,0,0,
GPU,2,0.000,0.000,0.000,13564341,8023976,0,0,
GPU,2,0.000,0.000,0.000,13564341,8023976,0,0,
GPU,2,0.000,0.000,0.000,10562134,6751054,0,0,
GPU,2,0.000,0.000,0.000,10562134,6751054,0,0,
GPU,2,0.000,0.000,0.000,10562134,6751054,0,0,
GPU,2,0.000,0.000,0.000,10562134,6751054,0,0,
GPU,2,0.155,0.146,0.158,11283079,10590258,28857056254,9370897202,
GPU,2,0.155,0.146,0.158,11283079,10590258,28857056254,9370897202,
GPU,2,0.155,0.146,0.158,11283079,10590258,28857056254,9370897202,
GPU,2,0.155,0.146,0.158,11283079,10590258,28857056254,9370897202,
GPU,2,0.000,0.000,0.216,10614428,7594062,246303687003,89126995598,
GPU,2,0.000,0.000,0.216,10614428,7594062,246303687003,89126995598,
GPU,2,0.000,0.000,0.216,10614428,7594062,246303687003,89126995598,
GPU,2,0.000,0.000,0.216,10614428,7594062,246303687003,89126995598,
GPU,2,0.000,0.000,0.060,9777439,5997925,0,94007335647,
GPU,2,0.000,0.000,0.060,9777439,5997925,0,94007335647,
GPU,2,0.000,0.000,0.060,9777439,5997925,0,94007335647,
GPU,2,0.000,0.000,0.060,9777439,5997925,0,94007335647,
GPU,2,0.000,0.000,0.050,10036978,6163056,0,76958338836,
GPU,2,0.000,0.000,0.050,10036978,6163056,0,76958338836,
GPU,2,0.000,0.000,0.050,10036978,6163056,0,76958338836,
GPU,2,0.000,0.000,0.000,9067777,5829285,0,0,
GPU,2,0.000,0.000,0.000,9067777,5829285,0,0,
GPU,2,0.000,0.000,0.000,9067777,5829285,0,0,
GPU,2,0.000,0.000,0.000,9067777,5829285,0,0,
GPU,2,0.000,0.000,0.000,9067777,5829285,0,0,
GPU,2,0.000,0.000,0.000,13503636,7656701,0,0,
GPU,2,0.000,0.000,0.000,13503636,7656701,0,0,
GPU,2,0.000,0.000,0.000,13503636,7656701,0,0,
GPU,2,0.000,0.000,0.000,10063991,6469708,0,0,
GPU,2,0.000,0.000,0.000,10063991,6469708,0,0,
GPU,2,0.000,0.000,0.000,10063991,6469708,0,0,
GPU,2,0.000,0.000,0.000,10612132,6743125,0,0,
GPU,2,0.000,0.000,0.000,10612132,6743125,0,0,
GPU,2,0.000,0.000,0.000,10612132,6743125,0,0,
GPU,2,0.000,0.000,0.000,10733705,6892168,0,0,
GPU,2,0.000,0.000,0.000,10733705,6892168,0,0,
GPU,2,0.000,0.000,0.000,10733705,6892168,0,0,
GPU,2,0.000,0.000,0.000,10733705,6892168,0,0,
GPU,2,0.000,0.000,0.000,8940795,5722108,0,0,
GPU,2,0.000,0.000,0.000,8940795,5722108,0,0,
GPU,2,0.000,0.000,0.000,8940795,5722108,0,0,
GPU,2,0.000,0.000,0.000,8940795,5722108,0,0,
GPU,2,0.151,0.142,0.150,10911351,10138866,15634020120,15320077369,
GPU,2,0.151,0.142,0.150,10911351,10138866,15634020120,15320077369,
GPU,2,0.151,0.142,0.150,10911351,10138866,15634020120,15320077369,
GPU,2,0.151,0.142,0.150,10911351,10138866,15634020120,15320077369,
GPU,2,0.000,0.000,0.119,9976657,6906916,92325237958,92572296123,
GPU,2,0.000,0.000,0.119,9976657,6906916,92325237958,92572296123,
GPU,2,0.000,0.000,0.119,9976657,6906916,92325237958,92572296123,
GPU,2,0.000,0.000,0.119,9976657,6906916,92325237958,92572296123,
GPU,2,0.000,0.000,0.109,10082689,6487991,89849011732,79550238093,
GPU,2,0.000,0.000,0.109,10082689,6487991,89849011732,79550238093,
GPU,2,0.000,0.000,0.109,10082689,6487991,89849011732,79550238093,
GPU,2,0.000,0.000,0.109,10082689,6487991,89849011732,79550238093,
GPU,2,0.000,0.000,0.109,10082689,6487991,89849011732,79550238093,
GPU,2,0.000,0.000,0.062,8573352,5310926,66484961069,30095437819,
GPU,2,0.000,0.000,0.062,8573352,5310926,66484961069,30095437819,
GPU,2,0.000,0.000,0.062,8573352,5310926,66484961069,30095437819,
GPU,2,0.000,0.000,0.062,8573352,5310926,66484961069,30095437819,
GPU,2,0.000,0.000,0.019,9167066,5698446,0,30278645793,
GPU,2,0.000,0.000,0.019,9167066,5698446,0,30278645793,
GPU,2,0.000,0.000,0.019,9167066,5698446,0,30278645793,
GPU,2,0.000,0.000,0.015,11065006,6878247,0,23008753566,
GPU,2,0.000,0.000,0.015,11065006,6878247,0,23008753566,
GPU,2,0.000,0.000,0.015,11065006,6878247,0,23008753566,
GPU,2,0.000,0.000,0.015,11065006,6878247,0,23008753566,
GPU,2,0.000,0.000,0.000,8821466,5566945,0,0,
GPU,2,0.000,0.000,0.000,8821466,5566945,0,0,
GPU,2,0.000,0.000,0.000,8821466,5566945,0,0,
GPU,2,0.000,0.000,0.000,10787827,6824952,0,0,
GPU,2,0.000,0.000,0.000,10787827,6824952,0,0,
GPU,2,0.000,0.000,0.000,10787827,6824952,0,0,
GPU,2,0.000,0.000,0.000,10576046,6902262,0,0,
GPU,2,0.000,0.000,0.000,10576046,6902262,0,0,
GPU,2,0.000,0.000,0.000,10576046,6902262,0,0,
GPU,2,0.000,0.000,0.000,10862032,6901916,0,0,
GPU,2,0.000,0.000,0.000,10862032,6901916,0,0,
GPU,2,0.000,0.000,0.000,10862032,6901916,0,0,
GPU,2,0.000,0.000,0.000,10862032,6901916,0,0,
GPU,2,0.000,0.000,0.000,10862032,6901916,0,0,
GPU,2,0.131,0.123,0.124,9643061,9144282,0,18328981139,
GPU,2,0.131,0.123,0.124,9643061,9144282,0,18328981139,
GPU,2,0.131,0.123,0.124,9643061,9144282,0,18328981139,
GPU,2,0.131,0.123,0.124,9643061,9144282,0,18328981139,
GPU,2,0.000,0.000,0.084,9318433,6073621,38619441829,92080371489,
GPU,2,0.000,0.000,0.084,9318433,6073621,38619441829,92080371489,
GPU,2,0.000,0.000,0.084,9318433,6073621,38619441829,92080371489,
GPU,2,0.000,0.000,0.084,9318433,6073621,38619441829,92080371489,
GPU,2,0.000,0.000,0.154,10185200,6732589,150036878192,88863619198,
GPU,2,0.000,0.000,0.154,10185200,6732589,150036878192,88863619198,
GPU,2,0.000,0.000,0.154,10185200,6732589,150036878192,88863619198,
GPU,2,0.000,0.000,0.154,10185200,6732589,150036878192,88863619198,
GPU,2,0.000,0.000,0.154,10185200,6732589,150036878192,88863619198,
GPU,2,0.000,0.000,0.052,15049925,8361069,30281380139,50744402505,
GPU,2,0.000,0.000,0.052,15049925,8361069,30281380139,50744402505,
GPU,2,0.000,0.000,0.052,15049925,8361069,30281380139,50744402505,
GPU,2,0.000,0.000,0.052,15049925,8361069,30281380139,50744402505,
GPU,2,0.000,0.000,0.019,9685916,6020975,30266256360,0,
GPU,2,0.000,0.000,0.019,9685916,6020975,30266256360,0,
GPU,2,0.000,0.000,0.019,9685916,6020975,30266256360,0,
GPU,2,0.000,0.000,0.019,9685916,6020975,30266256360,0,
GPU,2,0.000,0.000,0.008,10567714,6532768,12070149208,0,
GPU,2,0.000,0.000,0.008,10567714,6532768,12070149208,0,
GPU,2,0.000,0.000,0.008,10567714,6532768,12070149208,0,
GPU,2,0.000,0.000,0.000,10748486,6800063,0,0,
GPU,2,0.000,0.000,0.000,10748486,6800063,0,0,
GPU,2,0.000,0.000,0.000,10748486,6800063,0,0,
GPU,2,0.000,0.000,0.000,10748486,6800063,0,0,
GPU,2,0.000,0.000,0.000,9156689,5892918,0,0,
GPU,2,0.000,0.000,0.000,9156689,5892918,0,0,
GPU,2,0.000,0.000,0.000,9156689,5892918,0,0,
GPU,2,0.000,0.000,0.000,8664292,5538001,0,0,
GPU,2,0.000,0.000,0.000,8664292,5538001,0,0,
GPU,2,0.000,0.000,0.000,8664292,5538001,0,0,
GPU,2,0.000,0.000,0.000,10824066,6877792,0,0,
GPU,2,0.000,0.000,0.000,10824066,6877792,0,0,
GPU,2,0.000,0.000,0.000,10824066,6877792,0,0,
GPU,2,0.000,0.000,0.000,10824066,6877792,0,0,
GPU,2,0.000,0.000,0.000,10824066,6877792,0,0,
GPU,2,0.151,0.142,0.188,10717906,10042002,45543526408,45211977381,
GPU,2,0.151,0.142,0.188,10717906,10042002,45543526408,45211977381,
GPU,2,0.151,0.142,0.188,10717906,10042002,45543526408,45211977381,
GPU,2,0.151,0.142,0.188,10717906,10042002,45543526408,45211977381,
GPU,2,0.000,0.000,0.096,12516880,7412231,57429096503,91021482795,
GPU,2,0.000,0.000,0.096,12516880,7412231,57429096503,91021482795,
GPU,2,0.000,0.000,0.096,12516880,7412231,57429096503,91021482795,
GPU,2,0.000,0.000,0.096,12516880,7412231,57429096503,91021482795,
GPU,2,0.000,0.000,0.079,9898840,6165067,30274540876,92407548408,
GPU,2,0.000,0.000,0.079,9898840,6165067,30274540876,92407548408,
GPU,2,0.000,0.000,0.079,9898840,6165067,30274540876,92407548408,
GPU,2,0.000,0.000,0.079,9898840,6165067,30274540876,92407548408,
GPU,2,0.000,0.000,0.079,9898840,6165067,30274540876,92407548408,
GPU,2,0.000,0.000,0.079,9898840,6165067,30274540876,92407548408,
GPU,2,0.000,0.000,0.079,9898840,6165067,30274540876,92407548408,
GPU,2,0.000,0.000,0.079,9898840,6165067,30274540876,92407548408,
GPU,2,0.000,0.000,0.043,4965769,3046228,53761424007,13003172719,
GPU,2,0.000,0.000,0.043,4965769,3046228,53761424007,13003172719,
GPU,2,0.000,0.000,0.043,4965769,3046228,53761424007,13003172719,
GPU,2,0.000,0.000,0.043,4965769,3046228,53761424007,13003172719,
GPU,2,0.000,0.000,0.013,10647354,6618625,20698268006,0,
GPU,2,0.000,0.000,0.013,10647354,6618625,20698268006,0,
GPU,2,0.000,0.000,0.013,10647354,6618625,20698268006,0,
GPU,2,0.000,0.000,0.000,10991630,7066047,0,0,
GPU,2,0.000,0.000,0.000,10991630,7066047,0,0,
GPU,2,0.000,0.000,0.000,10991630,7066047,0,0,
GPU,2,0.000,0.000,0.000,10991630,7066047,0,0,
GPU,2,0.000,0.000,0.000,10818806,6874449,0,0,
GPU,2,0.000,0.000,0.000,10818806,6874449,0,0,
GPU,2,0.000,0.000,0.000,10818806,6874449,0,0,
GPU,2,0.000,0.000,0.000,14072483,8112372,0,0,
GPU,2,0.000,0.000,0.000,14072483,8112372,0,0,
GPU,2,0.000,0.000,0.000,14072483,8112372,0,0,
GPU,2,0.000,0.000,0.000,10653276,6769269,0,0,
GPU,2,0.000,0.000,0.000,10653276,6769269,0,0,
GPU,2,0.000,0.000,0.000,10653276,6769269,0,0,
GPU,2,0.000,0.000,0.000,10653276,6769269,0,0,
GPU,2,0.141,0.133,0.202,10336265,10156504,63358527980,63064357297,
GPU,2,0.141,0.133,0.202,10336265,10156504,63358527980,63064357297,
GPU,2,0.141,0.133,0.202,10336265,10156504,63358527980,63064357297,
GPU,2,0.141,0.133,0.202,10336265,10156504,63358527980,63064357297,
GPU,2,0.141,0.133,0.202,10336265,10156504,63358527980,63064357297,
GPU,2,0.000,0.000,0.090,9415929,5946902,93343000000,46848754424,
GPU,2,0.000,0.000,0.090,9415929,5946902,93343000000,46848754424,
GPU,2,0.000,0.000,0.090,9415929,5946902,93343000000,46848754424,
GPU,2,0.000,0.000,0.090,9415929,5946902,93343000000,46848754424,
GPU,2,0.000,0.000,0.042,9896233,6273504,34517075420,30275327343,
GPU,2,0.000,0.000,0.042,9896233,6273504,34517075420,30275327343,
GPU,2,0.000,0.000,0.042,9896233,6273504,34517075420,30275327343,
GPU,2,0.000,0.000,0.042,9896233,6273504,34517075420,30275327343,
GPU,2,0.000,0.000,0.039,9906291,6157965,30006216532,30274662539,
GPU,2,0.000,0.000,0.039,9906291,6157965,30006216532,30274662539,
GPU,2,0.000,0.000,0.039,9906291,6157965,30006216532,30274662539,
GPU,2,0.000,0.000,0.039,9906291,6157965,30006216532,30274662539,
GPU,2,0.000,0.000,0.074,12304277,7164516,30278535167,84546291924,
GPU,2,0.000,0.000,0.074,12304277,7164516,30278535167,84546291924,
GPU,2,0.000,0.000,0.074,12304277,7164516,30278535167,84546291924,
GPU,2,0.000,0.000,0.001,10176578,6448525,671654197,1492455729,
GPU,2,0.000,0.000,0.001,10176578,6448525,671654197,1492455729,
GPU,2,0.000,0.000,0.001,10176578,6448525,671654197,1492455729,
GPU,2,0.000,0.000,0.000,10621378,6859640,0,0,
GPU,2,0.000,0.000,0.000,10621378,6859640,0,0,
GPU,2,0.000,0.000,0.000,10621378,6859640,0,0,
GPU,2,0.000,0.000,0.000,10843552,6890173,0,0,
GPU,2,0.000,0.000,0.000,10843552,6890173,0,0,
GPU,2,0.000,0.000,0.000,10843552,6890173,0,0,
GPU,2,0.000,0.000,0.000,10843552,6890173,0,0,
GPU,2,0.000,0.000,0.000,13054197,7851437,0,0,
GPU,2,0.000,0.000,0.000,13054197,7851437,0,0,
GPU,2,0.000,0.000,0.000,13054197,7851437,0,0,
GPU,2,0.000,0.000,0.000,13054197,7851437,0,0,
GPU,2,0.000,0.000,0.000,10293755,6570482,0,0,
GPU,2,0.000,0.000,0.000,10293755,6570482,0,0,
GPU,2,0.000,0.000,0.000,10293755,6570482,0,0,
GPU,2,0.000,0.000,0.000,10293755,6570482,0,0,
GPU,2,0.123,0.115,0.195,9000988,9000988,69247683713,69470595141,
GPU,2,0.123,0.115,0.195,9000988,9000988,69247683713,69470595141,
GPU,2,0.123,0.115,0.195,9000988,9000988,69247683713,69470595141,
GPU,2,0.123,0.115,0.195,9000988,9000988,69247683713,69470595141,
GPU,2,0.000,0.000,0.086,10159786,6393658,40012223493,93958512379,
GPU,2,0.000,0.000,0.086,10159786,6393658,40012223493,93958512379,
GPU,2,0.000,0.000,0.086,10159786,6393658,40012223493,93958512379,
GPU,2,0.000,0.000,0.086,10159786,6393658,40012223493,93958512379,
GPU,2,0.000,0.000,0.086,10159786,6393658,40012223493,93958512379,
GPU,2,0.000,0.000,0.119,8353310,5151207,103247325417,82514585662,
GPU,2,0.000,0.000,0.119,8353310,5151207,103247325417,82514585662,
GPU,2,0.000,0.000,0.119,8353310,5151207,103247325417,82514585662,
GPU,2,0.000,0.000,0.018,9882863,6143401,28575334576,0,
GPU,2,0.000,0.000,0.018,9882863,6143401,28575334576,0,
GPU,2,0.000,0.000,0.018,9882863,6143401,28575334576,0,
GPU,2,0.000,0.000,0.018,9882863,6143401,28575334576,0,
GPU,2,0.000,0.000,0.000,9235862,5937339,0,0,
GPU,2,0.000,0.000,0.000,9235862,5937339,0,0,
GPU,2,0.000,0.000,0.000,9235862,5937339,0,0,
GPU,2,0.000,0.000,0.000,9235862,5937339,0,0,
GPU,2,0.000,0.000,0.000,9080781,5633447,0,0,
GPU,2,0.000,0.000,0.000,9080781,5633447,0,0,
GPU,2,0.000,0.000,0.000,9080781,5633447,0,0,
GPU,2,0.000,0.000,0.000,10627152,6792613,0,0,
GPU,2,0.000,0.000,0.000,10627152,6792613,0,0,
GPU,2,0.000,0.000,0.000,10627152,6792613,0,0,
GPU,2,0.000,0.000,0.000,10602170,6736795,0,0,
GPU,2,0.000,0.000,0.000,10602170,6736795,0,0,
GPU,2,0.000,0.000,0.000,10602170,6736795,0,0,
GPU,2,0.000,0.000,0.000,10840108,6887985,0,0,
GPU,2,0.000,0.000,0.000,10840108,6887985,0,0,
GPU,2,0.000,0.000,0.000,10840108,6887985,0,0,
GPU,2,0.000,0.000,0.000,10840108,6887985,0,0,
GPU,2,0.000,0.000,0.000,10840108,6887985,0,0,
GPU,2,0.078,0.073,0.067,10696470,8410899,0,0,
GPU,2,0.078,0.073,0.067,10696470,8410899,0,0,
GPU,2,0.078,0.073,0.067,10696470,8410899,0,0,
GPU,2,0.078,0.073,0.067,10696470,8410899,0,0,
GPU,2,0.060,0.056,0.107,10645707,7734772,37842164,87245087795,
GPU,2,0.060,0.056,0.107,10645707,7734772,37842164,87245087795,
GPU,2,0.060,0.056,0.107,10645707,7734772,37842164,87245087795,
GPU,2,0.000,0.000,0.119,9960105,6582330,91900972734,93417940098,
GPU,2,0.000,0.000,0.119,9960105,6582330,91900972734,93417940098,
GPU,2,0.000,0.000,0.119,9960105,6582330,91900972734,93417940098,
GPU,2,0.000,0.000,0.119,9960105,6582330,91900972734,93417940098,
GPU,2,0.000,0.000,0.119,9960105,6582330,91900972734,93417940098,
GPU,2,0.000,0.000,0.079,10190853,6222733,30276587529,91818359881,
GPU,2,0.000,0.000,0.079,10190853,6222733,30276587529,91818359881,
GPU,2,0.000,0.000,0.079,10190853,6222733,30276587529,91818359881,
GPU,2,0.000,0.000,0.079,10190853,6222733,30276587529,91818359881,
GPU,2,0.000,0.000,0.026,12393150,7229337,39968904165,0,
GPU,2,0.000,0.000,0.026,12393150,7229337,39968904165,0,
GPU,2,0.000,0.000,0.026,12393150,7229337,39968904165,0,
GPU,2,0.000,0.000,0.026,12393150,7229337,39968904165,0,
GPU,2,0.000,0.000,0.070,9928973,6137911,108916060679,0,
GPU,2,0.000,0.000,0.070,9928973,6137911,108916060679,0,
GPU,2,0.000,0.000,0.070,9928973,6137911,108916060679,0,
GPU,2,0.000,0.000,0.000,10593664,6810212,0,0,
GPU,2,0.000,0.000,0.000,10593664,6810212,0,0,
GPU,2,0.000,0.000,0.000,10593664,6810212,0,0,
GPU,2,0.000,0.000,0.000,10593664,6810212,0,0,
GPU,2,0.000,0.000,0.000,8996642,5644952,0,0,
GPU,2,0.000,0.000,0.000,8996642,5644952,0,0,
GPU,2,0.000,0.000,0.000,8996642,5644952,0,0,
GPU,2,0.000,0.000,0.000,10652390,6808744,0,0,
GPU,2,0.000,0.000,0.000,10652390,6808744,0,0,
GPU,2,0.000,0.000,0.000,10652390,6808744,0,0,
GPU,2,0.000,0.000,0.000,10457660,6714918,0,0,
GPU,2,0.000,0.000,0.000,10457660,6714918,0,0,
GPU,2,0.000,0.000,0.000,10457660,6714918,0,0,
GPU,2,0.000,0.000,0.000,10620193,6891827,0,0,
GPU,2,0.000,0.000,0.000,10620193,6891827,0,0,
GPU,2,0.000,0.000,0.000,10620193,6891827,0,0,
GPU,2,0.000,0.000,0.000,10620193,6891827,0,0,
GPU,2,0.000,0.000,0.000,10620193,6891827,0,0,
GPU,2,0.000,0.000,0.000,10620193,6891827,0,0,
GPU,2,0.090,0.085,0.140,8325976,6947883,13403625029,84104349245,
GPU,2,0.090,0.085,0.140,8325976,6947883,13403625029,84104349245,
GPU,2,0.090,0.085,0.140,8325976,6947883,13403625029,84104349245,
GPU,2,0.090,0.085,0.140,8325976,6947883,13403625029,84104349245,
GPU,2,0.000,0.000,0.082,9917284,6155556,60551934832,66929603842,
GPU,2,0.000,0.000,0.082,9917284,6155556,60551934832,66929603842,
GPU,2,0.000,0.000,0.082,9917284,6155556,60551934832,66929603842,
GPU,2,0.000,0.000,0.082,9917284,6155556,60551934832,66929603842,
GPU,2,0.000,0.000,0.058,10107045,6282758,60548873485,30276427136,
GPU,2,0.000,0.000,0.058,10107045,6282758,60548873485,30276427136,
GPU,2,0.000,0.000,0.058,10107045,6282758,60548873485,30276427136,
GPU,2,0.000,0.000,0.058,10107045,6282758,60548873485,30276427136,
GPU,2,0.000,0.000,0.058,10107045,6282758,60548873485,30276427136,
GPU,2,0.000,0.000,0.071,7227583,4486086,80012268588,30270317842,
GPU,2,0.000,0.000,0.071,7227583,4486086,80012268588,30270317842,
GPU,2,0.000,0.000,0.071,7227583,4486086,80012268588,30270317842,
GPU,2,0.000,0.000,0.071,7227583,4486086,80012268588,30270317842,
GPU,2,0.000,0.000,0.021,10700296,6592146,24352429062,7626268868,
GPU,2,0.000,0.000,0.021,10700296,6592146,24352429062,7626268868,
GPU,2,0.000,0.000,0.021,10700296,6592146,24352429062,7626268868,
GPU,2,0.000,0.000,0.000,10955917,7043090,0,0,
GPU,2,0.000,0.000,0.000,10955917,7043090,0,0,
GPU,2,0.000,0.000,0.000,10955917,7043090,0,0,
GPU,2,0.000,0.000,0.000,10955917,7043090,0,0,
GPU,2,0.000,0.000,0.000,10854203,6896941,0,0,
GPU,2,0.000,0.000,0.000,10854203,6896941,0,0,
GPU,2,0.000,0.000,0.000,10854203,6896941,0,0,
GPU,2,0.000,0.000,0.000,10854203,6896941,0,0,
GPU,2,0.000,0.000,0.000,11012048,6392051,0,0,
GPU,2,0.000,0.000,0.000,11012048,6392051,0,0,
GPU,2,0.000,0.000,0.000,11012048,6392051,0,0,
GPU,2,0.000,0.000,0.000,11012048,6392051,0,0,
GPU,2,0.146,0.138,0.125,11817757,10262789,0,0,
GPU,2,0.146,0.138,0.125,11817757,10262789,0,0,
GPU,2,0.146,0.138,0.125,11817757,10262789,0,0,
GPU,2,0.146,0.138,0.125,11817757,10262789,0,0,
GPU,2,0.014,0.013,0.130,10575527,7824171,91722209683,91739389542,
GPU,2,0.014,0.013,0.130,10575527,7824171,91722209683,91739389542,
GPU,2,0.014,0.013,0.130,10575527,7824171,91722209683,91739389542,
GPU,2,0.014,0.013,0.130,10575527,7824171,91722209683,91739389542,
GPU,2,0.014,0.013,0.130,10575527,7824171,91722209683,91739389542,
GPU,2,0.000,0.000,0.129,8995723,5898834,106642599727,93989370575,
GPU,2,0.000,0.000,0.129,8995723,5898834,106642599727,93989370575,
GPU,2,0.000,0.000,0.129,8995723,5898834,106642599727,93989370575,
GPU,2,0.000,0.000,0.065,10128366,6165092,30266598960,70815572913,
GPU,2,0.000,0.000,0.065,10128366,6165092,30266598960,70815572913,
GPU,2,0.000,0.000,0.065,10128366,6165092,30266598960,70815572913,
GPU,2,0.000,0.000,0.065,10128366,6165092,30266598960,70815572913,
GPU,2,0.000,0.000,0.017,10032205,6292929,26357331775,0,
GPU,2,0.000,0.000,0.017,10032205,6292929,26357331775,0,
GPU,2,0.000,0.000,0.017,10032205,6292929,26357331775,0,
GPU,2,0.000,0.000,0.017,10032205,6292929,26357331775,0,
GPU,2,0.000,0.000,0.017,10032205,6292929,26357331775,0,
GPU,2,0.000,0.000,0.017,10032205,6292929,26357331775,0,
GPU,2,0.000,0.000,0.000,7839741,4947409,0,0,
GPU,2,0.000,0.000,0.000,7839741,4947409,0,0,
GPU,2,0.000,0.000,0.000,7839741,4947409,0,0,
GPU,2,0.000,0.000,0.000,7812735,4993707,0,0,
GPU,2,0.000,0.000,0.000,7812735,4993707,0,0,
GPU,2,0.000,0.000,0.000,7812735,4993707,0,0,
GPU,2,0.000,0.000,0.000,10820559,6988277,0,0,
GPU,2,0.000,0.000,0.000,10820559,6988277,0,0,
GPU,2,0.000,0.000,0.000,10820559,6988277,0,0,
GPU,2,0.000,0.000,0.000,10855967,6898062,0,0,
GPU,2,0.000,0.000,0.000,10855967,6898062,0,0,
GPU,2,0.000,0.000,0.000,10855967,6898062,0,0,
GPU,2,0.000,0.000,0.000,10855967,6898062,0,0,
GPU,2,0.000,0.000,0.000,10503630,6684128,0,0,
GPU,2,0.000,0.000,0.000,10503630,6684128,0,0,
GPU,2,0.000,0.000,0.000,10503630,6684128,0,0,
GPU,2,0.000,0.000,0.000,10503630,6684128,0,0,
GPU,2,0.125,0.118,0.127,9098255,8539590,0,29625811809,
GPU,2,0.125,0.118,0.127,9098255,8539590,0,29625811809,
GPU,2,0.125,0.118,0.127,9098255,8539590,0,29625811809,
GPU,2,0.125,0.118,0.127,9098255,8539590,0,29625811809,
GPU,2,0.000,0.000,0.092,9942613,6311398,73506289783,68783434740,
GPU,2,0.000,0.000,0.092,9942613,6311398,73506289783,68783434740,
GPU,2,0.000,0.000,0.092,9942613,6311398,73506289783,68783434740,
GPU,2,0.000,0.000,0.092,9942613,6311398,73506289783,68783434740,
GPU,2,0.000,0.000,0.102,8687389,5863988,129081582281,30261988145,
GPU,2,0.000,0.000,0.102,8687389,5863988,129081582281,30261988145,
GPU,2,0.000,0.000,0.102,8687389,5863988,129081582281,30261988145,
GPU,2,0.000,0.000,0.102,8687389,5863988,129081582281,30261988145,
GPU,2,0.000,0.000,0.039,9864039,6076952,30276118786,30275612374,
GPU,2,0.000,0.000,0.039,9864039,6076952,30276118786,30275612374,
GPU,2,0.000,0.000,0.039,9864039,6076952,30276118786,30275612374,
GPU,2,0.000,0.000,0.039,9864039,6076952,30276118786,30275612374,
GPU,2,0.000,0.000,0.049,10124677,6384931,15391356398,61121917987,
GPU,2,0.000,0.000,0.049,10124677,6384931,15391356398,61121917987,
GPU,2,0.000,0.000,0.049,10124677,6384931,15391356398,61121917987,
GPU,2,0.000,0.000,0.049,10124677,6384931,15391356398,61121917987,
GPU,2,0.000,0.000,0.036,11416015,6970841,0,55269002487,
GPU,2,0.000,0.000,0.036,11416015,6970841,0,55269002487,
GPU,2,0.000,0.000,0.036,11416015,6970841,0,55269002487,
GPU,2,0.000,0.000,0.000,14426111,8335086,0,0,
GPU,2,0.000,0.000,0.000,14426111,8335086,0,0,
GPU,2,0.000,0.000,0.000,14426111,8335086,0,0,
GPU,2,0.000,0.000,0.000,10688340,6791549,0,0,
GPU,2,0.000,0.000,0.000,10688340,6791549,0,0,
GPU,2,0.000,0.000,0.000,10688340,6791549,0,0,
GPU,2,0.000,0.000,0.000,10855046,6897477,0,0,
GPU,2,0.000,0.000,0.000,10855046,6897477,0,0,
GPU,2,0.000,0.000,0.000,10855046,6897477,0,0,
GPU,2,0.000,0.000,0.000,10855046,6897477,0,0,
GPU,2,0.000,0.000,0.000,10953258,7001051,0,0,
GPU,2,0.000,0.000,0.000,10953258,7001051,0,0,
GPU,2,0.000,0.000,0.000,10953258,7001051,0,0,
GPU,2,0.000,0.000,0.000,10953258,7001051,0,0,
GPU,2,0.123,0.116,0.129,12528813,10414576,0,35589507607,
GPU,2,0.123,0.116,0.129,12528813,10414576,0,35589507607,
GPU,2,0.123,0.116,0.129,12528813,10414576,0,35589507607,
GPU,2,0.123,0.116,0.129,12528813,10414576,0,35589507607,
GPU,2,0.000,0.000,0.060,9699805,5956021,0,93553465925,
GPU,2,0.000,0.000,0.060,9699805,5956021,0,93553465925,
GPU,2,0.000,0.000,0.060,9699805,5956021,0,93553465925,
GPU,2,0.000,0.000,0.060,9699805,5956021,0,93553465925,
GPU,2,0.000,0.000,0.080,10080397,6244494,60556406739,63050714214,
GPU,2,0.000,0.000,0.080,10080397,6244494,60556406739,63050714214,
GPU,2,0.000,0.000,0.080,10080397,6244494,60556406739,63050714214,
GPU,2,0.000,0.000,0.080,10080397,6244494,60556406739,63050714214,
GPU,2,0.000,0.000,0.080,10080397,6244494,60556406739,63050714214,
GPU,2,0.000,0.000,0.070,10640232,6547835,78819997044,30264186977,
GPU,2,0.000,0.000,0.070,10640232,6547835,78819997044,30264186977,
GPU,2,0.000,0.000,0.070,10640232,6547835,78819997044,30264186977,
GPU,2,0.000,0.000,0.070,10640232,6547835,78819997044,30264186977,
GPU,2,0.000,0.000,0.068,8032740,5020462,75718524611,30279711502,
GPU,2,0.000,0.000,0.068,8032740,5020462,75718524611,30279711502,
GPU,2,0.000,0.000,0.068,8032740,5020462,75718524611,30279711502,
GPU,2,0.000,0.000,0.042,10954013,6748455,53249702004,12709578038,
GPU,2,0.000,0.000,0.042,10954013,6748455,53249702004,12709578038,
GPU,2,0.000,0.000,0.042,10954013,6748455,53249702004,12709578038,
GPU,2,0.000,0.000,0.042,10954013,6748455,53249702004,12709578038,
GPU,2,0.000,0.000,0.042,10954013,6748455,53249702004,12709578038,
GPU,2,0.000,0.000,0.042,10954013,6748455,53249702004,12709578038,
GPU,2,0.000,0.000,0.042,10954013,6748455,53249702004,12709578038,
GPU,2,0.000,0.000,0.000,5253711,3315449,0,0,
GPU,2,0.000,0.000,0.000,5253711,3315449,0,0,
GPU,2,0.000,0.000,0.000,5253711,3315449,0,0,
GPU,2,0.000,0.000,0.000,10595809,6772579,0,0,
GPU,2,0.000,0.000,0.000,10595809,6772579,0,0,
GPU,2,0.000,0.000,0.000,10595809,6772579,0,0,
GPU,2,0.000,0.000,0.000,10853666,7009659,0,0,
GPU,2,0.000,0.000,0.000,10853666,7009659,0,0,
GPU,2,0.000,0.000,0.000,10853666,7009659,0,0,
GPU,2,0.000,0.000,0.000,10853666,7009659,0,0,
GPU,2,0.131,0.123,0.181,12785893,10863831,72085471714,35011926710,
GPU,2,0.131,0.123,0.181,12785893,10863831,72085471714,35011926710,
GPU,2,0.131,0.123,0.181,12785893,10863831,72085471714,35011926710,
GPU,2,0.131,0.123,0.181,12785893,10863831,72085471714,35011926710,
GPU,2,0.000,0.000,0.133,10001733,6639806,117497294699,89009255805,
GPU,2,0.000,0.000,0.133,10001733,6639806,117497294699,89009255805,
GPU,2,0.000,0.000,0.133,10001733,6639806,117497294699,89009255805,
GPU,2,0.000,0.000,0.133,10001733,6639806,117497294699,89009255805,
GPU,2,0.000,0.000,0.078,9943359,6280016,30274976967,91214771667,
GPU,2,0.000,0.000,0.078,9943359,6280016,30274976967,91214771667,
GPU,2,0.000,0.000,0.078,9943359,6280016,30274976967,91214771667,
GPU,2,0.000,0.000,0.078,9943359,6280016,30274976967,91214771667,
GPU,2,0.000,0.000,0.056,10194243,6224803,30275365791,56110388768,
GPU,2,0.000,0.000,0.056,10194243,6224803,30275365791,56110388768,
GPU,2,0.000,0.000,0.056,10194243,6224803,30275365791,56110388768,
GPU,2,0.000,0.000,0.056,10194243,6224803,30275365791,56110388768,
GPU,2,0.000,0.000,0.056,10194243,6224803,30275365791,56110388768,
GPU,2,0.000,0.000,0.010,8808375,5420538,15242371485,0,
GPU,2,0.000,0.000,0.010,8808375,5420538,15242371485,0,
GPU,2,0.000,0.000,0.010,8808375,5420538,15242371485,0,
GPU,2,0.000,0.000,0.000,9671983,6154898,0,0,
GPU,2,0.000,0.000,0.000,9671983,6154898,0,0,
GPU,2,0.000,0.000,0.000,9671983,6154898,0,0,
GPU,2,0.000,0.000,0.000,10655493,6770677,0,0,
GPU,2,0.000,0.000,0.000,10655493,6770677,0,0,
GPU,2,0.000,0.000,0.000,10655493,6770677,0,0,
GPU,2,0.000,0.000,0.000,10655493,6770677,0,0,
GPU,2,0.000,0.000,0.000,13698710,8162930,0,0,
GPU,2,0.000,0.000,0.000,13698710,8162930,0,0,
GPU,2,0.000,0.000,0.000,13698710,8162930,0,0,
GPU,2,0.000,0.000,0.000,9990858,6385909,0,0,
GPU,2,0.000,0.000,0.000,9990858,6385909,0,0,
GPU,2,0.000,0.000,0.000,9990858,6385909,0,0,
GPU,2,0.000,0.000,0.000,10513574,6750821,0,0,
GPU,2,0.000,0.000,0.000,10513574,6750821,0,0,
GPU,2,0.000,0.000,0.000,10513574,6750821,0,0,
GPU,2,0.000,0.000,0.000,10513574,6750821,0,0,
GPU,2,0.147,0.138,0.165,10700206,10137037,29995198399,29715678970,
GPU,2,0.147,0.138,0.165,10700206,10137037,29995198399,29715678970,
GPU,2,0.147,0.138,0.165,10700206,10137037,29995198399,29715678970,
GPU,2,0.147,0.138,0.165,10700206,10137037,29995198399,29715678970,
GPU,2,0.147,0.138,0.165,10700206,10137037,29995198399,29715678970,
GPU,2,0.000,0.000,0.129,8487510,6052568,136449909776,64768645781,
GPU,2,0.000,0.000,0.129,8487510,6052568,136449909776,64768645781,
GPU,2,0.000,0.000,0.129,8487510,6052568,136449909776,64768645781,
GPU,2,0.000,0.000,0.129,8487510,6052568,136449909776,64768645781,
GPU,2,0.000,0.000,0.068,9771258,6281523,75449788707,30275937184,
GPU,2,0.000,0.000,0.068,9771258,6281523,75449788707,30275937184,
GPU,2,0.000,0.000,0.068,9771258,6281523,75449788707,30275937184,
GPU,2,0.000,0.000,0.068,9771258,6281523,75449788707,30275937184,
GPU,2,0.000,0.000,0.019,9684324,5986673,0,30274946763,
GPU,2,0.000,0.000,0.019,9684324,5986673,0,30274946763,
GPU,2,0.000,0.000,0.019,9684324,5986673,0,30274946763,
GPU,2,0.000,0.000,0.019,9684324,5986673,0,30274946763,
GPU,2,0.000,0.000,0.042,11669182,6936227,0,65681142641,
GPU,2,0.000,0.000,0.042,11669182,6936227,0,65681142641,
GPU,2,0.000,0.000,0.042,11669182,6936227,0,65681142641,
GPU,2,0.000,0.000,0.042,11669182,6936227,0,65681142641,
GPU,2,0.000,0.000,0.024,10762877,6644906,0,37656096819,
GPU,2,0.000,0.000,0.024,10762877,6644906,0,37656096819,
GPU,2,0.000,0.000,0.024,10762877,6644906,0,37656096819,
GPU,2,0.000,0.000,0.000,10641185,6732178,0,0,
GPU,2,0.000,0.000,0.000,10641185,6732178,0,0,
GPU,2,0.000,0.000,0.000,10641185,6732178,0,0,
GPU,2,0.000,0.000,0.000,10858807,6899867,0,0,
GPU,2,0.000,0.000,0.000,10858807,6899867,0,0,
GPU,2,0.000,0.000,0.000,10858807,6899867,0,0,
GPU,2,0.000,0.000,0.000,12783461,7789921,0,0,
GPU,2,0.000,0.000,0.000,12783461,7789921,0,0,
GPU,2,0.000,0.000,0.000,12783461,7789921,0,0,
GPU,2,0.000,0.000,0.000,12783461,7789921,0,0,
GPU,2,0.000,0.000,0.000,9360675,5983112,0,0,
GPU,2,0.000,0.000,0.000,9360675,5983112,0,0,
GPU,2,0.000,0.000,0.000,9360675,5983112,0,0,
GPU,2,0.000,0.000,0.000,9360675,5983112,0,0,
GPU,2,0.148,0.139,0.154,10158969,9688646,0,42342150903,
GPU,2,0.148,0.139,0.154,10158969,9688646,0,42342150903,
GPU,2,0.148,0.139,0.154,10158969,9688646,0,42342150903,
GPU,2,0.148,0.139,0.154,10158969,9688646,0,42342150903,
GPU,2,0.148,0.139,0.154,10158969,9688646,0,42342150903,
GPU,2,0.148,0.139,0.154,10158969,9688646,0,42342150903,
GPU,2,0.148,0.139,0.154,10158969,9688646,0,42342150903,
GPU,2,0.148,0.139,0.154,10158969,9688646,0,42342150903,
GPU,2,0.148,0.139,0.154,10158969,9688646,0,42342150903,
GPU,2,0.000,0.000,0.088,10059207,6385409,45973146290,91383277661,
GPU,2,0.000,0.000,0.088,10059207,6385409,45973146290,91383277661,
GPU,2,0.000,0.000,0.088,10059207,6385409,45973146290,91383277661,
GPU,2,0.000,0.000,0.088,10059207,6385409,45973146290,91383277661,
GPU,2,0.000,0.000,0.098,20710884,10684767,92647838347,60407957087,
GPU,2,0.000,0.000,0.098,20710884,10684767,92647838347,60407957087,
GPU,2,0.000,0.000,0.098,20710884,10684767,92647838347,60407957087,
GPU,2,0.000,0.000,0.006,10874266,6722273,8720231696,0,
GPU,2,0.000,0.000,0.006,10874266,6722273,8720231696,0,
GPU,2,0.000,0.000,0.006,10874266,6722273,8720231696,0,
GPU,2,0.000,0.000,0.006,10874266,6722273,8720231696,0,
GPU,2,0.000,0.000,0.000,8951771,5680931,0,0,
GPU,2,0.000,0.000,0.000,8951771,5680931,0,0,
GPU,2,0.000,0.000,0.000,8951771,5680931,0,0,
GPU,2,0.000,0.000,0.000,10565082,6752939,0,0,
GPU,2,0.000,0.000,0.000,10565082,6752939,0,0,
GPU,2,0.000,0.000,0.000,10565082,6752939,0,0,
GPU,2,0.000,0.000,0.000,10565082,6752939,0,0,
GPU,2,0.000,0.000,0.000,10624537,6751008,0,0,
GPU,2,0.000,0.000,0.000,10624537,6751008,0,0,
GPU,2,0.000,0.000,0.000,10624537,6751008,0,0,
GPU,2,0.000,0.000,0.000,10742732,6897965,0,0,
GPU,2,0.000,0.000,0.000,10742732,6897965,0,0,
GPU,2,0.000,0.000,0.000,10742732,6897965,0,0,
GPU,2,0.000,0.000,0.000,9061561,5799399,0,0,
GPU,2,0.000,0.000,0.000,9061561,5799399,0,0,
GPU,2,0.000,0.000,0.000,9061561,5799399,0,0,
GPU,2,0.000,0.000,0.000,9061561,5799399,0,0,
GPU,2,0.000,0.000,0.000,9061561,5799399,0,0,
GPU,2,0.148,0.139,0.191,10757825,10474724,49273100718,49681373156,
GPU,2,0.148,0.139,0.191,10757825,10474724,49273100718,49681373156,
GPU,2,0.148,0.139,0.191,10757825,10474724,49273100718,49681373156,
GPU,2,0.000,0.000,0.099,10008179,6586579,94023625078,60395446064,
GPU,2,0.000,0.000,0.099,10008179,6586579,94023625078,60395446064,
GPU,2,0.000,0.000,0.099,10008179,6586579,94023625078,60395446064,
GPU,2,0.000,0.000,0.099,10008179,6586579,94023625078,60395446064,
GPU,2,0.000,0.000,0.058,10006366,6310321,59176274882,30274259523,
GPU,2,0.000,0.000,0.058,10006366,6310321,59176274882,30274259523,
GPU,2,0.000,0.000,0.058,10006366,6310321,59176274882,30274259523,
GPU,2,0.000,0.000,0.058,10006366,6310321,59176274882,30274259523,
GPU,2,0.000,0.000,0.058,10006366,6310321,59176274882,30274259523,
GPU,2,0.000,0.000,0.039,8341242,5133072,30266304856,30267017783,
GPU,2,0.000,0.000,0.039,8341242,5133072,30266304856,30267017783,
GPU,2,0.000,0.000,0.039,8341242,5133072,30266304856,30267017783,
GPU,2,0.000,0.000,0.039,8341242,5133072,30266304856,30267017783,
GPU,2,0.000,0.000,0.067,9886896,6179310,30275613793,74065299310,
GPU,2,0.000,0.000,0.067,9886896,6179310,30275613793,74065299310,
GPU,2,0.000,0.000,0.067,9886896,6179310,30275613793,74065299310,
GPU,2,0.000,0.000,0.026,11110705,6822362,9791656006,30584746537,
GPU,2,0.000,0.000,0.026,11110705,6822362,9791656006,30584746537,
GPU,2,0.000,0.000,0.026,11110705,6822362,9791656006,30584746537,
GPU,2,0.000,0.000,0.026,11110705,6822362,9791656006,30584746537,
GPU,2,0.000,0.000,0.000,10778215,6801786,0,0,
GPU,2,0.000,0.000,0.000,10778215,6801786,0,0,
GPU,2,0.000,0.000,0.000,10778215,6801786,0,0,
GPU,2,0.000,0.000,0.000,10778215,6801786,0,0,
GPU,2,0.000,0.000,0.000,10547494,6811923,0,0,
GPU,2,0.000,0.000,0.000,10547494,6811923,0,0,
GPU,2,0.000,0.000,0.000,10547494,6811923,0,0,
GPU,2,0.000,0.000,0.000,7291821,4676276,0,0,
GPU,2,0.000,0.000,0.000,7291821,4676276,0,0,
GPU,2,0.000,0.000,0.000,7291821,4676276,0,0,
GPU,2,0.000,0.000,0.000,10846691,6892168,0,0,
GPU,2,0.000,0.000,0.000,10846691,6892168,0,0,
GPU,2,0.000,0.000,0.000,10846691,6892168,0,0,
GPU,2,0.000,0.000,0.000,10846691,6892168,0,0,
GPU,2,0.136,0.127,0.158,10714710,10801118,0,64429987146,
GPU,2,0.136,0.127,0.158,10714710,10801118,0,64429987146,
GPU,2,0.136,0.127,0.158,10714710,10801118,0,64429987146,
GPU,2,0.136,0.127,0.158,10714710,10801118,0,64429987146,
GPU,2,0.136,0.127,0.158,10714710,10801118,0,64429987146,
GPU,2,0.000,0.000,0.110,9551373,6225448,123302827035,47662125500,
GPU,2,0.000,0.000,0.110,9551373,6225448,123302827035,47662125500,
GPU,2,0.000,0.000,0.110,9551373,6225448,123302827035,47662125500,
GPU,2,0.000,0.000,0.071,9929537,6414657,80159517912,30275665493,
GPU,2,0.000,0.000,0.071,9929537,6414657,80159517912,30275665493,
GPU,2,0.000,0.000,0.071,9929537,6414657,80159517912,30275665493,
GPU,2,0.000,0.000,0.071,9929537,6414657,80159517912,30275665493,
GPU,2,0.000,0.000,0.071,9929537,6414657,80159517912,30275665493,
GPU,2,0.000,0.000,0.039,8624939,5307655,30272897325,30263000760,
GPU,2,0.000,0.000,0.039,8624939,5307655,30272897325,30263000760,
GPU,2,0.000,0.000,0.039,8624939,5307655,30272897325,30263000760,
GPU,2,0.000,0.000,0.039,8624939,5307655,30272897325,30263000760,
GPU,2,0.000,0.000,0.073,10440064,6467296,30276274837,82564915492,
GPU,2,0.000,0.000,0.073,10440064,6467296,30276274837,82564915492,
GPU,2,0.000,0.000,0.073,10440064,6467296,30276274837,82564915492,
GPU,2,0.000,0.000,0.016,11319597,7012139,4936421179,19280588894,
GPU,2,0.000,0.000,0.016,11319597,7012139,4936421179,19280588894,
GPU,2,0.000,0.000,0.016,11319597,7012139,4936421179,19280588894,
GPU,2,0.000,0.000,0.000,10992246,6954278,0,0,
GPU,2,0.000,0.000,0.000,10992246,6954278,0,0,
GPU,2,0.000,0.000,0.000,10992246,6954278,0,0,
GPU,2,0.000,0.000,0.000,11052043,7042968,0,0,
GPU,2,0.000,0.000,0.000,11052043,7042968,0,0,
GPU,2,0.000,0.000,0.000,11052043,7042968,0,0,
GPU,2,0.000,0.000,0.000,11052043,7042968,0,0,
GPU,2,0.000,0.000,0.000,10558079,6818759,0,0,
GPU,2,0.000,0.000,0.000,10558079,6818759,0,0,
GPU,2,0.000,0.000,0.000,10558079,6818759,0,0,
GPU,2,0.000,0.000,0.000,10012058,6361829,0,0,
GPU,2,0.000,0.000,0.000,10012058,6361829,0,0,
GPU,2,0.000,0.000,0.000,10012058,6361829,0,0,
GPU,2,0.000,0.000,0.000,10012058,6361829,0,0,
GPU,2,0.146,0.138,0.148,10425817,9681116,0,35467881848,
GPU,2,0.146,0.138,0.148,10425817,9681116,0,35467881848,
GPU,2,0.146,0.138,0.148,10425817,9681116,0,35467881848,
GPU,2,0.146,0.138,0.148,10425817,9681116,0,35467881848,
GPU,2,0.000,0.000,0.060,9737436,5973385,0,93265235202,
GPU,2,0.000,0.000,0.060,9737436,5973385,0,93265235202,
GPU,2,0.000,0.000,0.060,9737436,5973385,0,93265235202,
GPU,2,0.000,0.000,0.060,9737436,5973385,0,93265235202,
GPU,2,0.000,0.000,0.092,9773131,6054152,50393968550,91772977399,
GPU,2,0.000,0.000,0.092,9773131,6054152,50393968550,91772977399,
GPU,2,0.000,0.000,0.092,9773131,6054152,50393968550,91772977399,
GPU,2,0.000,0.000,0.092,9773131,6054152,50393968550,91772977399,
GPU,2,0.000,0.000,0.085,9980028,6128087,82343397258,49359248214,
GPU,2,0.000,0.000,0.085,9980028,6128087,82343397258,49359248214,
GPU,2,0.000,0.000,0.085,9980028,6128087,82343397258,49359248214,
GPU,2,0.000,0.000,0.085,9980028,6128087,82343397258,49359248214,
GPU,2,0.000,0.000,0.046,8681497,5435372,72267401920,0,
GPU,2,0.000,0.000,0.046,8681497,5435372,72267401920,0,
GPU,2,0.000,0.000,0.046,8681497,5435372,72267401920,0,
GPU,2,0.000,0.000,0.046,8681497,5435372,72267401920,0,
GPU,2,0.000,0.000,0.042,10978278,6725431,65787515299,0,
GPU,2,0.000,0.000,0.042,10978278,6725431,65787515299,0,
GPU,2,0.000,0.000,0.042,10978278,6725431,65787515299,0,
GPU,2,0.000,0.000,0.000,10243208,6647188,0,0,
GPU,2,0.000,0.000,0.000,10243208,6647188,0,0,
GPU,2,0.000,0.000,0.000,10243208,6647188,0,0,
GPU,2,0.000,0.000,0.000,10860803,6901135,0,0,
GPU,2,0.000,0.000,0.000,10860803,6901135,0,0,
GPU,2,0.000,0.000,0.000,10860803,6901135,0,0,
GPU,2,0.000,0.000,0.000,9670099,6112232,0,0,
GPU,2,0.000,0.000,0.000,9670099,6112232,0,0,
GPU,2,0.000,0.000,0.000,9670099,6112232,0,0,
GPU,2,0.000,0.000,0.000,9670099,6112232,0,0,
GPU,2,0.000,0.000,0.000,10734615,6861300,0,0,
GPU,2,0.000,0.000,0.000,10734615,6861300,0,0,
GPU,2,0.000,0.000,0.000,10734615,6861300,0,0,
GPU,2,0.000,0.000,0.000,10734615,6861300,0,0,
GPU,2,0.149,0.140,0.166,10819660,10250204,39606778896,19172269281,
GPU,2,0.149,0.140,0.166,10819660,10250204,39606778896,19172269281,
GPU,2,0.149,0.140,0.166,10819660,10250204,39606778896,19172269281,
GPU,2,0.149,0.140,0.166,10819660,10250204,39606778896,19172269281,
GPU,2,0.000,0.000,0.155,10601220,8101745,151737027241,88768068670,
GPU,2,0.000,0.000,0.155,10601220,8101745,151737027241,88768068670,
GPU,2,0.000,0.000,0.155,10601220,8101745,151737027241,88768068670,
GPU,2,0.000,0.000,0.070,10285144,6513925,30275556174,79313836198,
GPU,2,0.000,0.000,0.070,10285144,6513925,30275556174,79313836198,
GPU,2,0.000,0.000,0.070,10285144,6513925,30275556174,79313836198,
GPU,2,0.000,0.000,0.070,10285144,6513925,30275556174,79313836198,
GPU,2,0.000,0.000,0.039,9851620,6069302,30259000874,30059186691,
GPU,2,0.000,0.000,0.039,9851620,6069302,30259000874,30059186691,
GPU,2,0.000,0.000,0.039,9851620,6069302,30259000874,30059186691,
GPU,2,0.000,0.000,0.039,9851620,6069302,30259000874,30059186691,
GPU,2,0.000,0.000,0.036,10256114,6375422,25008032801,30275641728,
GPU,2,0.000,0.000,0.036,10256114,6375422,25008032801,30275641728,
GPU,2,0.000,0.000,0.036,10256114,6375422,25008032801,30275641728,
GPU,2,0.000,0.000,0.036,10256114,6375422,25008032801,30275641728,
GPU,2,0.000,0.000,0.017,12223966,7200418,0,26709819466,
GPU,2,0.000,0.000,0.017,12223966,7200418,0,26709819466,
GPU,2,0.000,0.000,0.017,12223966,7200418,0,26709819466,
GPU,2,0.000,0.000,0.017,12223966,7200418,0,26709819466,
GPU,2,0.000,0.000,0.000,10294671,6551154,0,0,
GPU,2,0.000,0.000,0.000,10294671,6551154,0,0,
GPU,2,0.000,0.000,0.000,10294671,6551154,0,0,
GPU,2,0.000,0.000,0.000,8782218,5639108,0,0,
GPU,2,0.000,0.000,0.000,8782218,5639108,0,0,
GPU,2,0.000,0.000,0.000,8782218,5639108,0,0,
GPU,2,0.000,0.000,0.000,10863415,7015955,0,0,
GPU,2,0.000,0.000,0.000,10863415,7015955,0,0,
GPU,2,0.000,0.000,0.000,10863415,7015955,0,0,
GPU,2,0.000,0.000,0.000,10863415,7015955,0,0,
GPU,2,0.000,0.000,0.000,10863415,7015955,0,0,
GPU,2,0.000,0.000,0.000,7535582,4747416,0,0,
GPU,2,0.000,0.000,0.000,7535582,4747416,0,0,
GPU,2,0.000,0.000,0.000,7535582,4747416,0,0,
GPU,2,0.000,0.000,0.000,7535582,4747416,0,0,
GPU,2,0.144,0.136,0.147,10295891,9652398,0,35461220913,
GPU,2,0.144,0.136,0.147,10295891,9652398,0,35461220913,
GPU,2,0.144,0.136,0.147,10295891,9652398,0,35461220913,
GPU,2,0.144,0.136,0.147,10295891,9652398,0,35461220913,
GPU,2,0.000,0.000,0.084,9608304,6099184,37261711427,93025999864,
GPU,2,0.000,0.000,0.084,9608304,6099184,37261711427,93025999864,
GPU,2,0.000,0.000,0.084,9608304,6099184,37261711427,93025999864,
GPU,2,0.000,0.000,0.084,9608304,6099184,37261711427,93025999864,
GPU,2,0.000,0.000,0.084,9608304,6099184,37261711427,93025999864,
GPU,2,0.000,0.000,0.119,13474573,7866237,90455381407,93922386911,
GPU,2,0.000,0.000,0.119,13474573,7866237,90455381407,93922386911,
GPU,2,0.000,0.000,0.119,13474573,7866237,90455381407,93922386911,
GPU,2,0.000,0.000,0.043,9782226,6059786,35429038279,30909444068,
GPU,2,0.000,0.000,0.043,9782226,6059786,35429038279,30909444068,
GPU,2,0.000,0.000,0.043,9782226,6059786,35429038279,30909444068,
GPU,2,0.000,0.000,0.043,9782226,6059786,35429038279,30909444068,
GPU,2,0.000,0.000,0.031,8896714,5745794,48545401626,0,
GPU,2,0.000,0.000,0.031,8896714,5745794,48545401626,0,
GPU,2,0.000,0.000,0.031,8896714,5745794,48545401626,0,
GPU,2,0.000,0.000,0.031,8896714,5745794,48545401626,0,
GPU,2,0.000,0.000,0.033,10783897,6606351,50980323638,0,
GPU,2,0.000,0.000,0.033,10783897,6606351,50980323638,0,
GPU,2,0.000,0.000,0.033,10783897,6606351,50980323638,0,
GPU,2,0.000,0.000,0.000,10966776,6959685,0,0,
GPU,2,0.000,0.000,0.000,10966776,6959685,0,0,
GPU,2,0.000,0.000,0.000,10966776,6959685,0,0,
GPU,2,0.000,0.000,0.000,10640996,6801461,0,0,
GPU,2,0.000,0.000,0.000,10640996,6801461,0,0,
GPU,2,0.000,0.000,0.000,10640996,6801461,0,0,
GPU,2,0.000,0.000,0.000,10505000,6745315,0,0,
GPU,2,0.000,0.000,0.000,10505000,6745315,0,0,
GPU,2,0.000,0.000,0.000,10505000,6745315,0,0,
GPU,2,0.000,0.000,0.000,10864567,7016700,0,0,
GPU,2,0.000,0.000,0.000,10864567,7016700,0,0,
GPU,2,0.000,0.000,0.000,10864567,7016700,0,0,
GPU,2,0.000,0.000,0.000,10864567,7016700,0,0,
GPU,2,0.000,0.000,0.000,10864567,7016700,0,0,
GPU,2,0.135,0.127,0.127,10280573,9595202,0,17765924180,
GPU,2,0.135,0.127,0.127,10280573,9595202,0,17765924180,
GPU,2,0.135,0.127,0.127,10280573,9595202,0,17765924180,
GPU,2,0.135,0.127,0.127,10280573,9595202,0,17765924180,
GPU,2,0.000,0.000,0.060,9681271,6029563,0,93605389984,
GPU,2,0.000,0.000,0.060,9681271,6029563,0,93605389984,
GPU,2,0.000,0.000,0.060,9681271,6029563,0,93605389984,
GPU,2,0.000,0.000,0.065,9792080,6065890,25054690504,76420130633,
GPU,2,0.000,0.000,0.065,9792080,6065890,25054690504,76420130633,
GPU,2,0.000,0.000,0.065,9792080,6065890,25054690504,76420130633,
GPU,2,0.000,0.000,0.065,9792080,6065890,25054690504,76420130633,
GPU,2,0.000,0.000,0.065,9792080,6065890,25054690504,76420130633,
GPU,2,0.000,0.000,0.078,11969994,7036415,90564907394,30270181672,
GPU,2,0.000,0.000,0.078,11969994,7036415,90564907394,30270181672,
GPU,2,0.000,0.000,0.078,11969994,7036415,90564907394,30270181672,
GPU,2,0.000,0.000,0.078,11969994,7036415,90564907394,30270181672,
GPU,2,0.000,0.000,0.078,9772750,6107969,90800801125,30276584663,
GPU,2,0.000,0.000,0.078,9772750,6107969,90800801125,30276584663,
GPU,2,0.000,0.000,0.078,9772750,6107969,90800801125,30276584663,
GPU,2,0.000,0.000,0.056,10330626,6421740,64795772353,21683892133,
GPU,2,0.000,0.000,0.056,10330626,6421740,64795772353,21683892133,
GPU,2,0.000,0.000,0.056,10330626,6421740,64795772353,21683892133,
GPU,2,0.000,0.000,0.000,10874564,6810333,0,0,
GPU,2,0.000,0.000,0.000,10874564,6810333,0,0,
GPU,2,0.000,0.000,0.000,10874564,6810333,0,0,
GPU,2,0.000,0.000,0.000,10874564,6810333,0,0,
GPU,2,0.000,0.000,0.000,9221375,5934548,0,0,
GPU,2,0.000,0.000,0.000,9221375,5934548,0,0,
GPU,2,0.000,0.000,0.000,9221375,5934548,0,0,
GPU,2,0.000,0.000,0.000,10657144,6811783,0,0,
GPU,2,0.000,0.000,0.000,10657144,6811783,0,0,
GPU,2,0.000,0.000,0.000,10657144,6811783,0,0,
GPU,2,0.000,0.000,0.000,10598292,6734331,0,0,
GPU,2,0.000,0.000,0.000,10598292,6734331,0,0,
GPU,2,0.000,0.000,0.000,10598292,6734331,0,0,
GPU,2,0.000,0.000,0.000,10598292,6734331,0,0,
GPU,2,0.161,0.151,0.142,11493663,10672687,3361386551,3134527810,
GPU,2,0.161,0.151,0.142,11493663,10672687,3361386551,3134527810,
GPU,2,0.161,0.151,0.142,11493663,10672687,3361386551,3134527810,
GPU,2,0.161,0.151,0.142,11493663,10672687,3361386551,3134527810,
GPU,2,0.000,0.000,0.121,10021182,6843734,93237863064,93931412436,
GPU,2,0.000,0.000,0.121,10021182,6843734,93237863064,93931412436,
GPU,2,0.000,0.000,0.121,10021182,6843734,93237863064,93931412436,
GPU,2,0.000,0.000,0.121,10021182,6843734,93237863064,93931412436,
GPU,2,0.000,0.000,0.114,9864735,6519303,93572527248,83390589900,
GPU,2,0.000,0.000,0.114,9864735,6519303,93572527248,83390589900,
GPU,2,0.000,0.000,0.114,9864735,6519303,93572527248,83390589900,
GPU,2,0.000,0.000,0.114,9864735,6519303,93572527248,83390589900,
GPU,2,0.000,0.000,0.069,9706810,6000573,77454358688,30276762668,
GPU,2,0.000,0.000,0.069,9706810,6000573,77454358688,30276762668,
GPU,2,0.000,0.000,0.069,9706810,6000573,77454358688,30276762668,
GPU,2,0.000,0.000,0.069,9706810,6000573,77454358688,30276762668,
GPU,2,0.000,0.000,0.019,12674246,7341789,0,30257305563,
GPU,2,0.000,0.000,0.019,12674246,7341789,0,30257305563,
GPU,2,0.000,0.000,0.019,12674246,7341789,0,30257305563,
GPU,2,0.000,0.000,0.019,12674246,7341789,0,30257305563,
GPU,2,0.000,0.000,0.015,10129558,6240531,0,23108595993,
GPU,2,0.000,0.000,0.015,10129558,6240531,0,23108595993,
GPU,2,0.000,0.000,0.015,10129558,6240531,0,23108595993,
GPU,2,0.000,0.000,0.000,10499882,6749924,0,0,
GPU,2,0.000,0.000,0.000,10499882,6749924,0,0,
GPU,2,0.000,0.000,0.000,10499882,6749924,0,0,
GPU,2,0.000,0.000,0.000,10845389,6891341,0,0,
GPU,2,0.000,0.000,0.000,10845389,6891341,0,0,
GPU,2,0.000,0.000,0.000,10845389,6891341,0,0,
GPU,2,0.000,0.000,0.000,10845389,6891341,0,0,
GPU,2,0.000,0.000,0.000,9140943,5792281,0,0,
GPU,2,0.000,0.000,0.000,9140943,5792281,0,0,
GPU,2,0.000,0.000,0.000,9140943,5792281,0,0,
GPU,2,0.000,0.000,0.000,10642351,6873185,0,0,
GPU,2,0.000,0.000,0.000,10642351,6873185,0,0,
GPU,2,0.000,0.000,0.000,10642351,6873185,0,0,
GPU,2,0.000,0.000,0.000,10642351,6873185,0,0,
GPU,2,0.136,0.128,0.117,11618170,10048147,0,0,
GPU,2,0.136,0.128,0.117,11618170,10048147,0,0,
GPU,2,0.136,0.128,0.117,11618170,10048147,0,0,
GPU,2,0.136,0.128,0.117,11618170,10048147,0,0,
GPU,2,0.023,0.021,0.131,10541136,7735834,86175073718,86040177456,
GPU,2,0.023,0.021,0.131,10541136,7735834,86175073718,86040177456,
GPU,2,0.023,0.021,0.131,10541136,7735834,86175073718,86040177456,
GPU,2,0.023,0.021,0.131,10541136,7735834,86175073718,86040177456,
GPU,2,0.000,0.000,0.081,10369132,6598538,33017369368,92981446965,
GPU,2,0.000,0.000,0.081,10369132,6598538,33017369368,92981446965,
GPU,2,0.000,0.000,0.081,10369132,6598538,33017369368,92981446965,
GPU,2,0.000,0.000,0.081,10369132,6598538,33017369368,92981446965,
GPU,2,0.000,0.000,0.096,10098847,6234940,60525288283,89346489278,
GPU,2,0.000,0.000,0.096,10098847,6234940,60525288283,89346489278,
GPU,2,0.000,0.000,0.096,10098847,6234940,60525288283,89346489278,
GPU,2,0.000,0.000,0.096,10098847,6234940,60525288283,89346489278,
GPU,2,0.000,0.000,0.041,9884843,6144632,60552223811,2773850803,
GPU,2,0.000,0.000,0.041,9884843,6144632,60552223811,2773850803,
GPU,2,0.000,0.000,0.041,9884843,6144632,60552223811,2773850803,
GPU,2,0.000,0.000,0.041,9884843,6144632,60552223811,2773850803,
GPU,2,0.000,0.000,0.041,9884843,6144632,60552223811,2773850803,
GPU,2,0.000,0.000,0.041,9884843,6144632,60552223811,2773850803,
GPU,2,0.000,0.000,0.041,9884843,6144632,60552223811,2773850803,
GPU,2,0.000,0.000,0.011,5254727,3226587,17402237292,0,
GPU,2,0.000,0.000,0.011,5254727,3226587,17402237292,0,
GPU,2,0.000,0.000,0.011,5254727,3226587,17402237292,0,
GPU,2,0.000,0.000,0.000,10204766,6552534,0,0,
GPU,2,0.000,0.000,0.000,10204766,6552534,0,0,
GPU,2,0.000,0.000,0.000,10204766,6552534,0,0,
GPU,2,0.000,0.000,0.000,10852439,7008867,0,0,
GPU,2,0.000,0.000,0.000,10852439,7008867,0,0,
GPU,2,0.000,0.000,0.000,10852439,7008867,0,0,
GPU,2,0.000,0.000,0.000,10852439,7008867,0,0,
GPU,2,0.000,0.000,0.000,13654142,8059736,0,0,
GPU,2,0.000,0.000,0.000,13654142,8059736,0,0,
GPU,2,0.000,0.000,0.000,13654142,8059736,0,0,
GPU,2,0.000,0.000,0.000,13654142,8059736,0,0,
GPU,2,0.000,0.000,0.000,9395242,5969893,0,0,
GPU,2,0.000,0.000,0.000,9395242,5969893,0,0,
GPU,2,0.000,0.000,0.000,9395242,5969893,0,0,
GPU,2,0.000,0.000,0.000,9395242,5969893,0,0,
GPU,2,0.131,0.123,0.162,10760704,9676292,0,77346998837,
GPU,2,0.131,0.123,0.162,10760704,9676292,0,77346998837,
GPU,2,0.131,0.123,0.162,10760704,9676292,0,77346998837,
GPU,2,0.131,0.123,0.162,10760704,9676292,0,77346998837,
GPU,2,0.000,0.000,0.077,10015510,6292931,82266089629,37433702636,
GPU,2,0.000,0.000,0.077,10015510,6292931,82266089629,37433702636,
GPU,2,0.000,0.000,0.077,10015510,6292931,82266089629,37433702636,
GPU,2,0.000,0.000,0.077,10015510,6292931,82266089629,37433702636,
GPU,2,0.000,0.000,0.077,10015510,6292931,82266089629,37433702636,
GPU,2,0.000,0.000,0.072,8377331,5279831,82293899595,30257136571,
GPU,2,0.000,0.000,0.072,8377331,5279831,82293899595,30257136571,
GPU,2,0.000,0.000,0.072,8377331,5279831,82293899595,30257136571,
GPU,2,0.000,0.000,0.035,8926792,5579245,14959607759,39971114952,
GPU,2,0.000,0.000,0.035,8926792,5579245,14959607759,39971114952,
GPU,2,0.000,0.000,0.035,8926792,5579245,14959607759,39971114952,
GPU,2,0.000,0.000,0.035,8926792,5579245,14959607759,39971114952,
GPU,2,0.000,0.000,0.104,10698072,6568992,80787836220,81159086910,
GPU,2,0.000,0.000,0.104,10698072,6568992,80787836220,81159086910,
GPU,2,0.000,0.000,0.104,10698072,6568992,80787836220,81159086910,
GPU,2,0.000,0.000,0.104,10698072,6568992,80787836220,81159086910,
GPU,2,0.000,0.000,0.000,8856198,5535124,0,0,
GPU,2,0.000,0.000,0.000,8856198,5535124,0,0,
GPU,2,0.000,0.000,0.000,8856198,5535124,0,0,
GPU,2,0.000,0.000,0.000,10634725,6797453,0,0,
GPU,2,0.000,0.000,0.000,10634725,6797453,0,0,
GPU,2,0.000,0.000,0.000,10634725,6797453,0,0,
GPU,2,0.000,0.000,0.000,10619909,6858691,0,0,
GPU,2,0.000,0.000,0.000,10619909,6858691,0,0,
GPU,2,0.000,0.000,0.000,10619909,6858691,0,0,
GPU,2,0.000,0.000,0.000,10725903,6887159,0,0,
GPU,2,0.000,0.000,0.000,10725903,6887159,0,0,
GPU,2,0.000,0.000,0.000,10725903,6887159,0,0,
GPU,2,0.000,0.000,0.000,10725903,6887159,0,0,
GPU,2,0.000,0.000,0.000,10725903,6887159,0,0,
GPU,2,0.126,0.118,0.117,9441793,8561626,0,14750267550,
GPU,2,0.126,0.118,0.117,9441793,8561626,0,14750267550,
GPU,2,0.126,0.118,0.117,9441793,8561626,0,14750267550,
GPU,2,0.126,0.118,0.117,9441793,8561626,0,14750267550,
GPU,2,0.000,0.000,0.051,9705328,5959412,0,80039539635,
GPU,2,0.000,0.000,0.051,9705328,5959412,0,80039539635,
GPU,2,0.000,0.000,0.051,9705328,5959412,0,80039539635,
GPU,2,0.000,0.000,0.051,9705328,5959412,0,80039539635,
GPU,2,0.000,0.000,0.030,9616477,5977810,16257698326,30275046972,
GPU,2,0.000,0.000,0.030,9616477,5977810,16257698326,30275046972,
GPU,2,0.000,0.000,0.030,9616477,5977810,16257698326,30275046972,
GPU,2,0.000,0.000,0.030,9616477,5977810,16257698326,30275046972,
GPU,2,0.000,0.000,0.078,10605765,6773429,90610190781,30265185907,
GPU,2,0.000,0.000,0.078,10605765,6773429,90610190781,30265185907,
GPU,2,0.000,0.000,0.078,10605765,6773429,90610190781,30265185907,
GPU,2,0.000,0.000,0.078,10605765,6773429,90610190781,30265185907,
GPU,2,0.000,0.000,0.085,9831323,6264205,90702504594,41067293993,
GPU,2,0.000,0.000,0.085,9831323,6264205,90702504594,41067293993,
GPU,2,0.000,0.000,0.085,9831323,6264205,90702504594,41067293993,
GPU,2,0.000,0.000,0.102,9909686,6125988,80977686313,77490836355,
GPU,2,0.000,0.000,0.102,9909686,6125988,80977686313,77490836355,
GPU,2,0.000,0.000,0.102,9909686,6125988,80977686313,77490836355,
GPU,2,0.000,0.000,0.000,10500605,6711727,0,0,
GPU,2,0.000,0.000,0.000,10500605,6711727,0,0,
GPU,2,0.000,0.000,0.000,10500605,6711727,0,0,
GPU,2,0.000,0.000,0.000,10500605,6711727,0,0,
GPU,2,0.000,0.000,0.000,9025966,5719424,0,0,
GPU,2,0.000,0.000,0.000,9025966,5719424,0,0,
GPU,2,0.000,0.000,0.000,9025966,5719424,0,0,
GPU,2,0.000,0.000,0.000,9025966,5719424,0,0,
GPU,2,0.000,0.000,0.000,10541197,6807856,0,0,
GPU,2,0.000,0.000,0.000,10541197,6807856,0,0,
GPU,2,0.000,0.000,0.000,10541197,6807856,0,0,
GPU,2,0.000,0.000,0.000,10342811,6601794,0,0,
GPU,2,0.000,0.000,0.000,10342811,6601794,0,0,
GPU,2,0.000,0.000,0.000,10342811,6601794,0,0,
GPU,2,0.000,0.000,0.000,10735828,6893531,0,0,
GPU,2,0.000,0.000,0.000,10735828,6893531,0,0,
GPU,2,0.000,0.000,0.000,10735828,6893531,0,0,
GPU,2,0.000,0.000,0.000,10735828,6893531,0,0,
GPU,2,0.000,0.000,0.000,10735828,6893531,0,0,
GPU,2,0.121,0.113,0.153,10372945,9220396,0,76492078623,
GPU,2,0.121,0.113,0.153,10372945,9220396,0,76492078623,
GPU,2,0.121,0.113,0.153,10372945,9220396,0,76492078623,
GPU,2,0.121,0.113,0.153,10372945,9220396,0,76492078623,
GPU,2,0.000,0.000,0.021,9968193,6120820,0,33276527199,
GPU,2,0.000,0.000,0.021,9968193,6120820,0,33276527199,
GPU,2,0.000,0.000,0.021,9968193,6120820,0,33276527199,
GPU,2,0.000,0.000,0.079,9779574,6255403,91657208306,30275452498,
GPU,2,0.000,0.000,0.079,9779574,6255403,91657208306,30275452498,
GPU,2,0.000,0.000,0.079,9779574,6255403,91657208306,30275452498,
GPU,2,0.000,0.000,0.079,9779574,6255403,91657208306,30275452498,
GPU,2,0.000,0.000,0.020,10489451,6455047,739595999,30258302748,
GPU,2,0.000,0.000,0.020,10489451,6455047,739595999,30258302748,
GPU,2,0.000,0.000,0.020,10489451,6455047,739595999,30258302748,
GPU,2,0.000,0.000,0.020,10489451,6455047,739595999,30258302748,
GPU,2,0.000,0.000,0.155,9919404,6144764,160092563738,81374021364,
GPU,2,0.000,0.000,0.155,9919404,6144764,160092563738,81374021364,
GPU,2,0.000,0.000,0.155,9919404,6144764,160092563738,81374021364,
GPU,2,0.000,0.000,0.028,11200420,6900258,27341778441,16152283835,
GPU,2,0.000,0.000,0.028,11200420,6900258,27341778441,16152283835,
GPU,2,0.000,0.000,0.028,11200420,6900258,27341778441,16152283835,
GPU,2,0.000,0.000,0.000,10936123,6990099,0,0,
GPU,2,0.000,0.000,0.000,10936123,6990099,0,0,
GPU,2,0.000,0.000,0.000,10936123,6990099,0,0,
GPU,2,0.000,0.000,0.000,11096008,7101445,0,0,
GPU,2,0.000,0.000,0.000,11096008,7101445,0,0,
GPU,2,0.000,0.000,0.000,11096008,7101445,0,0,
GPU,2,0.000,0.000,0.000,11096008,7101445,0,0,
GPU,2,0.000,0.000,0.000,10445621,6676582,0,0,
GPU,2,0.000,0.000,0.000,10445621,6676582,0,0,
GPU,2,0.000,0.000,0.000,10445621,6676582,0,0,
GPU,2,0.000,0.000,0.000,8764671,5569218,0,0,
GPU,2,0.000,0.000,0.000,8764671,5569218,0,0,
GPU,2,0.000,0.000,0.000,8764671,5569218,0,0,
GPU,2,0.000,0.000,0.000,8764671,5569218,0,0,
GPU,2,0.147,0.138,0.198,10624045,10153954,55806037724,55509375367,
GPU,2,0.147,0.138,0.198,10624045,10153954,55806037724,55509375367,
GPU,2,0.147,0.138,0.198,10624045,10153954,55806037724,55509375367,
GPU,2,0.147,0.138,0.198,10624045,10153954,55806037724,55509375367,
GPU,2,0.147,0.138,0.198,10624045,10153954,55806037724,55509375367,
GPU,2,0.147,0.138,0.198,10624045,10153954,55806037724,55509375367,
GPU,2,0.147,0.138,0.198,10624045,10153954,55806037724,55509375367,
GPU,2,0.000,0.000,0.086,6631876,4294411,49668744224,84743906623,
GPU,2,0.000,0.000,0.086,6631876,4294411,49668744224,84743906623,
GPU,2,0.000,0.000,0.086,6631876,4294411,49668744224,84743906623,
GPU,2,0.000,0.000,0.086,6631876,4294411,49668744224,84743906623,
GPU,2,0.000,0.000,0.058,9885369,6178355,60356322885,30147530312,
GPU,2,0.000,0.000,0.058,9885369,6178355,60356322885,30147530312,
GPU,2,0.000,0.000,0.058,9885369,6178355,60356322885,30147530312,
GPU,2,0.000,0.000,0.056,10116602,6288699,57328350982,30198979795,
GPU,2,0.000,0.000,0.056,10116602,6288699,57328350982,30198979795,
GPU,2,0.000,0.000,0.056,10116602,6288699,57328350982,30198979795,
GPU,2,0.000,0.000,0.056,10116602,6288699,57328350982,30198979795,
GPU,2,0.000,0.000,0.035,9370157,5804522,27000562313,26821425424,
GPU,2,0.000,0.000,0.035,9370157,5804522,27000562313,26821425424,
GPU,2,0.000,0.000,0.035,9370157,5804522,27000562313,26821425424,
GPU,2,0.000,0.000,0.000,10402096,6514444,0,0,
GPU,2,0.000,0.000,0.000,10402096,6514444,0,0,
GPU,2,0.000,0.000,0.000,10402096,6514444,0,0,
GPU,2,0.000,0.000,0.000,10496512,6739866,0,0,
GPU,2,0.000,0.000,0.000,10496512,6739866,0,0,
GPU,2,0.000,0.000,0.000,10496512,6739866,0,0,
GPU,2,0.000,0.000,0.000,10847993,6892996,0,0,
GPU,2,0.000,0.000,0.000,10847993,6892996,0,0,
GPU,2,0.000,0.000,0.000,10847993,6892996,0,0,
GPU,2,0.000,0.000,0.000,10847993,6892996,0,0,
GPU,2,0.000,0.000,0.000,10847993,6892996,0,0,
GPU,2,0.000,0.000,0.000,10847993,6892996,0,0,
GPU,2,0.000,0.000,0.000,10847993,6892996,0,0,
GPU,2,0.000,0.000,0.000,10847993,6892996,0,0,
GPU,2,0.036,0.034,0.031,5568379,4283368,0,0,
GPU,2,0.036,0.034,0.031,5568379,4283368,0,0,
GPU,2,0.036,0.034,0.031,5568379,4283368,0,0,
GPU,2,0.036,0.034,0.031,5568379,4283368,0,0,
GPU,2,0.067,0.063,0.113,10756580,8522521,0,86769364430,
GPU,2,0.067,0.063,0.113,10756580,8522521,0,86769364430,
GPU,2,0.067,0.063,0.113,10756580,8522521,0,86769364430,
GPU,2,0.067,0.063,0.113,10756580,8522521,0,86769364430,
GPU,2,0.000,0.000,0.077,10994689,6818411,89370287705,30141111827,
GPU,2,0.000,0.000,0.077,10994689,6818411,89370287705,30141111827,
GPU,2,0.000,0.000,0.077,10994689,6818411,89370287705,30141111827,
GPU,2,0.000,0.000,0.077,10994689,6818411,89370287705,30141111827,
GPU,2,0.000,0.000,0.077,10994689,6818411,89370287705,30141111827,
GPU,2,0.000,0.000,0.019,9016851,5555024,0,30275844197,
GPU,2,0.000,0.000,0.019,9016851,5555024,0,30275844197,
GPU,2,0.000,0.000,0.019,9016851,5555024,0,30275844197,
GPU,2,0.000,0.000,0.019,9016851,5555024,0,30275844197,
GPU,2,0.000,0.000,0.028,9982786,6150109,10039535622,33428585753,
GPU,2,0.000,0.000,0.028,9982786,6150109,10039535622,33428585753,
GPU,2,0.000,0.000,0.028,9982786,6150109,10039535622,33428585753,
GPU,2,0.000,0.000,0.169,10137852,6259022,174945426395,87477727027,
GPU,2,0.000,0.000,0.169,10137852,6259022,174945426395,87477727027,
GPU,2,0.000,0.000,0.169,10137852,6259022,174945426395,87477727027,
GPU,2,0.000,0.000,0.000,10740774,6778158,0,0,
GPU,2,0.000,0.000,0.000,10740774,6778158,0,0,
GPU,2,0.000,0.000,0.000,10740774,6778158,0,0,
GPU,2,0.000,0.000,0.000,10740774,6778158,0,0,
GPU,2,0.000,0.000,0.000,10673782,6822417,0,0,
GPU,2,0.000,0.000,0.000,10673782,6822417,0,0,
GPU,2,0.000,0.000,0.000,10673782,6822417,0,0,
GPU,2,0.000,0.000,0.000,10127278,6604747,0,0,
GPU,2,0.000,0.000,0.000,10127278,6604747,0,0,
GPU,2,0.000,0.000,0.000,10127278,6604747,0,0,
GPU,2,0.000,0.000,0.000,10757177,6907240,0,0,
GPU,2,0.000,0.000,0.000,10757177,6907240,0,0,
GPU,2,0.000,0.000,0.000,10757177,6907240,0,0,
GPU,2,0.000,0.000,0.000,10757177,6907240,0,0,
GPU,2,0.000,0.000,0.000,10757177,6907240,0,0,
GPU,2,0.119,0.112,0.102,9357210,8074367,0,0,
GPU,2,0.119,0.112,0.102,9357210,8074367,0,0,
GPU,2,0.119,0.112,0.102,9357210,8074367,0,0,
GPU,2,0.119,0.112,0.102,9357210,8074367,0,0,
GPU,2,0.119,0.112,0.102,9357210,8074367,0,0,
GPU,2,0.000,0.000,0.060,8351247,5803409,0,92984885479,
GPU,2,0.000,0.000,0.060,8351247,5803409,0,92984885479,
GPU,2,0.000,0.000,0.060,8351247,5803409,0,92984885479,
GPU,2,0.000,0.000,0.065,9944556,6072340,24496237789,76954619708,
GPU,2,0.000,0.000,0.065,9944556,6072340,24496237789,76954619708,
GPU,2,0.000,0.000,0.065,9944556,6072340,24496237789,76954619708,
GPU,2,0.000,0.000,0.065,9944556,6072340,24496237789,76954619708,
GPU,2,0.000,0.000,0.065,9944556,6072340,24496237789,76954619708,
GPU,2,0.000,0.000,0.078,9397468,5832911,90582645569,30260017721,
GPU,2,0.000,0.000,0.078,9397468,5832911,90582645569,30260017721,
GPU,2,0.000,0.000,0.078,9397468,5832911,90582645569,30260017721,
GPU,2,0.000,0.000,0.078,9397468,5832911,90582645569,30260017721,
GPU,2,0.000,0.000,0.078,9924129,6113972,90751675250,30274383895,
GPU,2,0.000,0.000,0.078,9924129,6113972,90751675250,30274383895,
GPU,2,0.000,0.000,0.078,9924129,6113972,90751675250,30274383895,
GPU,2,0.000,0.000,0.058,10049257,6327310,67465723191,22542313888,
GPU,2,0.000,0.000,0.058,10049257,6327310,67465723191,22542313888,
GPU,2,0.000,0.000,0.058,10049257,6327310,67465723191,22542313888,
GPU,2,0.000,0.000,0.058,10049257,6327310,67465723191,22542313888,
GPU,2,0.000,0.000,0.000,10862781,6912679,0,0,
GPU,2,0.000,0.000,0.000,10862781,6912679,0,0,
GPU,2,0.000,0.000,0.000,10862781,6912679,0,0,
GPU,2,0.000,0.000,0.000,10862781,6912679,0,0,
GPU,2,0.000,0.000,0.000,12164961,6970933,0,0,
GPU,2,0.000,0.000,0.000,12164961,6970933,0,0,
GPU,2,0.000,0.000,0.000,12164961,6970933,0,0,
GPU,2,0.000,0.000,0.000,10600121,6735493,0,0,
GPU,2,0.000,0.000,0.000,10600121,6735493,0,0,
GPU,2,0.000,0.000,0.000,10600121,6735493,0,0,
GPU,2,0.000,0.000,0.000,10857195,7011938,0,0,
GPU,2,0.000,0.000,0.000,10857195,7011938,0,0,
GPU,2,0.000,0.000,0.000,10857195,7011938,0,0,
GPU,2,0.000,0.000,0.000,10857195,7011938,0,0,
GPU,2,0.146,0.137,0.198,11293041,10919717,75588186055,36906820740,
GPU,2,0.146,0.137,0.198,11293041,10919717,75588186055,36906820740,
GPU,2,0.146,0.137,0.198,11293041,10919717,75588186055,36906820740,
GPU,2,0.146,0.137,0.198,11293041,10919717,75588186055,36906820740,
GPU,2,0.146,0.137,0.198,11293041,10919717,75588186055,36906820740,
GPU,2,0.000,0.000,0.153,10294502,7365172,147927962023,90741986190,
GPU,2,0.000,0.000,0.153,10294502,7365172,147927962023,90741986190,
GPU,2,0.000,0.000,0.153,10294502,7365172,147927962023,90741986190,
GPU,2,0.000,0.000,0.092,10061407,6386806,49727139005,93980139656,
GPU,2,0.000,0.000,0.092,10061407,6386806,49727139005,93980139656,
GPU,2,0.000,0.000,0.092,10061407,6386806,49727139005,93980139656,
GPU,2,0.000,0.000,0.092,10061407,6386806,49727139005,93980139656,
GPU,2,0.000,0.000,0.092,10061407,6386806,49727139005,93980139656,
GPU,2,0.000,0.000,0.034,10182186,6307549,0,53336240250,
GPU,2,0.000,0.000,0.034,10182186,6307549,0,53336240250,
GPU,2,0.000,0.000,0.034,10182186,6307549,0,53336240250,
GPU,2,0.000,0.000,0.034,10182186,6307549,0,53336240250,
GPU,2,0.000,0.000,0.034,10182186,6307549,0,53336240250,
GPU,2,0.000,0.000,0.000,9078014,5394182,0,0,
GPU,2,0.000,0.000,0.000,9078014,5394182,0,0,
GPU,2,0.000,0.000,0.000,9078014,5394182,0,0,
GPU,2,0.000,0.000,0.000,7544945,4794184,0,0,
GPU,2,0.000,0.000,0.000,7544945,4794184,0,0,
GPU,2,0.000,0.000,0.000,7544945,4794184,0,0,
GPU,2,0.000,0.000,0.000,7544945,4794184,0,0,
GPU,2,0.000,0.000,0.000,10835061,6884778,0,0,
GPU,2,0.000,0.000,0.000,10835061,6884778,0,0,
GPU,2,0.000,0.000,0.000,10835061,6884778,0,0,
GPU,2,0.000,0.000,0.000,9118107,5835589,0,0,
GPU,2,0.000,0.000,0.000,9118107,5835589,0,0,
GPU,2,0.000,0.000,0.000,9118107,5835589,0,0,
GPU,2,0.000,0.000,0.000,10599975,6735400,0,0,
GPU,2,0.000,0.000,0.000,10599975,6735400,0,0,
GPU,2,0.000,0.000,0.000,10599975,6735400,0,0,
GPU,2,0.000,0.000,0.000,10599975,6735400,0,0,
GPU,2,0.000,0.000,0.000,10680685,6897942,0,0,
GPU,2,0.000,0.000,0.000,10680685,6897942,0,0,
GPU,2,0.000,0.000,0.000,10680685,6897942,0,0,
GPU,2,0.000,0.000,0.000,10680685,6897942,0,0,
GPU,2,0.146,0.137,0.199,10585449,10306885,57778500626,57506430196,
GPU,2,0.146,0.137,0.199,10585449,10306885,57778500626,57506430196,
GPU,2,0.146,0.137,0.199,10585449,10306885,57778500626,57506430196,
GPU,2,0.146,0.137,0.199,10585449,10306885,57778500626,57506430196,
GPU,2,0.000,0.000,0.120,10342598,6951582,93259958460,93890199963,
GPU,2,0.000,0.000,0.120,10342598,6951582,93259958460,93890199963,
GPU,2,0.000,0.000,0.120,10342598,6951582,93259958460,93890199963,
GPU,2,0.000,0.000,0.120,10342598,6951582,93259958460,93890199963,
GPU,2,0.000,0.000,0.092,8640704,5317356,48933828450,93944137752,
GPU,2,0.000,0.000,0.092,8640704,5317356,48933828450,93944137752,
GPU,2,0.000,0.000,0.092,8640704,5317356,48933828450,93944137752,
GPU,2,0.000,0.000,0.092,8640704,5317356,48933828450,93944137752,
GPU,2,0.000,0.000,0.028,10101600,6360267,29996515883,13734339011,
GPU,2,0.000,0.000,0.028,10101600,6360267,29996515883,13734339011,
GPU,2,0.000,0.000,0.028,10101600,6360267,29996515883,13734339011,
GPU,2,0.000,0.000,0.028,10101600,6360267,29996515883,13734339011,
GPU,2,0.000,0.000,0.019,8883825,5514098,30279146463,0,
GPU,2,0.000,0.000,0.019,8883825,5514098,30279146463,0,
GPU,2,0.000,0.000,0.019,8883825,5514098,30279146463,0,
GPU,2,0.000,0.000,0.019,8883825,5514098,30279146463,0,
GPU,2,0.000,0.000,0.003,10931359,6819563,4486470562,0,
GPU,2,0.000,0.000,0.003,10931359,6819563,4486470562,0,
GPU,2,0.000,0.000,0.003,10931359,6819563,4486470562,0,
GPU,2,0.000,0.000,0.000,10580625,6723105,0,0,
GPU,2,0.000,0.000,0.000,10580625,6723105,0,0,
GPU,2,0.000,0.000,0.000,10580625,6723105,0,0,
GPU,2,0.000,0.000,0.000,11777436,8354933,0,0,
GPU,2,0.000,0.000,0.000,11777436,8354933,0,0,
GPU,2,0.000,0.000,0.000,11777436,8354933,0,0,
GPU,2,0.000,0.000,0.000,11777436,8354933,0,0,
GPU,2,0.000,0.000,0.000,11906312,8036760,0,0,
GPU,2,0.000,0.000,0.000,11906312,8036760,0,0,
GPU,2,0.000,0.000,0.000,11906312,8036760,0,0,
GPU,2,0.000,0.000,0.000,10748890,6870424,0,0,
GPU,2,0.000,0.000,0.000,10748890,6870424,0,0,
GPU,2,0.000,0.000,0.000,10748890,6870424,0,0,
GPU,2,0.000,0.000,0.000,10748890,6870424,0,0,
GPU,2,0.138,0.130,0.156,9842314,9139291,0,58520299773,
GPU,2,0.138,0.130,0.156,9842314,9139291,0,58520299773,
GPU,2,0.138,0.130,0.156,9842314,9139291,0,58520299773,
GPU,2,0.138,0.130,0.156,9842314,9139291,0,58520299773,
GPU,2,0.000,0.000,0.059,10142123,6227619,0,91242221036,
GPU,2,0.000,0.000,0.059,10142123,6227619,0,91242221036,
GPU,2,0.000,0.000,0.059,10142123,6227619,0,91242221036,
GPU,2,0.000,0.000,0.059,10142123,6227619,0,91242221036,
GPU,2,0.000,0.000,0.059,10142123,6227619,0,91242221036,
GPU,2,0.000,0.000,0.031,10928192,6358221,0,48373837327,
GPU,2,0.000,0.000,0.031,10928192,6358221,0,48373837327,
GPU,2,0.000,0.000,0.031,10928192,6358221,0,48373837327,
GPU,2,0.000,0.000,0.031,10928192,6358221,0,48373837327,
GPU,2,0.000,0.000,0.019,9871767,6136503,0,30276587347,
GPU,2,0.000,0.000,0.019,9871767,6136503,0,30276587347,
GPU,2,0.000,0.000,0.019,9871767,6136503,0,30276587347,
GPU,2,0.000,0.000,0.019,9871767,6136503,0,30276587347,
GPU,2,0.000,0.000,0.019,9871767,6136503,0,30276587347,
GPU,2,0.000,0.000,0.172,9891426,6093825,237438352459,30277426352,
GPU,2,0.000,0.000,0.172,9891426,6093825,237438352459,30277426352,
GPU,2,0.000,0.000,0.172,9891426,6093825,237438352459,30277426352,
GPU,2,0.000,0.000,0.172,9891426,6093825,237438352459,30277426352,
GPU,2,0.000,0.000,0.021,12137163,6973839,30659975021,2720742563,
GPU,2,0.000,0.000,0.021,12137163,6973839,30659975021,2720742563,
GPU,2,0.000,0.000,0.021,12137163,6973839,30659975021,2720742563,
GPU,2,0.000,0.000,0.000,10545467,6700765,0,0,
GPU,2,0.000,0.000,0.000,10545467,6700765,0,0,
GPU,2,0.000,0.000,0.000,10545467,6700765,0,0,
GPU,2,0.000,0.000,0.000,10824982,6991134,0,0,
GPU,2,0.000,0.000,0.000,10824982,6991134,0,0,
GPU,2,0.000,0.000,0.000,10824982,6991134,0,0,
GPU,2,0.000,0.000,0.000,13380520,7950744,0,0,
GPU,2,0.000,0.000,0.000,13380520,7950744,0,0,
GPU,2,0.000,0.000,0.000,13380520,7950744,0,0,
GPU,2,0.000,0.000,0.000,13380520,7950744,0,0,
GPU,2,0.000,0.000,0.000,13380520,7950744,0,0,
GPU,2,0.116,0.109,0.154,8533887,8311264,56824385119,27596201028,
GPU,2,0.116,0.109,0.154,8533887,8311264,56824385119,27596201028,
GPU,2,0.116,0.109,0.154,8533887,8311264,56824385119,27596201028,
GPU,2,0.116,0.109,0.154,8533887,8311264,56824385119,27596201028,
GPU,2,0.000,0.000,0.139,9806977,6256175,124831289332,90622817075,
GPU,2,0.000,0.000,0.139,9806977,6256175,124831289332,90622817075,
GPU,2,0.000,0.000,0.139,9806977,6256175,124831289332,90622817075,
GPU,2,0.000,0.000,0.139,9806977,6256175,124831289332,90622817075,
GPU,2,0.000,0.000,0.139,9806977,6256175,124831289332,90622817075,
GPU,2,0.000,0.000,0.139,9806977,6256175,124831289332,90622817075,
GPU,2,0.000,0.000,0.139,9806977,6256175,124831289332,90622817075,
GPU,2,0.000,0.000,0.139,9806977,6256175,124831289332,90622817075,
GPU,2,0.000,0.000,0.057,16240831,8404788,30280302461,58228120100,
GPU,2,0.000,0.000,0.057,16240831,8404788,30280302461,58228120100,
GPU,2,0.000,0.000,0.057,16240831,8404788,30280302461,58228120100,
GPU,2,0.000,0.000,0.057,16240831,8404788,30280302461,58228120100,
GPU,2,0.000,0.000,0.034,15780717,8607663,22543146247,30255143178,
GPU,2,0.000,0.000,0.034,15780717,8607663,22543146247,30255143178,
GPU,2,0.000,0.000,0.034,15780717,8607663,22543146247,30255143178,
GPU,2,0.000,0.000,0.013,10804306,6679026,0,20734468808,
GPU,2,0.000,0.000,0.013,10804306,6679026,0,20734468808,
GPU,2,0.000,0.000,0.013,10804306,6679026,0,20734468808,
GPU,2,0.000,0.000,0.013,10804306,6679026,0,20734468808,
GPU,2,0.000,0.000,0.013,10804306,6679026,0,20734468808,
GPU,2,0.000,0.000,0.000,9452673,5907920,0,0,
GPU,2,0.000,0.000,0.000,9452673,5907920,0,0,
GPU,2,0.000,0.000,0.000,9452673,5907920,0,0,
GPU,2,0.000,0.000,0.000,10585114,6765742,0,0,
GPU,2,0.000,0.000,0.000,10585114,6765742,0,0,
GPU,2,0.000,0.000,0.000,10585114,6765742,0,0,
GPU,2,0.000,0.000,0.000,10628580,6753577,0,0,
GPU,2,0.000,0.000,0.000,10628580,6753577,0,0,
GPU,2,0.000,0.000,0.000,10628580,6753577,0,0,
GPU,2,0.000,0.000,0.000,10855814,6897965,0,0,
GPU,2,0.000,0.000,0.000,10855814,6897965,0,0,
GPU,2,0.000,0.000,0.000,10855814,6897965,0,0,
GPU,2,0.000,0.000,0.000,10855814,6897965,0,0,
GPU,2,0.128,0.121,0.145,13574568,10876009,26867389859,26710479914,
GPU,2,0.128,0.121,0.145,13574568,10876009,26867389859,26710479914,
GPU,2,0.128,0.121,0.145,13574568,10876009,26867389859,26710479914,
GPU,2,0.128,0.121,0.145,13574568,10876009,26867389859,26710479914,
GPU,2,0.128,0.121,0.145,13574568,10876009,26867389859,26710479914,
GPU,2,0.000,0.000,0.116,10204515,6973085,90827070666,89647096496,
GPU,2,0.000,0.000,0.116,10204515,6973085,90827070666,89647096496,
GPU,2,0.000,0.000,0.116,10204515,6973085,90827070666,89647096496,
GPU,2,0.000,0.000,0.120,9947612,6314571,93467810822,93838802718,
GPU,2,0.000,0.000,0.120,9947612,6314571,93467810822,93838802718,
GPU,2,0.000,0.000,0.120,9947612,6314571,93467810822,93838802718,
GPU,2,0.000,0.000,0.120,9947612,6314571,93467810822,93838802718,
GPU,2,0.000,0.000,0.077,10179991,6340170,59700471605,60727922422,
GPU,2,0.000,0.000,0.077,10179991,6340170,59700471605,60727922422,
GPU,2,0.000,0.000,0.077,10179991,6340170,59700471605,60727922422,
GPU,2,0.000,0.000,0.077,10179991,6340170,59700471605,60727922422,
GPU,2,0.000,0.000,0.077,10179991,6340170,59700471605,60727922422,
GPU,2,0.000,0.000,0.000,7563258,4727036,0,0,
GPU,2,0.000,0.000,0.000,7563258,4727036,0,0,
GPU,2,0.000,0.000,0.000,7563258,4727036,0,0,
GPU,2,0.000,0.000,0.000,9730712,6219630,0,0,
GPU,2,0.000,0.000,0.000,9730712,6219630,0,0,
GPU,2,0.000,0.000,0.000,9730712,6219630,0,0,
GPU,2,0.000,0.000,0.000,10648401,6877092,0,0,
GPU,2,0.000,0.000,0.000,10648401,6877092,0,0,
GPU,2,0.000,0.000,0.000,10648401,6877092,0,0,
GPU,2,0.000,0.000,0.000,10648401,6877092,0,0,
GPU,2,0.000,0.000,0.000,9011469,5734571,0,0,
GPU,2,0.000,0.000,0.000,9011469,5734571,0,0,
GPU,2,0.000,0.000,0.000,9011469,5734571,0,0,
GPU,2,0.000,0.000,0.000,9011469,5734571,0,0,
GPU,2,0.000,0.000,0.000,9011469,5734571,0,0,
GPU,2,0.000,0.000,0.000,10072065,6504875,0,0,
GPU,2,0.000,0.000,0.000,10072065,6504875,0,0,
GPU,2,0.000,0.000,0.000,10072065,6504875,0,0,
GPU,2,0.000,0.000,0.000,7016005,4458086,0,0,
GPU,2,0.000,0.000,0.000,7016005,4458086,0,0,
GPU,2,0.000,0.000,0.000,7016005,4458086,0,0,
GPU,2,0.000,0.000,0.000,7016005,4458086,0,0,
GPU,2,0.136,0.128,0.160,9729401,8947574,0,66799760022,
GPU,2,0.136,0.128,0.160,9729401,8947574,0,66799760022,
GPU,2,0.136,0.128,0.160,9729401,8947574,0,66799760022,
GPU,2,0.136,0.128,0.160,9729401,8947574,0,66799760022,
GPU,2,0.136,0.128,0.160,9729401,8947574,0,66799760022,
GPU,2,0.000,0.000,0.060,8722475,5378859,0,93178485923,
GPU,2,0.000,0.000,0.060,8722475,5378859,0,93178485923,
GPU,2,0.000,0.000,0.060,8722475,5378859,0,93178485923,
GPU,2,0.000,0.000,0.060,8722475,5378859,0,93178485923,
GPU,2,0.000,0.000,0.142,9691652,5931960,132102224485,89015054437,
GPU,2,0.000,0.000,0.142,9691652,5931960,132102224485,89015054437,
GPU,2,0.000,0.000,0.142,9691652,5931960,132102224485,89015054437,
GPU,2,0.000,0.000,0.142,9691652,5931960,132102224485,89015054437,
GPU,2,0.000,0.000,0.048,10463369,6504256,72485082628,2773921112,
GPU,2,0.000,0.000,0.048,10463369,6504256,72485082628,2773921112,
GPU,2,0.000,0.000,0.048,10463369,6504256,72485082628,2773921112,
GPU,2,0.000,0.000,0.039,10736391,6663967,60478423092,0,
GPU,2,0.000,0.000,0.039,10736391,6663967,60478423092,0,
GPU,2,0.000,0.000,0.039,10736391,6663967,60478423092,0,
GPU,2,0.000,0.000,0.039,10736391,6663967,60478423092,0,
GPU,2,0.000,0.000,0.009,11102706,6901682,14223785797,0,
GPU,2,0.000,0.000,0.009,11102706,6901682,14223785797,0,
GPU,2,0.000,0.000,0.009,11102706,6901682,14223785797,0,
GPU,2,0.000,0.000,0.000,10756450,6805101,0,0,
GPU,2,0.000,0.000,0.000,10756450,6805101,0,0,
GPU,2,0.000,0.000,0.000,10756450,6805101,0,0,
GPU,2,0.000,0.000,0.000,10867565,6905432,0,0,
GPU,2,0.000,0.000,0.000,10867565,6905432,0,0,
GPU,2,0.000,0.000,0.000,10867565,6905432,0,0,
GPU,2,0.000,0.000,0.000,10957195,7051660,0,0,
GPU,2,0.000,0.000,0.000,10957195,7051660,0,0,
GPU,2,0.000,0.000,0.000,10957195,7051660,0,0,
GPU,2,0.000,0.000,0.000,10856996,6868712,0,0,
GPU,2,0.000,0.000,0.000,10856996,6868712,0,0,
GPU,2,0.000,0.000,0.000,10856996,6868712,0,0,
GPU,2,0.000,0.000,0.000,10856996,6868712,0,0,
GPU,2,0.145,0.136,0.210,10710308,10710308,100339561777,32245835040,
GPU,2,0.145,0.136,0.210,10710308,10710308,100339561777,32245835040,
GPU,2,0.145,0.136,0.210,10710308,10710308,100339561777,32245835040,
GPU,2,0.145,0.136,0.210,10710308,10710308,100339561777,32245835040,
GPU,2,0.000,0.000,0.173,10902247,8219948,178154973068,90331053018,
GPU,2,0.000,0.000,0.173,10902247,8219948,178154973068,90331053018,
GPU,2,0.000,0.000,0.173,10902247,8219948,178154973068,90331053018,
GPU,2,0.000,0.000,0.173,10902247,8219948,178154973068,90331053018,
GPU,2,0.000,0.000,0.173,10902247,8219948,178154973068,90331053018,
GPU,2,0.000,0.000,0.173,10902247,8219948,178154973068,90331053018,
GPU,2,0.000,0.000,0.041,8133513,4962821,0,63095568785,
GPU,2,0.000,0.000,0.041,8133513,4962821,0,63095568785,
GPU,2,0.000,0.000,0.041,8133513,4962821,0,63095568785,
GPU,2,0.000,0.000,0.019,9256293,5785183,0,30043239083,
GPU,2,0.000,0.000,0.019,9256293,5785183,0,30043239083,
GPU,2,0.000,0.000,0.019,9256293,5785183,0,30043239083,
GPU,2,0.000,0.000,0.019,9256293,5785183,0,30043239083,
GPU,2,0.000,0.000,0.019,10016525,6136249,0,30276813662,
GPU,2,0.000,0.000,0.019,10016525,6136249,0,30276813662,
GPU,2,0.000,0.000,0.019,10016525,6136249,0,30276813662,
GPU,2,0.000,0.000,0.019,10016525,6136249,0,30276813662,
GPU,2,0.000,0.000,0.008,10889893,6818020,0,13075885987,
GPU,2,0.000,0.000,0.008,10889893,6818020,0,13075885987,
GPU,2,0.000,0.000,0.008,10889893,6818020,0,13075885987,
GPU,2,0.000,0.000,0.000,10505229,6646165,0,0,
GPU,2,0.000,0.000,0.000,10505229,6646165,0,0,
GPU,2,0.000,0.000,0.000,10505229,6646165,0,0,
GPU,2,0.000,0.000,0.000,10383513,6627774,0,0,
GPU,2,0.000,0.000,0.000,10383513,6627774,0,0,
GPU,2,0.000,0.000,0.000,10383513,6627774,0,0,
GPU,2,0.000,0.000,0.000,10394452,6778990,0,0,
GPU,2,0.000,0.000,0.000,10394452,6778990,0,0,
GPU,2,0.000,0.000,0.000,10394452,6778990,0,0,
GPU,2,0.000,0.000,0.000,11233887,6980279,0,0,
GPU,2,0.000,0.000,0.000,11233887,6980279,0,0,
GPU,2,0.000,0.000,0.000,11233887,6980279,0,0,
GPU,2,0.000,0.000,0.000,11233887,6980279,0,0,
GPU,2,0.150,0.141,0.147,10815725,10241439,14317502572,14135026082,
GPU,2,0.150,0.141,0.147,10815725,10241439,14317502572,14135026082,
GPU,2,0.150,0.141,0.147,10815725,10241439,14317502572,14135026082,
GPU,2,0.150,0.141,0.147,10815725,10241439,14317502572,14135026082,
GPU,2,0.000,0.000,0.110,10045990,6783190,89073726944,81261611651,
GPU,2,0.000,0.000,0.110,10045990,6783190,89073726944,81261611651,
GPU,2,0.000,0.000,0.110,10045990,6783190,89073726944,81261611651,
GPU,2,0.000,0.000,0.110,10045990,6783190,89073726944,81261611651,
GPU,2,0.000,0.000,0.072,9985437,6387081,81878316531,30275223632,
GPU,2,0.000,0.000,0.072,9985437,6387081,81878316531,30275223632,
GPU,2,0.000,0.000,0.072,9985437,6387081,81878316531,30275223632,
GPU,2,0.000,0.000,0.072,9985437,6387081,81878316531,30275223632,
GPU,2,0.000,0.000,0.072,9985437,6387081,81878316531,30275223632,
GPU,2,0.000,0.000,0.019,8691251,5348462,0,30262153591,
GPU,2,0.000,0.000,0.019,8691251,5348462,0,30262153591,
GPU,2,0.000,0.000,0.019,8691251,5348462,0,30262153591,
GPU,2,0.000,0.000,0.019,8691251,5348462,0,30262153591,
GPU,2,0.000,0.000,0.051,8790225,5445272,29300457500,49372906365,
GPU,2,0.000,0.000,0.051,8790225,5445272,29300457500,49372906365,
GPU,2,0.000,0.000,0.051,8790225,5445272,29300457500,49372906365,
GPU,2,0.000,0.000,0.078,10219804,6275318,60235268409,60333961798,
GPU,2,0.000,0.000,0.078,10219804,6275318,60235268409,60333961798,
GPU,2,0.000,0.000,0.078,10219804,6275318,60235268409,60333961798,
GPU,2,0.000,0.000,0.000,10800183,6920505,0,0,
GPU,2,0.000,0.000,0.000,10800183,6920505,0,0,
GPU,2,0.000,0.000,0.000,10800183,6920505,0,0,
GPU,2,0.000,0.000,0.000,10675618,6823590,0,0,
GPU,2,0.000,0.000,0.000,10675618,6823590,0,0,
GPU,2,0.000,0.000,0.000,10675618,6823590,0,0,
GPU,2,0.000,0.000,0.000,10563670,6712332,0,0,
GPU,2,0.000,0.000,0.000,10563670,6712332,0,0,
GPU,2,0.000,0.000,0.000,10563670,6712332,0,0,
GPU,2,0.000,0.000,0.000,10855737,6897916,0,0,
GPU,2,0.000,0.000,0.000,10855737,6897916,0,0,
GPU,2,0.000,0.000,0.000,10855737,6897916,0,0,
GPU,2,0.000,0.000,0.000,10855737,6897916,0,0,
GPU,2,0.000,0.000,0.000,10855737,6897916,0,0,
GPU,2,0.132,0.124,0.140,9999579,9411369,31790515629,10277241502,
GPU,2,0.132,0.124,0.140,9999579,9411369,31790515629,10277241502,
GPU,2,0.132,0.124,0.140,9999579,9411369,31790515629,10277241502,
GPU,2,0.132,0.124,0.140,9999579,9411369,31790515629,10277241502,
GPU,2,0.000,0.000,0.208,10549524,7258073,233558457553,89296344062,
GPU,2,0.000,0.000,0.208,10549524,7258073,233558457553,89296344062,
GPU,2,0.000,0.000,0.208,10549524,7258073,233558457553,89296344062,
GPU,2,0.000,0.000,0.208,10549524,7258073,233558457553,89296344062,
GPU,2,0.000,0.000,0.060,9798602,6016685,0,93997421420,
GPU,2,0.000,0.000,0.060,9798602,6016685,0,93997421420,
GPU,2,0.000,0.000,0.060,9798602,6016685,0,93997421420,
GPU,2,0.000,0.000,0.060,9798602,6016685,0,93997421420,
GPU,2,0.000,0.000,0.042,8756993,5463765,0,65248365080,
GPU,2,0.000,0.000,0.042,8756993,5463765,0,65248365080,
GPU,2,0.000,0.000,0.042,8756993,5463765,0,65248365080,
GPU,2,0.000,0.000,0.042,8756993,5463765,0,65248365080,
GPU,2,0.000,0.000,0.000,9009992,5700199,0,0,
GPU,2,0.000,0.000,0.000,9009992,5700199,0,0,
GPU,2,0.000,0.000,0.000,9009992,5700199,0,0,
GPU,2,0.000,0.000,0.000,9312985,5917626,0,0,
GPU,2,0.000,0.000,0.000,9312985,5917626,0,0,
GPU,2,0.000,0.000,0.000,9312985,5917626,0,0,
GPU,2,0.000,0.000,0.000,10442070,6704908,0,0,
GPU,2,0.000,0.000,0.000,10442070,6704908,0,0,
GPU,2,0.000,0.000,0.000,10442070,6704908,0,0,
GPU,2,0.000,0.000,0.000,10442070,6704908,0,0,
GPU,2,0.000,0.000,0.000,10962472,6946517,0,0,
GPU,2,0.000,0.000,0.000,10962472,6946517,0,0,
GPU,2,0.000,0.000,0.000,10962472,6946517,0,0,
GPU,2,0.000,0.000,0.000,10492663,6776511,0,0,
GPU,2,0.000,0.000,0.000,10492663,6776511,0,0,
GPU,2,0.000,0.000,0.000,10492663,6776511,0,0,
GPU,2,0.000,0.000,0.000,10192976,6476787,0,0,
GPU,2,0.000,0.000,0.000,10192976,6476787,0,0,
GPU,2,0.000,0.000,0.000,10192976,6476787,0,0,
GPU,2,0.000,0.000,0.000,10381403,6657639,0,0,
GPU,2,0.000,0.000,0.000,10381403,6657639,0,0,
GPU,2,0.000,0.000,0.000,10381403,6657639,0,0,
GPU,2,0.000,0.000,0.000,10381403,6657639,0,0,
GPU,2,0.000,0.000,0.000,10381403,6657639,0,0,
GPU,2,0.112,0.106,0.194,9372875,8872035,76140344954,75747643365,
GPU,2,0.112,0.106,0.194,9372875,8872035,76140344954,75747643365,
GPU,2,0.112,0.106,0.194,9372875,8872035,76140344954,75747643365,
GPU,2,0.112,0.106,0.194,9372875,8872035,76140344954,75747643365,
GPU,2,0.000,0.000,0.117,10170983,6693724,89798174982,91467802752,
GPU,2,0.000,0.000,0.117,10170983,6693724,89798174982,91467802752,
GPU,2,0.000,0.000,0.117,10170983,6693724,89798174982,91467802752,
GPU,2,0.000,0.000,0.117,10170983,6693724,89798174982,91467802752,
GPU,2,0.000,0.000,0.019,9816819,6102346,0,30276692240,
GPU,2,0.000,0.000,0.019,9816819,6102346,0,30276692240,
GPU,2,0.000,0.000,0.019,9816819,6102346,0,30276692240,
GPU,2,0.000,0.000,0.019,9816819,6102346,0,30276692240,
GPU,2,0.000,0.000,0.019,9816819,6102346,0,30276692240,
GPU,2,0.000,0.000,0.019,10052260,6214124,0,30038712625,
GPU,2,0.000,0.000,0.019,10052260,6214124,0,30038712625,
GPU,2,0.000,0.000,0.019,10052260,6214124,0,30038712625,
GPU,2,0.000,0.000,0.069,12531923,7291300,79640447731,27631599434,
GPU,2,0.000,0.000,0.069,12531923,7291300,79640447731,27631599434,
GPU,2,0.000,0.000,0.069,12531923,7291300,79640447731,27631599434,
GPU,2,0.000,0.000,0.000,10452288,6612672,0,0,
GPU,2,0.000,0.000,0.000,10452288,6612672,0,0,
GPU,2,0.000,0.000,0.000,10452288,6612672,0,0,
GPU,2,0.000,0.000,0.000,10524677,6790114,0,0,
GPU,2,0.000,0.000,0.000,10524677,6790114,0,0,
GPU,2,0.000,0.000,0.000,10524677,6790114,0,0,
GPU,2,0.000,0.000,0.000,10524677,6790114,0,0,
GPU,2,0.000,0.000,0.000,8351075,5291770,0,0,
GPU,2,0.000,0.000,0.000,8351075,5291770,0,0,
GPU,2,0.000,0.000,0.000,8351075,5291770,0,0,
GPU,2,0.000,0.000,0.000,10688926,6832097,0,0,
GPU,2,0.000,0.000,0.000,10688926,6832097,0,0,
GPU,2,0.000,0.000,0.000,10688926,6832097,0,0,
GPU,2,0.000,0.000,0.000,10688926,6832097,0,0,
GPU,2,0.108,0.102,0.093,11456875,9459805,0,0,
GPU,2,0.108,0.102,0.093,11456875,9459805,0,0,
GPU,2,0.108,0.102,0.093,11456875,9459805,0,0,
GPU,2,0.108,0.102,0.093,11456875,9459805,0,0,
GPU,2,0.046,0.043,0.155,10534316,8050616,89021933111,88784985922,
GPU,2,0.046,0.043,0.155,10534316,8050616,89021933111,88784985922,
GPU,2,0.046,0.043,0.155,10534316,8050616,89021933111,88784985922,
GPU,2,0.046,0.043,0.155,10534316,8050616,89021933111,88784985922,
GPU,2,0.000,0.000,0.138,10555674,7037116,120634780626,93810381355,
GPU,2,0.000,0.000,0.138,10555674,7037116,120634780626,93810381355,
GPU,2,0.000,0.000,0.138,10555674,7037116,120634780626,93810381355,
GPU,2,0.000,0.000,0.138,10555674,7037116,120634780626,93810381355,
GPU,2,0.000,0.000,0.077,10119063,6247422,30265056232,89394269530,
GPU,2,0.000,0.000,0.077,10119063,6247422,30265056232,89394269530,
GPU,2,0.000,0.000,0.077,10119063,6247422,30265056232,89394269530,
GPU,2,0.000,0.000,0.077,10119063,6247422,30265056232,89394269530,
GPU,2,0.000,0.000,0.019,9648672,6075089,30004165456,0,
GPU,2,0.000,0.000,0.019,9648672,6075089,30004165456,0,
GPU,2,0.000,0.000,0.019,9648672,6075089,30004165456,0,
GPU,2,0.000,0.000,0.019,9648672,6075089,30004165456,0,
GPU,2,0.000,0.000,0.001,8271010,5179044,1608052157,0,
GPU,2,0.000,0.000,0.001,8271010,5179044,1608052157,0,
GPU,2,0.000,0.000,0.001,8271010,5179044,1608052157,0,
GPU,2,0.000,0.000,0.000,10220948,6532977,0,0,
GPU,2,0.000,0.000,0.000,10220948,6532977,0,0,
GPU,2,0.000,0.000,0.000,10220948,6532977,0,0,
GPU,2,0.000,0.000,0.000,10614038,6744337,0,0,
GPU,2,0.000,0.000,0.000,10614038,6744337,0,0,
GPU,2,0.000,0.000,0.000,10614038,6744337,0,0,
GPU,2,0.000,0.000,0.000,10516124,6784596,0,0,
GPU,2,0.000,0.000,0.000,10516124,6784596,0,0,
GPU,2,0.000,0.000,0.000,10516124,6784596,0,0,
GPU,2,0.000,0.000,0.000,10516124,6784596,0,0,
GPU,2,0.000,0.000,0.000,8818633,5643925,0,0,
GPU,2,0.000,0.000,0.000,8818633,5643925,0,0,
GPU,2,0.000,0.000,0.000,8818633,5643925,0,0,
GPU,2,0.000,0.000,0.000,8818633,5643925,0,0,
GPU,2,0.000,0.000,0.000,10748964,6870472,0,0,
GPU,2,0.000,0.000,0.000,10748964,6870472,0,0,
GPU,2,0.000,0.000,0.000,10748964,6870472,0,0,
GPU,2,0.000,0.000,0.000,10748964,6870472,0,0,
GPU,2,0.132,0.124,0.301,11742902,11827383,219998051649,71209738055,
GPU,2,0.132,0.124,0.301,11742902,11827383,219998051649,71209738055,
GPU,2,0.132,0.124,0.301,11742902,11827383,219998051649,71209738055,
GPU,2,0.132,0.124,0.301,11742902,11827383,219998051649,71209738055,
GPU,2,0.000,0.000,0.090,10244679,6654663,47425405928,92880049143,
GPU,2,0.000,0.000,0.090,10244679,6654663,47425405928,92880049143,
GPU,2,0.000,0.000,0.090,10244679,6654663,47425405928,92880049143,
GPU,2,0.000,0.000,0.090,10244679,6654663,47425405928,92880049143,
GPU,2,0.000,0.000,0.090,10244679,6654663,47425405928,92880049143,
GPU,2,0.000,0.000,0.060,10235568,6278962,0,93932966164,
GPU,2,0.000,0.000,0.060,10235568,6278962,0,93932966164,
GPU,2,0.000,0.000,0.060,10235568,6278962,0,93932966164,
GPU,2,0.000,0.000,0.060,10235568,6278962,0,93932966164,
GPU,2,0.000,0.000,0.007,7747916,4773269,0,10376947788,
GPU,2,0.000,0.000,0.007,7747916,4773269,0,10376947788,
GPU,2,0.000,0.000,0.007,7747916,4773269,0,10376947788,
GPU,2,0.000,0.000,0.000,9115004,5852792,0,0,
GPU,2,0.000,0.000,0.000,9115004,5852792,0,0,
GPU,2,0.000,0.000,0.000,9115004,5852792,0,0,
GPU,2,0.000,0.000,0.000,9115004,5852792,0,0,
GPU,2,0.000,0.000,0.000,9115004,5852792,0,0,
GPU,2,0.000,0.000,0.000,9115004,5852792,0,0,
GPU,2,0.000,0.000,0.000,9115004,5852792,0,0,
GPU,2,0.000,0.000,0.000,5523105,3499789,0,0,
GPU,2,0.000,0.000,0.000,5523105,3499789,0,0,
GPU,2,0.000,0.000,0.000,5523105,3499789,0,0,
GPU,2,0.000,0.000,0.000,10596315,6772902,0,0,
GPU,2,0.000,0.000,0.000,10596315,6772902,0,0,
GPU,2,0.000,0.000,0.000,10596315,6772902,0,0,
GPU,2,0.000,0.000,0.000,10842174,6889298,0,0,
GPU,2,0.000,0.000,0.000,10842174,6889298,0,0,
GPU,2,0.000,0.000,0.000,10842174,6889298,0,0,
GPU,2,0.000,0.000,0.000,10842174,6889298,0,0,
GPU,2,0.000,0.000,0.000,10864183,7016451,0,0,
GPU,2,0.000,0.000,0.000,10864183,7016451,0,0,
GPU,2,0.000,0.000,0.000,10864183,7016451,0,0,
GPU,2,0.000,0.000,0.000,10864183,7016451,0,0,
GPU,2,0.114,0.107,0.166,12163061,10063485,53295954243,53325850577,
GPU,2,0.114,0.107,0.166,12163061,10063485,53295954243,53325850577,
GPU,2,0.114,0.107,0.166,12163061,10063485,53295954243,53325850577,
GPU,2,0.114,0.107,0.166,12163061,10063485,53295954243,53325850577,
GPU,2,0.000,0.000,0.092,9884926,6360735,94047949952,48288857431,
GPU,2,0.000,0.000,0.092,9884926,6360735,94047949952,48288857431,
GPU,2,0.000,0.000,0.092,9884926,6360735,94047949952,48288857431,
GPU,2,0.000,0.000,0.092,9884926,6360735,94047949952,48288857431,
GPU,2,0.000,0.000,0.035,9905151,6179360,24251221105,30274325552,
GPU,2,0.000,0.000,0.035,9905151,6179360,24251221105,30274325552,
GPU,2,0.000,0.000,0.035,9905151,6179360,24251221105,30274325552,
GPU,2,0.000,0.000,0.035,9905151,6179360,24251221105,30274325552,
GPU,2,0.000,0.000,0.035,9905151,6179360,24251221105,30274325552,
GPU,2,0.000,0.000,0.019,8819668,5456235,0,30254488080,
GPU,2,0.000,0.000,0.019,8819668,5456235,0,30254488080,
GPU,2,0.000,0.000,0.019,8819668,5456235,0,30254488080,
GPU,2,0.000,0.000,0.019,8819668,5456235,0,30254488080,
GPU,2,0.000,0.000,0.104,8694470,5356415,79048988879,83358785199,
GPU,2,0.000,0.000,0.104,8694470,5356415,79048988879,83358785199,
GPU,2,0.000,0.000,0.104,8694470,5356415,79048988879,83358785199,
GPU,2,0.000,0.000,0.004,10343881,6582470,3164463802,3724907597,
GPU,2,0.000,0.000,0.004,10343881,6582470,3164463802,3724907597,
GPU,2,0.000,0.000,0.004,10343881,6582470,3164463802,3724907597,
GPU,2,0.000,0.000,0.004,10343881,6582470,3164463802,3724907597,
GPU,2,0.000,0.000,0.000,8903048,5673511,0,0,
GPU,2,0.000,0.000,0.000,8903048,5673511,0,0,
GPU,2,0.000,0.000,0.000,8903048,5673511,0,0,
GPU,2,0.000,0.000,0.000,10591109,6769575,0,0,
GPU,2,0.000,0.000,0.000,10591109,6769575,0,0,
GPU,2,0.000,0.000,0.000,10591109,6769575,0,0,
GPU,2,0.000,0.000,0.000,10633731,6756850,0,0,
GPU,2,0.000,0.000,0.000,10633731,6756850,0,0,
GPU,2,0.000,0.000,0.000,10633731,6756850,0,0,
GPU,2,0.000,0.000,0.000,10738710,6895382,0,0,
GPU,2,0.000,0.000,0.000,10738710,6895382,0,0,
GPU,2,0.000,0.000,0.000,10738710,6895382,0,0,
GPU,2,0.000,0.000,0.000,10738710,6895382,0,0,
GPU,2,0.000,0.000,0.000,10738710,6895382,0,0,
GPU,2,0.109,0.102,0.231,8863306,9209529,143568595416,70469818016,
GPU,2,0.109,0.102,0.231,8863306,9209529,143568595416,70469818016,
GPU,2,0.109,0.102,0.231,8863306,9209529,143568595416,70469818016,
GPU,2,0.109,0.102,0.231,8863306,9209529,143568595416,70469818016,
GPU,2,0.000,0.000,0.079,10049380,6324179,32920647253,89340536472,
GPU,2,0.000,0.000,0.079,10049380,6324179,32920647253,89340536472,
GPU,2,0.000,0.000,0.079,10049380,6324179,32920647253,89340536472,
GPU,2,0.000,0.000,0.079,10049380,6324179,32920647253,89340536472,
GPU,2,0.000,0.000,0.041,9837937,6060872,30275629693,33037811827,
GPU,2,0.000,0.000,0.041,9837937,6060872,30275629693,33037811827,
GPU,2,0.000,0.000,0.041,9837937,6060872,30275629693,33037811827,
GPU,2,0.000,0.000,0.041,9837937,6060872,30275629693,33037811827,
GPU,2,0.000,0.000,0.039,11089512,6671034,30123378944,30091017386,
GPU,2,0.000,0.000,0.039,11089512,6671034,30123378944,30091017386,
GPU,2,0.000,0.000,0.039,11089512,6671034,30123378944,30091017386,
GPU,2,0.000,0.000,0.039,11089512,6671034,30123378944,30091017386,
GPU,2,0.000,0.000,0.019,9893829,6183643,0,30276787045,
GPU,2,0.000,0.000,0.019,9893829,6183643,0,30276787045,
GPU,2,0.000,0.000,0.019,9893829,6183643,0,30276787045,
GPU,2,0.000,0.000,0.002,10790465,6782578,0,3144068776,
GPU,2,0.000,0.000,0.002,10790465,6782578,0,3144068776,
GPU,2,0.000,0.000,0.002,10790465,6782578,0,3144068776,
GPU,2,0.000,0.000,0.000,10627247,6783349,0,0,
GPU,2,0.000,0.000,0.000,10627247,6783349,0,0,
GPU,2,0.000,0.000,0.000,10627247,6783349,0,0,
GPU,2,0.000,0.000,0.000,11175579,7192204,0,0,
GPU,2,0.000,0.000,0.000,11175579,7192204,0,0,
GPU,2,0.000,0.000,0.000,11175579,7192204,0,0,
GPU,2,0.000,0.000,0.000,10178384,6505771,0,0,
GPU,2,0.000,0.000,0.000,10178384,6505771,0,0,
GPU,2,0.000,0.000,0.000,10178384,6505771,0,0,
GPU,2,0.000,0.000,0.000,10178384,6505771,0,0,
GPU,2,0.000,0.000,0.000,10687001,6790698,0,0,
GPU,2,0.000,0.000,0.000,10687001,6790698,0,0,
GPU,2,0.000,0.000,0.000,10687001,6790698,0,0,
GPU,2,0.000,0.000,0.000,10687001,6790698,0,0,
GPU,2,0.152,0.143,0.211,11147731,11050794,84444215902,41040098512,
GPU,2,0.152,0.143,0.211,11147731,11050794,84444215902,41040098512,
GPU,2,0.152,0.143,0.211,11147731,11050794,84444215902,41040098512,
GPU,2,0.152,0.143,0.211,11147731,11050794,84444215902,41040098512,
GPU,2,0.000,0.000,0.127,9243678,6529264,136999534606,60470402806,
GPU,2,0.000,0.000,0.127,9243678,6529264,136999534606,60470402806,
GPU,2,0.000,0.000,0.127,9243678,6529264,136999534606,60470402806,
GPU,2,0.000,0.000,0.127,9243678,6529264,136999534606,60470402806,
GPU,2,0.000,0.000,0.042,9799632,6124770,35625984338,30276084959,
GPU,2,0.000,0.000,0.042,9799632,6124770,35625984338,30276084959,
GPU,2,0.000,0.000,0.042,9799632,6124770,35625984338,30276084959,
GPU,2,0.000,0.000,0.042,9799632,6124770,35625984338,30276084959,
GPU,2,0.000,0.000,0.019,9908060,6159064,0,30275202512,
GPU,2,0.000,0.000,0.019,9908060,6159064,0,30275202512,
GPU,2,0.000,0.000,0.019,9908060,6159064,0,30275202512,
GPU,2,0.000,0.000,0.019,9908060,6159064,0,30275202512,
GPU,2,0.000,0.000,0.043,12504334,7268144,0,66505651373,
GPU,2,0.000,0.000,0.043,12504334,7268144,0,66505651373,
GPU,2,0.000,0.000,0.043,12504334,7268144,0,66505651373,
GPU,2,0.000,0.000,0.043,12504334,7268144,0,66505651373,
GPU,2,0.000,0.000,0.022,10637429,6625065,0,33770513792,
GPU,2,0.000,0.000,0.022,10637429,6625065,0,33770513792,
GPU,2,0.000,0.000,0.022,10637429,6625065,0,33770513792,
GPU,2,0.000,0.000,0.000,10627914,6723782,0,0,
GPU,2,0.000,0.000,0.000,10627914,6723782,0,0,
GPU,2,0.000,0.000,0.000,10627914,6723782,0,0,
GPU,2,0.000,0.000,0.000,10843858,6890368,0,0,
GPU,2,0.000,0.000,0.000,10843858,6890368,0,0,
GPU,2,0.000,0.000,0.000,10843858,6890368,0,0,
GPU,2,0.000,0.000,0.000,12491028,7655791,0,0,
GPU,2,0.000,0.000,0.000,12491028,7655791,0,0,
GPU,2,0.000,0.000,0.000,12491028,7655791,0,0,
GPU,2,0.000,0.000,0.000,12491028,7655791,0,0,
GPU,2,0.000,0.000,0.000,10621188,6788801,0,0,
GPU,2,0.000,0.000,0.000,10621188,6788801,0,0,
GPU,2,0.000,0.000,0.000,10621188,6788801,0,0,
GPU,2,0.000,0.000,0.000,10621188,6788801,0,0,
GPU,2,0.127,0.120,0.159,9169751,8682862,38591859816,38329685043,
GPU,2,0.127,0.120,0.159,9169751,8682862,38591859816,38329685043,
GPU,2,0.127,0.120,0.159,9169751,8682862,38591859816,38329685043,
GPU,2,0.127,0.120,0.159,9169751,8682862,38591859816,38329685043,
GPU,2,0.000,0.000,0.101,10129124,6636322,93198014560,64344979643,
GPU,2,0.000,0.000,0.101,10129124,6636322,93198014560,64344979643,
GPU,2,0.000,0.000,0.101,10129124,6636322,93198014560,64344979643,
GPU,2,0.000,0.000,0.101,10129124,6636322,93198014560,64344979643,
GPU,2,0.000,0.000,0.101,10129124,6636322,93198014560,64344979643,
GPU,2,0.000,0.000,0.101,10129124,6636322,93198014560,64344979643,
GPU,2,0.000,0.000,0.054,7225065,4631452,53396761071,30272005187,
GPU,2,0.000,0.000,0.054,7225065,4631452,53396761071,30272005187,
GPU,2,0.000,0.000,0.054,7225065,4631452,53396761071,30272005187,
GPU,2,0.000,0.000,0.039,10035078,6216420,29994480151,30275143199,
GPU,2,0.000,0.000,0.039,10035078,6216420,29994480151,30275143199,
GPU,2,0.000,0.000,0.039,10035078,6216420,29994480151,30275143199,
GPU,2,0.000,0.000,0.039,10035078,6216420,29994480151,30275143199,
GPU,2,0.000,0.000,0.072,10119369,6290419,30276120338,81861479729,
GPU,2,0.000,0.000,0.072,10119369,6290419,30276120338,81861479729,
GPU,2,0.000,0.000,0.072,10119369,6290419,30276120338,81861479729,
GPU,2,0.000,0.000,0.072,10119369,6290419,30276120338,81861479729,
GPU,2,0.000,0.000,0.015,10138709,6272252,5868400844,17822588700,
GPU,2,0.000,0.000,0.015,10138709,6272252,5868400844,17822588700,
GPU,2,0.000,0.000,0.015,10138709,6272252,5868400844,17822588700,
GPU,2,0.000,0.000,0.000,10713895,6778178,0,0,
GPU,2,0.000,0.000,0.000,10713895,6778178,0,0,
GPU,2,0.000,0.000,0.000,10713895,6778178,0,0,
GPU,2,0.000,0.000,0.000,10598512,6734471,0,0,
GPU,2,0.000,0.000,0.000,10598512,6734471,0,0,
GPU,2,0.000,0.000,0.000,10598512,6734471,0,0,
GPU,2,0.000,0.000,0.000,10869257,7019728,0,0,
GPU,2,0.000,0.000,0.000,10869257,7019728,0,0,
GPU,2,0.000,0.000,0.000,10869257,7019728,0,0,
GPU,2,0.000,0.000,0.000,10869257,7019728,0,0,
GPU,2,0.000,0.000,0.000,10869257,7019728,0,0,
GPU,2,0.000,0.000,0.000,10869257,7019728,0,0,
GPU,2,0.000,0.000,0.000,10869257,7019728,0,0,
GPU,2,0.000,0.000,0.000,10869257,7019728,0,0,
GPU,2,0.000,0.000,0.000,10869257,7019728,0,0,
GPU,2,0.069,0.065,0.082,5216438,4865753,0,35355317808,
GPU,2,0.069,0.065,0.082,5216438,4865753,0,35355317808,
GPU,2,0.069,0.065,0.082,5216438,4865753,0,35355317808,
GPU,2,0.000,0.000,0.060,9868597,6006972,0,93608932689,
GPU,2,0.000,0.000,0.060,9868597,6006972,0,93608932689,
GPU,2,0.000,0.000,0.060,9868597,6006972,0,93608932689,
GPU,2,0.000,0.000,0.060,9868597,6006972,0,93608932689,
GPU,2,0.000,0.000,0.060,9868597,6006972,0,93608932689,
GPU,2,0.000,0.000,0.074,11640358,6967819,73206513886,41257645389,
GPU,2,0.000,0.000,0.074,11640358,6967819,73206513886,41257645389,
GPU,2,0.000,0.000,0.074,11640358,6967819,73206513886,41257645389,
GPU,2,0.000,0.000,0.074,11640358,6967819,73206513886,41257645389,
GPU,2,0.000,0.000,0.028,9770086,6019071,13567711826,30277264375,
GPU,2,0.000,0.000,0.028,9770086,6019071,13567711826,30277264375,
GPU,2,0.000,0.000,0.028,9770086,6019071,13567711826,30277264375,
GPU,2,0.000,0.000,0.113,10185296,6331400,144613368775,30250855943,
GPU,2,0.000,0.000,0.113,10185296,6331400,144613368775,30250855943,
GPU,2,0.000,0.000,0.113,10185296,6331400,144613368775,30250855943,
GPU,2,0.000,0.000,0.038,11207004,6904315,52147238899,6833045653,
GPU,2,0.000,0.000,0.038,11207004,6904315,52147238899,6833045653,
GPU,2,0.000,0.000,0.038,11207004,6904315,52147238899,6833045653,
GPU,2,0.000,0.000,0.038,11207004,6904315,52147238899,6833045653,
GPU,2,0.000,0.000,0.000,9049724,5798852,0,0,
GPU,2,0.000,0.000,0.000,9049724,5798852,0,0,
GPU,2,0.000,0.000,0.000,9049724,5798852,0,0,
GPU,2,0.000,0.000,0.000,9049724,5798852,0,0,
GPU,2,0.000,0.000,0.000,10750230,6871281,0,0,
GPU,2,0.000,0.000,0.000,10750230,6871281,0,0,
GPU,2,0.000,0.000,0.000,10750230,6871281,0,0,
GPU,2,0.000,0.000,0.000,10578002,6721439,0,0,
GPU,2,0.000,0.000,0.000,10578002,6721439,0,0,
GPU,2,0.000,0.000,0.000,10578002,6721439,0,0,
GPU,2,0.000,0.000,0.000,10841562,7001842,0,0,
GPU,2,0.000,0.000,0.000,10841562,7001842,0,0,
GPU,2,0.000,0.000,0.000,10841562,7001842,0,0,
GPU,2,0.000,0.000,0.000,10841562,7001842,0,0,
GPU,2,0.000,0.000,0.000,10841562,7001842,0,0,
GPU,2,0.000,0.000,0.000,10841562,7001842,0,0,
GPU,2,0.111,0.104,0.133,8401433,7907231,0,59326892528,
GPU,2,0.111,0.104,0.133,8401433,7907231,0,59326892528,
GPU,2,0.111,0.104,0.133,8401433,7907231,0,59326892528,
GPU,2,0.000,0.000,0.091,8451037,5391179,48443483685,92111778178,
GPU,2,0.000,0.000,0.091,8451037,5391179,48443483685,92111778178,
GPU,2,0.000,0.000,0.091,8451037,5391179,48443483685,92111778178,
GPU,2,0.000,0.000,0.091,8451037,5391179,48443483685,92111778178,
GPU,2,0.000,0.000,0.078,10174534,6268239,90824506319,30275603829,
GPU,2,0.000,0.000,0.078,10174534,6268239,90824506319,30275603829,
GPU,2,0.000,0.000,0.078,10174534,6268239,90824506319,30275603829,
GPU,2,0.000,0.000,0.078,10174534,6268239,90824506319,30275603829,
GPU,2,0.000,0.000,0.078,10174534,6268239,90824506319,30275603829,
GPU,2,0.000,0.000,0.078,10174534,6268239,90824506319,30275603829,
GPU,2,0.000,0.000,0.076,8727874,5417301,88555654308,30265755788,
GPU,2,0.000,0.000,0.076,8727874,5417301,88555654308,30265755788,
GPU,2,0.000,0.000,0.076,8727874,5417301,88555654308,30265755788,
GPU,2,0.000,0.000,0.030,8551046,5268055,23212335075,23327912580,
GPU,2,0.000,0.000,0.030,8551046,5268055,23212335075,23327912580,
GPU,2,0.000,0.000,0.030,8551046,5268055,23212335075,23327912580,
GPU,2,0.000,0.000,0.000,10470497,6692483,0,0,
GPU,2,0.000,0.000,0.000,10470497,6692483,0,0,
GPU,2,0.000,0.000,0.000,10470497,6692483,0,0,
GPU,2,0.000,0.000,0.000,10470497,6692483,0,0,
GPU,2,0.000,0.000,0.000,10709353,6876532,0,0,
GPU,2,0.000,0.000,0.000,10709353,6876532,0,0,
GPU,2,0.000,0.000,0.000,10709353,6876532,0,0,
GPU,2,0.000,0.000,0.000,10709353,6876532,0,0,
GPU,2,0.000,0.000,0.000,13332901,7629382,0,0,
GPU,2,0.000,0.000,0.000,13332901,7629382,0,0,
GPU,2,0.000,0.000,0.000,13332901,7629382,0,0,
GPU,2,0.000,0.000,0.000,10622259,6749560,0,0,
GPU,2,0.000,0.000,0.000,10622259,6749560,0,0,
GPU,2,0.000,0.000,0.000,10622259,6749560,0,0,
GPU,2,0.000,0.000,0.000,10622259,6749560,0,0,
GPU,2,0.150,0.141,0.161,10798994,10321162,25214597158,24925156639,
GPU,2,0.150,0.141,0.161,10798994,10321162,25214597158,24925156639,
GPU,2,0.150,0.141,0.161,10798994,10321162,25214597158,24925156639,
GPU,2,0.150,0.141,0.161,10798994,10321162,25214597158,24925156639,
GPU,2,0.150,0.141,0.161,10798994,10321162,25214597158,24925156639,
GPU,2,0.150,0.141,0.161,10798994,10321162,25214597158,24925156639,
GPU,2,0.000,0.000,0.121,8790585,5954912,93510033407,93990041914,
GPU,2,0.000,0.000,0.121,8790585,5954912,93510033407,93990041914,
GPU,2,0.000,0.000,0.121,8790585,5954912,93510033407,93990041914,
GPU,2,0.000,0.000,0.121,8790585,5954912,93510033407,93990041914,
GPU,2,0.000,0.000,0.121,8151648,5129916,93560990232,93931297324,
GPU,2,0.000,0.000,0.121,8151648,5129916,93560990232,93931297324,
GPU,2,0.000,0.000,0.121,8151648,5129916,93560990232,93931297324,
GPU,2,0.000,0.000,0.026,10270675,6306554,20850841530,20038928899,
GPU,2,0.000,0.000,0.026,10270675,6306554,20850841530,20038928899,
GPU,2,0.000,0.000,0.026,10270675,6306554,20850841530,20038928899,
GPU,2,0.000,0.000,0.026,10270675,6306554,20850841530,20038928899,
GPU,2,0.000,0.000,0.026,10270675,6306554,20850841530,20038928899,
GPU,2,0.000,0.000,0.000,7676935,4919201,0,0,
GPU,2,0.000,0.000,0.000,7676935,4919201,0,0,
GPU,2,0.000,0.000,0.000,7676935,4919201,0,0,
GPU,2,0.000,0.000,0.000,10277384,6502018,0,0,
GPU,2,0.000,0.000,0.000,10277384,6502018,0,0,
GPU,2,0.000,0.000,0.000,10277384,6502018,0,0,
GPU,2,0.000,0.000,0.000,10475461,6726349,0,0,
GPU,2,0.000,0.000,0.000,10475461,6726349,0,0,
GPU,2,0.000,0.000,0.000,10475461,6726349,0,0,
GPU,2,0.000,0.000,0.000,10849296,6893823,0,0,
GPU,2,0.000,0.000,0.000,10849296,6893823,0,0,
GPU,2,0.000,0.000,0.000,10849296,6893823,0,0,
GPU,2,0.000,0.000,0.000,10849296,6893823,0,0,
GPU,2,0.000,0.000,0.000,8309659,5318182,0,0,
GPU,2,0.000,0.000,0.000,8309659,5318182,0,0,
GPU,2,0.000,0.000,0.000,8309659,5318182,0,0,
GPU,2,0.000,0.000,0.000,8309659,5318182,0,0,
GPU,2,0.000,0.000,0.000,8309659,5318182,0,0,
GPU,2,0.000,0.000,0.000,8309659,5318182,0,0,
GPU,2,0.000,0.000,0.000,8309659,5318182,0,0,
GPU,2,0.000,0.000,0.000,8309659,5318182,0,0,
GPU,2,0.000,0.000,0.000,8309659,5318182,0,0,
GPU,2,0.000,0.000,0.000,8309659,5318182,0,0,
GPU,2,0.000,0.000,0.000,8309659,5318182,0,0,
GPU,2,0.000,0.000,0.000,8309659,5318182,0,0,
GPU,2,0.000,0.000,0.000,8309659,5318182,0,0,
GPU,2,0.045,0.042,0.099,3419071,3333594,36337133785,58464386454,
GPU,2,0.045,0.042,0.099,3419071,3333594,36337133785,58464386454,
GPU,2,0.045,0.042,0.099,3419071,3333594,36337133785,58464386454,
GPU,2,0.000,0.000,0.066,11050794,6882512,70051794542,33118544615,
GPU,2,0.000,0.000,0.066,11050794,6882512,70051794542,33118544615,
GPU,2,0.000,0.000,0.066,11050794,6882512,70051794542,33118544615,
GPU,2,0.000,0.000,0.058,12220524,7554506,60561862935,30272552423,
GPU,2,0.000,0.000,0.058,12220524,7554506,60561862935,30272552423,
GPU,2,0.000,0.000,0.058,12220524,7554506,60561862935,30272552423,
GPU,2,0.000,0.000,0.049,12668069,7874745,46304632832,30271603837,
GPU,2,0.000,0.000,0.049,12668069,7874745,46304632832,30271603837,
GPU,2,0.000,0.000,0.049,12668069,7874745,46304632832,30271603837,
GPU,2,0.000,0.000,0.049,12668069,7874745,46304632832,30271603837,
GPU,2,0.000,0.000,0.027,14575061,8644519,19789704478,21551150927,
GPU,2,0.000,0.000,0.027,14575061,8644519,19789704478,21551150927,
GPU,2,0.000,0.000,0.027,14575061,8644519,19789704478,21551150927,
GPU,2,0.000,0.000,0.000,10490820,6637049,0,0,
GPU,2,0.000,0.000,0.000,10490820,6637049,0,0,
GPU,2,0.000,0.000,0.000,12751332,8235235,0,0,
GPU,2,0.000,0.000,0.000,12751332,8235235,0,0,
GPU,2,0.000,0.000,0.000,12751332,8235235,0,0,
GPU,2,0.000,0.000,0.000,13422701,8529008,0,0,
GPU,2,0.000,0.000,0.000,13422701,8529008,0,0,
GPU,2,0.000,0.000,0.000,13438908,8539306,0,0,
GPU,2,0.000,0.000,0.000,13438908,8539306,0,0,
GPU,2,0.000,0.000,0.000,13438908,8539306,0,0,
GPU,2,0.000,0.000,0.000,13604624,8794908,0,0,
GPU,2,0.000,0.000,0.000,13604624,8794908,0,0,
GPU,2,0.000,0.000,0.000,13604624,8794908,0,0,
GPU,2,0.000,0.000,0.000,13604624,8794908,0,0,
GPU,2,0.000,0.000,0.000,13500817,8490204,0,0,
GPU,2,0.000,0.000,0.000,13500817,8490204,0,0,
GPU,2,0.000,0.000,0.000,13500817,8490204,0,0,
GPU,2,0.128,0.120,0.203,10042968,9634717,72270448259,72237249818,
GPU,2,0.128,0.120,0.203,10042968,9634717,72270448259,72237249818,
GPU,2,0.128,0.120,0.203,10042968,9634717,72270448259,72237249818,
GPU,2,0.000,0.000,0.087,12773076,8108126,93059082421,42591247665,
GPU,2,0.000,0.000,0.087,12773076,8108126,93059082421,42591247665,
GPU,2,0.000,0.000,0.087,12773076,8108126,93059082421,42591247665,
GPU,2,0.000,0.000,0.043,13668405,8260043,36795419486,30263519368,
GPU,2,0.000,0.000,0.043,13668405,8260043,36795419486,30263519368,
GPU,2,0.000,0.000,0.043,13668405,8260043,36795419486,30263519368,
GPU,2,0.000,0.000,0.043,13668405,8260043,36795419486,30263519368,
GPU,2,0.000,0.000,0.019,10043829,6187716,0,30275188041,
GPU,2,0.000,0.000,0.019,10043829,6187716,0,30275188041,
GPU,2,0.000,0.000,0.019,10043829,6187716,0,30275188041,
GPU,2,0.000,0.000,0.019,10043829,6187716,0,30275188041,
GPU,2,0.000,0.000,0.019,10043829,6187716,0,30275188041,
GPU,2,0.000,0.000,0.019,10043829,6187716,0,30275188041,
GPU,2,0.000,0.000,0.019,10043829,6187716,0,30275188041,
GPU,2,0.000,0.000,0.019,10043829,6187716,0,30275188041,
GPU,2,0.000,0.000,0.029,2282355,1475660,20631233590,24243801302,
GPU,2,0.000,0.000,0.029,2282355,1475660,20631233590,24243801302,
GPU,2,0.000,0.000,0.029,2282355,1475660,20631233590,24243801302,
GPU,2,0.000,0.000,0.029,2282355,1475660,20631233590,24243801302,
GPU,2,0.000,0.000,0.000,45825478,33663727,0,0,
GPU,2,0.000,0.000,0.000,45825478,33663727,0,0,
GPU,2,0.000,0.000,0.000,45825478,33663727,0,0,
GPU,2,0.000,0.000,0.000,45825478,33663727,0,0,
GPU,2,0.000,0.000,0.000,45825478,33663727,0,0,
GPU,2,0.114,0.107,0.155,8633354,8125510,44169858075,44118302802,
GPU,2,0.114,0.107,0.155,8633354,8125510,44169858075,44118302802,
GPU,2,0.000,0.000,0.105,16343497,10374568,74068966895,88990127283,
#Entity,SMACT,SMOCC,DRAMA,PCITX,PCIRX,NVLTX,NVLRX,
GPU,2,0.000,0.000,0.061,14504047,9287679,0,94096657866,
GPU,2,0.000,0.000,0.061,14504047,9287679,0,94096657866,
GPU,2,0.000,0.000,0.061,14504047,9287679,0,94096657866,
GPU,2,0.000,0.000,0.061,14504047,9287679,0,94096657866,
GPU,2,0.000,0.000,0.061,14504047,9287679,0,94096657866,
GPU,2,0.000,0.000,0.061,14504047,9287679,0,94096657866,
GPU,2,0.000,0.000,0.061,14504047,9287679,0,94096657866,
GPU,2,0.000,0.000,0.061,14504047,9287679,0,94096657866,
GPU,2,0.000,0.000,0.061,14504047,9287679,0,94096657866,
GPU,2,0.000,0.000,0.061,14504047,9287679,0,94096657866,
GPU,2,0.000,0.000,0.061,14504047,9287679,0,94096657866,
GPU,2,0.000,0.000,0.061,14504047,9287679,0,94096657866,
GPU,2,0.000,0.000,0.061,14504047,9287679,0,94096657866,
GPU,2,0.000,0.000,0.061,14504047,9287679,0,94096657866,
GPU,2,0.000,0.000,0.061,14504047,9287679,0,94096657866,
GPU,2,0.000,0.000,0.061,14504047,9287679,0,94096657866,
GPU,2,0.000,0.000,0.061,14504047,9287679,0,94096657866,
GPU,2,0.000,0.000,0.061,14504047,9287679,0,94096657866,
GPU,2,0.000,0.000,0.061,14504047,9287679,0,94096657866,
GPU,2,0.000,0.000,0.061,14504047,9287679,0,94096657866,
GPU,2,0.000,0.000,0.061,14504047,9287679,0,94096657866,
GPU,2,0.000,0.000,0.061,14504047,9287679,0,94096657866,
GPU,2,0.000,0.000,0.061,14504047,9287679,0,94096657866,
GPU,2,0.000,0.000,0.061,14504047,9287679,0,94096657866,
GPU,2,0.000,0.000,0.061,14504047,9287679,0,94096657866,
GPU,2,0.000,0.000,0.061,14504047,9287679,0,94096657866,
GPU,2,0.000,0.000,0.061,14504047,9287679,0,94096657866,
GPU,2,0.000,0.000,0.061,14504047,9287679,0,94096657866,
GPU,2,0.000,0.000,0.061,14504047,9287679,0,94096657866,
GPU,2,0.000,0.000,0.061,14504047,9287679,0,94096657866,
GPU,2,0.000,0.000,0.061,14504047,9287679,0,94096657866,
GPU,2,0.000,0.000,0.061,14504047,9287679,0,94096657866,
GPU,2,0.000,0.000,0.061,14504047,9287679,0,94096657866,
GPU,2,0.000,0.000,0.061,14504047,9287679,0,94096657866,
GPU,2,0.000,0.000,0.061,14504047,9287679,0,94096657866,
GPU,2,0.000,0.000,0.061,14504047,9287679,0,94096657866,
GPU,2,0.000,0.000,0.061,14504047,9287679,0,94096657866,
GPU,2,0.000,0.000,0.061,14504047,9287679,0,94096657866,
GPU,2,0.000,0.000,0.061,14504047,9287679,0,94096657866,
GPU,2,0.000,0.000,0.061,14504047,9287679,0,94096657866,
GPU,2,0.000,0.000,0.061,14504047,9287679,0,94096657866,
GPU,2,0.000,0.000,0.061,14504047,9287679,0,94096657866,
GPU,2,0.000,0.000,0.061,14504047,9287679,0,94096657866,
GPU,2,0.000,0.000,0.061,14504047,9287679,0,94096657866,
GPU,2,0.000,0.000,0.061,14504047,9287679,0,94096657866,
GPU,2,0.011,0.010,0.055,947486,1042916,36561499473,34983265197,
GPU,2,0.011,0.010,0.055,947486,1042916,36561499473,34983265197,
GPU,2,0.011,0.010,0.055,947486,1042916,36561499473,34983265197,
GPU,2,0.000,0.000,0.077,12018319,7444976,89475225509,30272343240,
GPU,2,0.000,0.000,0.077,12018319,7444976,89475225509,30272343240,
GPU,2,0.000,0.000,0.077,12018319,7444976,89475225509,30272343240,
GPU,2,0.000,0.000,0.010,13701423,8612323,11282632630,4366533458,
GPU,2,0.000,0.000,0.010,13701423,8612323,11282632630,4366533458,
GPU,2,0.000,0.000,0.010,13701423,8612323,11282632630,4366533458,
GPU,2,0.000,0.000,0.000,10913299,6944827,0,0,
GPU,2,0.000,0.000,0.000,10913299,6944827,0,0,
GPU,2,0.000,0.000,0.000,10913299,6944827,0,0,
GPU,2,0.000,0.000,0.000,10323267,6598377,0,0,
GPU,2,0.000,0.000,0.000,10323267,6598377,0,0,
GPU,2,0.000,0.000,0.000,10323267,6598377,0,0,
GPU,2,0.000,0.000,0.000,10588429,6728064,0,0,
GPU,2,0.000,0.000,0.000,10588429,6728064,0,0,
GPU,2,0.000,0.000,0.000,10588429,6728064,0,0,
GPU,2,0.000,0.000,0.000,10715317,6993154,0,0,
GPU,2,0.000,0.000,0.000,10715317,6993154,0,0,
GPU,2,0.000,0.000,0.000,10715317,6993154,0,0,
GPU,2,0.000,0.000,0.000,10715317,6993154,0,0,
GPU,2,0.150,0.141,0.142,11191286,10139113,0,20090926210,
GPU,2,0.150,0.141,0.142,11191286,10139113,0,20090926210,
GPU,2,0.150,0.141,0.142,11191286,10139113,0,20090926210,
GPU,2,0.150,0.141,0.142,11191286,10139113,0,20090926210,
GPU,2,0.150,0.141,0.142,11191286,10139113,0,20090926210,
GPU,2,0.000,0.000,0.060,9475866,5818514,0,93595176867,
GPU,2,0.000,0.000,0.060,9475866,5818514,0,93595176867,
GPU,2,0.000,0.000,0.060,9475866,5818514,0,93595176867,
GPU,2,0.000,0.000,0.066,9881198,6067402,27339503664,74904706570,
GPU,2,0.000,0.000,0.066,9881198,6067402,27339503664,74904706570,
GPU,2,0.000,0.000,0.066,9881198,6067402,27339503664,74904706570,
GPU,2,0.000,0.000,0.066,9881198,6067402,27339503664,74904706570,
GPU,2,0.000,0.000,0.078,10086152,6269770,90644397812,30276395222,
GPU,2,0.000,0.000,0.078,10086152,6269770,90644397812,30276395222,
GPU,2,0.000,0.000,0.078,10086152,6269770,90644397812,30276395222,
GPU,2,0.000,0.000,0.078,10086152,6269770,90644397812,30276395222,
GPU,2,0.000,0.000,0.078,10086152,6269770,90644397812,30276395222,
GPU,2,0.000,0.000,0.078,9905164,6148033,90709396030,30267767655,
GPU,2,0.000,0.000,0.078,9905164,6148033,90709396030,30267767655,
GPU,2,0.000,0.000,0.078,9905164,6148033,90709396030,30267767655,
GPU,2,0.000,0.000,0.054,9194233,5695542,62687457092,20978972259,
GPU,2,0.000,0.000,0.054,9194233,5695542,62687457092,20978972259,
GPU,2,0.000,0.000,0.054,9194233,5695542,62687457092,20978972259,
GPU,2,0.000,0.000,0.054,9194233,5695542,62687457092,20978972259,
GPU,2,0.000,0.000,0.054,9194233,5695542,62687457092,20978972259,
GPU,2,0.000,0.000,0.054,9194233,5695542,62687457092,20978972259,
GPU,2,0.000,0.000,0.054,9194233,5695542,62687457092,20978972259,
GPU,2,0.000,0.000,0.000,6465263,3868976,0,0,
GPU,2,0.000,0.000,0.000,6465263,3868976,0,0,
GPU,2,0.000,0.000,0.000,6465263,3868976,0,0,
GPU,2,0.000,0.000,0.000,10490172,6705058,0,0,
GPU,2,0.000,0.000,0.000,10490172,6705058,0,0,
GPU,2,0.000,0.000,0.000,10490172,6705058,0,0,
GPU,2,0.000,0.000,0.000,10570940,6827066,0,0,
GPU,2,0.000,0.000,0.000,10570940,6827066,0,0,
GPU,2,0.000,0.000,0.000,10570940,6827066,0,0,
GPU,2,0.000,0.000,0.000,10570940,6827066,0,0,
GPU,2,0.158,0.149,0.142,11276894,10773461,0,9464712508,
GPU,2,0.158,0.149,0.142,11276894,10773461,0,9464712508,
GPU,2,0.158,0.149,0.142,11276894,10773461,0,9464712508,
GPU,2,0.158,0.149,0.142,11276894,10773461,0,9464712508,
GPU,2,0.000,0.000,0.064,9833262,6327490,6922734074,93147961201,
GPU,2,0.000,0.000,0.064,9833262,6327490,6922734074,93147961201,
GPU,2,0.000,0.000,0.064,9833262,6327490,6922734074,93147961201,
GPU,2,0.000,0.000,0.064,9833262,6327490,6922734074,93147961201,
GPU,2,0.000,0.000,0.110,9849987,6398282,89796849266,80894031075,
GPU,2,0.000,0.000,0.110,9849987,6398282,89796849266,80894031075,
GPU,2,0.000,0.000,0.110,9849987,6398282,89796849266,80894031075,
GPU,2,0.000,0.000,0.110,9849987,6398282,89796849266,80894031075,
GPU,2,0.000,0.000,0.073,9755883,6064467,83458224385,30276597965,
GPU,2,0.000,0.000,0.073,9755883,6064467,83458224385,30276597965,
GPU,2,0.000,0.000,0.073,9755883,6064467,83458224385,30276597965,
GPU,2,0.000,0.000,0.073,9755883,6064467,83458224385,30276597965,
GPU,2,0.000,0.000,0.073,9755883,6064467,83458224385,30276597965,
GPU,2,0.000,0.000,0.025,10114010,6195970,8790017540,30276090843,
GPU,2,0.000,0.000,0.025,10114010,6195970,8790017540,30276090843,
GPU,2,0.000,0.000,0.025,10114010,6195970,8790017540,30276090843,
GPU,2,0.000,0.000,0.059,14067006,7966519,68333115779,23306051593,
GPU,2,0.000,0.000,0.059,14067006,7966519,68333115779,23306051593,
GPU,2,0.000,0.000,0.059,14067006,7966519,68333115779,23306051593,
GPU,2,0.000,0.000,0.000,10688188,6870978,0,0,
GPU,2,0.000,0.000,0.000,10688188,6870978,0,0,
GPU,2,0.000,0.000,0.000,10688188,6870978,0,0,
GPU,2,0.000,0.000,0.000,10688188,6870978,0,0,
GPU,2,0.000,0.000,0.000,10846844,6892265,0,0,
GPU,2,0.000,0.000,0.000,10846844,6892265,0,0,
GPU,2,0.000,0.000,0.000,10846844,6892265,0,0,
GPU,2,0.000,0.000,0.000,13558925,8041845,0,0,
GPU,2,0.000,0.000,0.000,13558925,8041845,0,0,
GPU,2,0.000,0.000,0.000,13558925,8041845,0,0,
GPU,2,0.000,0.000,0.000,10504514,6714225,0,0,
GPU,2,0.000,0.000,0.000,10504514,6714225,0,0,
GPU,2,0.000,0.000,0.000,10504514,6714225,0,0,
GPU,2,0.000,0.000,0.000,10504514,6714225,0,0,
GPU,2,0.115,0.108,0.098,11622276,9737582,0,0,
GPU,2,0.115,0.108,0.098,11622276,9737582,0,0,
GPU,2,0.115,0.108,0.098,11622276,9737582,0,0,
GPU,2,0.115,0.108,0.098,11622276,9737582,0,0,
GPU,2,0.040,0.038,0.252,11641032,10357095,253115014043,84591852347,
GPU,2,0.040,0.038,0.252,11641032,10357095,253115014043,84591852347,
GPU,2,0.040,0.038,0.252,11641032,10357095,253115014043,84591852347,
GPU,2,0.040,0.038,0.252,11641032,10357095,253115014043,84591852347,
GPU,2,0.040,0.038,0.252,11641032,10357095,253115014043,84591852347,
GPU,2,0.040,0.038,0.252,11641032,10357095,253115014043,84591852347,
GPU,2,0.000,0.000,0.030,8221921,5270462,13255757980,33027503030,
GPU,2,0.000,0.000,0.030,8221921,5270462,13255757980,33027503030,
GPU,2,0.000,0.000,0.030,8221921,5270462,13255757980,33027503030,
GPU,2,0.000,0.000,0.030,8221921,5270462,13255757980,33027503030,
GPU,2,0.000,0.000,0.019,7807258,4809828,0,30279135624,
GPU,2,0.000,0.000,0.019,7807258,4809828,0,30279135624,
GPU,2,0.000,0.000,0.019,7807258,4809828,0,30279135624,
GPU,2,0.000,0.000,0.031,11302337,7089648,0,48013533907,
GPU,2,0.000,0.000,0.031,11302337,7089648,0,48013533907,
GPU,2,0.000,0.000,0.031,11302337,7089648,0,48013533907,
GPU,2,0.000,0.000,0.031,11302337,7089648,0,48013533907,
GPU,2,0.000,0.000,0.050,11146388,6904842,0,77512064979,
GPU,2,0.000,0.000,0.050,11146388,6904842,0,77512064979,
GPU,2,0.000,0.000,0.050,11146388,6904842,0,77512064979,
GPU,2,0.000,0.000,0.000,10367284,6558894,0,0,
GPU,2,0.000,0.000,0.000,10367284,6558894,0,0,
GPU,2,0.000,0.000,0.000,10367284,6558894,0,0,
GPU,2,0.000,0.000,0.000,10576691,6830779,0,0,
GPU,2,0.000,0.000,0.000,10576691,6830779,0,0,
GPU,2,0.000,0.000,0.000,10576691,6830779,0,0,
GPU,2,0.000,0.000,0.000,10823914,6877695,0,0,
GPU,2,0.000,0.000,0.000,10823914,6877695,0,0,
GPU,2,0.000,0.000,0.000,10823914,6877695,0,0,
GPU,2,0.000,0.000,0.000,10823914,6877695,0,0,
GPU,2,0.000,0.000,0.000,10857272,7011988,0,0,
GPU,2,0.000,0.000,0.000,10857272,7011988,0,0,
GPU,2,0.000,0.000,0.000,10857272,7011988,0,0,
GPU,2,0.000,0.000,0.000,10857272,7011988,0,0,
GPU,2,0.057,0.054,0.049,14475661,9736605,0,0,
GPU,2,0.057,0.054,0.049,14475661,9736605,0,0,
GPU,2,0.057,0.054,0.049,14475661,9736605,0,0,
GPU,2,0.057,0.054,0.049,14475661,9736605,0,0,
GPU,2,0.075,0.070,0.169,10891145,8663411,81598953686,81515640550,
GPU,2,0.075,0.070,0.169,10891145,8663411,81598953686,81515640550,
GPU,2,0.075,0.070,0.169,10891145,8663411,81598953686,81515640550,
GPU,2,0.075,0.070,0.169,10891145,8663411,81598953686,81515640550,
GPU,2,0.000,0.000,0.083,10005589,6375242,95936618354,33608921466,
GPU,2,0.000,0.000,0.083,10005589,6375242,95936618354,33608921466,
GPU,2,0.000,0.000,0.083,10005589,6375242,95936618354,33608921466,
GPU,2,0.000,0.000,0.083,10005589,6375242,95936618354,33608921466,
GPU,2,0.000,0.000,0.083,10005589,6375242,95936618354,33608921466,
GPU,2,0.000,0.000,0.073,9108320,5789186,82845238152,30254408224,
GPU,2,0.000,0.000,0.073,9108320,5789186,82845238152,30254408224,
GPU,2,0.000,0.000,0.073,9108320,5789186,82845238152,30254408224,
GPU,2,0.000,0.000,0.073,9108320,5789186,82845238152,30254408224,
GPU,2,0.000,0.000,0.027,8306914,5072363,0,41319765678,
GPU,2,0.000,0.000,0.027,8306914,5072363,0,41319765678,
GPU,2,0.000,0.000,0.027,8306914,5072363,0,41319765678,
GPU,2,0.000,0.000,0.049,10504055,6506936,0,76611318003,
GPU,2,0.000,0.000,0.049,10504055,6506936,0,76611318003,
GPU,2,0.000,0.000,0.049,10504055,6506936,0,76611318003,
GPU,2,0.000,0.000,0.000,10485760,6778673,0,0,
GPU,2,0.000,0.000,0.000,10485760,6778673,0,0,
GPU,2,0.000,0.000,0.000,10485760,6778673,0,0,
GPU,2,0.000,0.000,0.000,10485760,6778673,0,0,
GPU,2,0.000,0.000,0.000,10408353,6545459,0,0,
GPU,2,0.000,0.000,0.000,10408353,6545459,0,0,
GPU,2,0.000,0.000,0.000,10408353,6545459,0,0,
GPU,2,0.000,0.000,0.000,10618661,6857885,0,0,
GPU,2,0.000,0.000,0.000,10618661,6857885,0,0,
GPU,2,0.000,0.000,0.000,10618661,6857885,0,0,
GPU,2,0.000,0.000,0.000,10725449,6886867,0,0,
GPU,2,0.000,0.000,0.000,10725449,6886867,0,0,
GPU,2,0.000,0.000,0.000,10725449,6886867,0,0,
GPU,2,0.000,0.000,0.000,10725449,6886867,0,0,
GPU,2,0.000,0.000,0.000,12908430,7725500,0,0,
GPU,2,0.000,0.000,0.000,12908430,7725500,0,0,
GPU,2,0.000,0.000,0.000,12908430,7725500,0,0,
GPU,2,0.000,0.000,0.000,12908430,7725500,0,0,
GPU,2,0.125,0.117,0.159,11281256,9692347,0,80234756400,
GPU,2,0.125,0.117,0.159,11281256,9692347,0,80234756400,
GPU,2,0.125,0.117,0.159,11281256,9692347,0,80234756400,
GPU,2,0.125,0.117,0.159,11281256,9692347,0,80234756400,
GPU,2,0.000,0.000,0.126,9962319,6612918,108000603858,88494490128,
GPU,2,0.000,0.000,0.126,9962319,6612918,108000603858,88494490128,
GPU,2,0.000,0.000,0.126,9962319,6612918,108000603858,88494490128,
GPU,2,0.000,0.000,0.126,9962319,6612918,108000603858,88494490128,
GPU,2,0.000,0.000,0.102,10172658,6368968,69961437883,89260630151,
GPU,2,0.000,0.000,0.102,10172658,6368968,69961437883,89260630151,
GPU,2,0.000,0.000,0.102,10172658,6368968,69961437883,89260630151,
GPU,2,0.000,0.000,0.102,10172658,6368968,69961437883,89260630151,
GPU,2,0.000,0.000,0.044,10495186,6403842,60295302181,8565102950,
GPU,2,0.000,0.000,0.044,10495186,6403842,60295302181,8565102950,
GPU,2,0.000,0.000,0.044,10495186,6403842,60295302181,8565102950,
GPU,2,0.000,0.000,0.022,9341026,5806583,34521561676,0,
GPU,2,0.000,0.000,0.022,9341026,5806583,34521561676,0,
GPU,2,0.000,0.000,0.022,9341026,5806583,34521561676,0,
GPU,2,0.000,0.000,0.022,9341026,5806583,34521561676,0,
GPU,2,0.000,0.000,0.001,10820365,6856469,979671639,0,
GPU,2,0.000,0.000,0.001,10820365,6856469,979671639,0,
GPU,2,0.000,0.000,0.001,10820365,6856469,979671639,0,
GPU,2,0.000,0.000,0.000,14294089,8397777,0,0,
GPU,2,0.000,0.000,0.000,14294089,8397777,0,0,
GPU,2,0.000,0.000,0.000,14294089,8397777,0,0,
GPU,2,0.000,0.000,0.000,14294089,8397777,0,0,
GPU,2,0.000,0.000,0.000,10465908,6689549,0,0,
GPU,2,0.000,0.000,0.000,10465908,6689549,0,0,
GPU,2,0.000,0.000,0.000,10465908,6689549,0,0,
GPU,2,0.000,0.000,0.000,10604585,6738330,0,0,
GPU,2,0.000,0.000,0.000,10604585,6738330,0,0,
GPU,2,0.000,0.000,0.000,10604585,6738330,0,0,
GPU,2,0.000,0.000,0.000,10844241,6890611,0,0,
GPU,2,0.000,0.000,0.000,10844241,6890611,0,0,
GPU,2,0.000,0.000,0.000,10844241,6890611,0,0,
GPU,2,0.000,0.000,0.000,10844241,6890611,0,0,
GPU,2,0.000,0.000,0.000,10844241,6890611,0,0,
GPU,2,0.000,0.000,0.000,10844241,6890611,0,0,
GPU,2,0.000,0.000,0.000,10844241,6890611,0,0,
GPU,2,0.000,0.000,0.000,10844241,6890611,0,0,
GPU,2,0.072,0.068,0.192,5502835,5090123,124906254030,76890592443,
GPU,2,0.072,0.068,0.192,5502835,5090123,124906254030,76890592443,
GPU,2,0.072,0.068,0.192,5502835,5090123,124906254030,76890592443,
GPU,2,0.072,0.068,0.192,5502835,5090123,124906254030,76890592443,
GPU,2,0.000,0.000,0.084,9886749,6051372,35959227810,93918948360,
GPU,2,0.000,0.000,0.084,9886749,6051372,35959227810,93918948360,
GPU,2,0.000,0.000,0.084,9886749,6051372,35959227810,93918948360,
GPU,2,0.000,0.000,0.084,9886749,6051372,35959227810,93918948360,
GPU,2,0.000,0.000,0.021,10129673,6240602,0,33196420697,
GPU,2,0.000,0.000,0.021,10129673,6240602,0,33196420697,
GPU,2,0.000,0.000,0.021,10129673,6240602,0,33196420697,
GPU,2,0.000,0.000,0.021,10129673,6240602,0,33196420697,
GPU,2,0.000,0.000,0.021,10129673,6240602,0,33196420697,
GPU,2,0.000,0.000,0.000,6812299,4384152,0,0,
GPU,2,0.000,0.000,0.000,6812299,4384152,0,0,
GPU,2,0.000,0.000,0.000,6812299,4384152,0,0,
GPU,2,0.000,0.000,0.000,9859163,6301733,0,0,
GPU,2,0.000,0.000,0.000,9859163,6301733,0,0,
GPU,2,0.000,0.000,0.000,9859163,6301733,0,0,
GPU,2,0.000,0.000,0.000,10822007,6876483,0,0,
GPU,2,0.000,0.000,0.000,10822007,6876483,0,0,
GPU,2,0.000,0.000,0.000,10822007,6876483,0,0,
GPU,2,0.000,0.000,0.000,10849449,6893921,0,0,
GPU,2,0.000,0.000,0.000,10849449,6893921,0,0,
GPU,2,0.000,0.000,0.000,10849449,6893921,0,0,
GPU,2,0.000,0.000,0.000,10849449,6893921,0,0,
GPU,2,0.000,0.000,0.000,10416972,6265848,0,0,
GPU,2,0.000,0.000,0.000,10416972,6265848,0,0,
GPU,2,0.000,0.000,0.000,10416972,6265848,0,0,
GPU,2,0.000,0.000,0.000,10416972,6265848,0,0,
GPU,2,0.000,0.000,0.000,10758502,6876568,0,0,
GPU,2,0.000,0.000,0.000,10758502,6876568,0,0,
GPU,2,0.000,0.000,0.000,10758502,6876568,0,0,
GPU,2,0.000,0.000,0.000,10758502,6876568,0,0,
GPU,2,0.137,0.129,0.196,9875194,9525630,61046918098,60803738700,
GPU,2,0.137,0.129,0.196,9875194,9525630,61046918098,60803738700,
GPU,2,0.137,0.129,0.196,9875194,9525630,61046918098,60803738700,
GPU,2,0.137,0.129,0.196,9875194,9525630,61046918098,60803738700,
GPU,2,0.137,0.129,0.196,9875194,9525630,61046918098,60803738700,
GPU,2,0.137,0.129,0.196,9875194,9525630,61046918098,60803738700,
GPU,2,0.000,0.000,0.120,8029709,5018568,94237798604,91990096691,
GPU,2,0.000,0.000,0.120,8029709,5018568,94237798604,91990096691,
GPU,2,0.000,0.000,0.120,8029709,5018568,94237798604,91990096691,
GPU,2,0.000,0.000,0.120,8029709,5018568,94237798604,91990096691,
GPU,2,0.000,0.000,0.071,8491106,5288320,30266038368,80085746672,
GPU,2,0.000,0.000,0.071,8491106,5288320,30266038368,80085746672,
GPU,2,0.000,0.000,0.071,8491106,5288320,30266038368,80085746672,
GPU,2,0.000,0.000,0.019,10178292,6235350,30275948627,0,
GPU,2,0.000,0.000,0.019,10178292,6235350,30275948627,0,
GPU,2,0.000,0.000,0.019,10178292,6235350,30275948627,0,
GPU,2,0.000,0.000,0.019,10178292,6235350,30275948627,0,
GPU,2,0.000,0.000,0.019,10178292,6235350,30275948627,0,
GPU,2,0.000,0.000,0.015,8932025,5641279,23687134259,0,
GPU,2,0.000,0.000,0.015,8932025,5641279,23687134259,0,
GPU,2,0.000,0.000,0.015,8932025,5641279,23687134259,0,
GPU,2,0.000,0.000,0.000,10395201,6615128,0,0,
GPU,2,0.000,0.000,0.000,10395201,6615128,0,0,
GPU,2,0.000,0.000,0.000,10395201,6615128,0,0,
GPU,2,0.000,0.000,0.000,10589451,6728714,0,0,
GPU,2,0.000,0.000,0.000,10589451,6728714,0,0,
GPU,2,0.000,0.000,0.000,10589451,6728714,0,0,
GPU,2,0.000,0.000,0.000,10850446,6894554,0,0,
GPU,2,0.000,0.000,0.000,10850446,6894554,0,0,
GPU,2,0.000,0.000,0.000,10850446,6894554,0,0,
GPU,2,0.000,0.000,0.000,10850446,6894554,0,0,
GPU,2,0.000,0.000,0.000,13537731,7991021,0,0,
GPU,2,0.000,0.000,0.000,13537731,7991021,0,0,
GPU,2,0.000,0.000,0.000,13537731,7991021,0,0,
GPU,2,0.000,0.000,0.000,13537731,7991021,0,0,
GPU,2,0.112,0.105,0.096,11421578,9483989,0,0,
GPU,2,0.112,0.105,0.096,11421578,9483989,0,0,
GPU,2,0.112,0.105,0.096,11421578,9483989,0,0,
GPU,2,0.112,0.105,0.096,11421578,9483989,0,0,
GPU,2,0.040,0.037,0.091,10285570,7609650,0,88388118284,
GPU,2,0.040,0.037,0.091,10285570,7609650,0,88388118284,
GPU,2,0.040,0.037,0.091,10285570,7609650,0,88388118284,
GPU,2,0.040,0.037,0.091,10285570,7609650,0,88388118284,
GPU,2,0.000,0.000,0.172,10119083,6486591,178888325216,88902633556,
GPU,2,0.000,0.000,0.172,10119083,6486591,178888325216,88902633556,
GPU,2,0.000,0.000,0.172,10119083,6486591,178888325216,88902633556,
GPU,2,0.000,0.000,0.172,10119083,6486591,178888325216,88902633556,
GPU,2,0.000,0.000,0.097,12688792,7301372,76371308886,75198366495,
GPU,2,0.000,0.000,0.097,12688792,7301372,76371308886,75198366495,
GPU,2,0.000,0.000,0.097,12688792,7301372,76371308886,75198366495,
GPU,2,0.000,0.000,0.097,12688792,7301372,76371308886,75198366495,
GPU,2,0.000,0.000,0.000,9160483,5888882,0,0,
GPU,2,0.000,0.000,0.000,9160483,5888882,0,0,
GPU,2,0.000,0.000,0.000,9160483,5888882,0,0,
GPU,2,0.000,0.000,0.000,9213493,5854407,0,0,
GPU,2,0.000,0.000,0.000,9213493,5854407,0,0,
GPU,2,0.000,0.000,0.000,9213493,5854407,0,0,
GPU,2,0.000,0.000,0.000,9213493,5854407,0,0,
GPU,2,0.000,0.000,0.000,9213493,5854407,0,0,
GPU,2,0.000,0.000,0.000,8517995,5397541,0,0,
GPU,2,0.000,0.000,0.000,8517995,5397541,0,0,
GPU,2,0.000,0.000,0.000,8517995,5397541,0,0,
GPU,2,0.000,0.000,0.000,8517995,5397541,0,0,
GPU,2,0.000,0.000,0.000,7899826,5049373,0,0,
GPU,2,0.000,0.000,0.000,7899826,5049373,0,0,
GPU,2,0.000,0.000,0.000,7899826,5049373,0,0,
GPU,2,0.000,0.000,0.000,10704300,6873287,0,0,
GPU,2,0.000,0.000,0.000,10704300,6873287,0,0,
GPU,2,0.000,0.000,0.000,10704300,6873287,0,0,
GPU,2,0.000,0.000,0.000,10730446,6890076,0,0,
GPU,2,0.000,0.000,0.000,10730446,6890076,0,0,
GPU,2,0.000,0.000,0.000,10730446,6890076,0,0,
GPU,2,0.000,0.000,0.000,10730446,6890076,0,0,
GPU,2,0.000,0.000,0.000,10730446,6890076,0,0,
GPU,2,0.113,0.106,0.118,8562229,8130520,0,33331689691,
GPU,2,0.113,0.106,0.118,8562229,8130520,0,33331689691,
GPU,2,0.113,0.106,0.118,8562229,8130520,0,33331689691,
GPU,2,0.113,0.106,0.118,8562229,8130520,0,33331689691,
GPU,2,0.000,0.000,0.057,9994568,6257468,24247840847,64615774035,
GPU,2,0.000,0.000,0.057,9994568,6257468,24247840847,64615774035,
GPU,2,0.000,0.000,0.057,9994568,6257468,24247840847,64615774035,
GPU,2,0.000,0.000,0.057,9994568,6257468,24247840847,64615774035,
GPU,2,0.000,0.000,0.068,9991786,6301126,74650942918,30275930260,
GPU,2,0.000,0.000,0.068,9991786,6301126,74650942918,30275930260,
GPU,2,0.000,0.000,0.068,9991786,6301126,74650942918,30275930260,
GPU,2,0.000,0.000,0.068,9991786,6301126,74650942918,30275930260,
GPU,2,0.000,0.000,0.068,9991786,6301126,74650942918,30275930260,
GPU,2,0.000,0.000,0.078,9045231,5848209,90791711137,30254933208,
GPU,2,0.000,0.000,0.078,9045231,5848209,90791711137,30254933208,
GPU,2,0.000,0.000,0.078,9045231,5848209,90791711137,30254933208,
GPU,2,0.000,0.000,0.078,9045231,5848209,90791711137,30254933208,
GPU,2,0.000,0.000,0.081,8647910,5385979,58296570231,67199641566,
GPU,2,0.000,0.000,0.081,8647910,5385979,58296570231,67199641566,
GPU,2,0.000,0.000,0.081,8647910,5385979,58296570231,67199641566,
GPU,2,0.000,0.000,0.027,10880947,6740409,10070148409,31660487957,
GPU,2,0.000,0.000,0.027,10880947,6740409,10070148409,31660487957,
GPU,2,0.000,0.000,0.027,10880947,6740409,10070148409,31660487957,
GPU,2,0.000,0.000,0.027,10880947,6740409,10070148409,31660487957,
GPU,2,0.000,0.000,0.027,10880947,6740409,10070148409,31660487957,
GPU,2,0.000,0.000,0.000,15925417,8935528,0,0,
GPU,2,0.000,0.000,0.000,15925417,8935528,0,0,
GPU,2,0.000,0.000,0.000,15925417,8935528,0,0,
GPU,2,0.000,0.000,0.000,10399635,6647189,0,0,
GPU,2,0.000,0.000,0.000,10399635,6647189,0,0,
GPU,2,0.000,0.000,0.000,10399635,6647189,0,0,
GPU,2,0.000,0.000,0.000,10399635,6647189,0,0,
GPU,2,0.000,0.000,0.000,10927031,7535883,0,0,
GPU,2,0.000,0.000,0.000,10927031,7535883,0,0,
GPU,2,0.000,0.000,0.000,10927031,7535883,0,0,
GPU,2,0.000,0.000,0.000,10927031,7535883,0,0,
GPU,2,0.000,0.000,0.000,10927031,7535883,0,0,
GPU,2,0.145,0.137,0.125,12024650,11284672,0,935659448,
GPU,2,0.145,0.137,0.125,12024650,11284672,0,935659448,
GPU,2,0.145,0.137,0.125,12024650,11284672,0,935659448,
GPU,2,0.145,0.137,0.125,12024650,11284672,0,935659448,
GPU,2,0.000,0.000,0.072,13405585,8136723,20557980408,91984747811,
GPU,2,0.000,0.000,0.072,13405585,8136723,20557980408,91984747811,
GPU,2,0.000,0.000,0.072,13405585,8136723,20557980408,91984747811,
GPU,2,0.000,0.000,0.072,13405585,8136723,20557980408,91984747811,
GPU,2,0.000,0.000,0.118,9953717,6435593,89305033706,93494578012,
GPU,2,0.000,0.000,0.118,9953717,6435593,89305033706,93494578012,
GPU,2,0.000,0.000,0.118,9953717,6435593,89305033706,93494578012,
GPU,2,0.000,0.000,0.084,10511150,6546418,68982239382,61484348527,
GPU,2,0.000,0.000,0.084,10511150,6546418,68982239382,61484348527,
GPU,2,0.000,0.000,0.084,10511150,6546418,68982239382,61484348527,
GPU,2,0.000,0.000,0.084,10511150,6546418,68982239382,61484348527,
GPU,2,0.000,0.000,0.084,10511150,6546418,68982239382,61484348527,
GPU,2,0.000,0.000,0.016,9100216,5720135,24898001744,0,
GPU,2,0.000,0.000,0.016,9100216,5720135,24898001744,0,
GPU,2,0.000,0.000,0.016,9100216,5720135,24898001744,0,
GPU,2,0.000,0.000,0.016,9100216,5720135,24898001744,0,
GPU,2,0.000,0.000,0.038,8689865,5401808,59599811132,0,
GPU,2,0.000,0.000,0.038,8689865,5401808,59599811132,0,
GPU,2,0.000,0.000,0.038,8689865,5401808,59599811132,0,
GPU,2,0.000,0.000,0.000,10974935,6943326,0,0,
GPU,2,0.000,0.000,0.000,10974935,6943326,0,0,
GPU,2,0.000,0.000,0.000,10974935,6943326,0,0,
GPU,2,0.000,0.000,0.000,10974935,6943326,0,0,
GPU,2,0.000,0.000,0.000,10728629,6888909,0,0,
GPU,2,0.000,0.000,0.000,10728629,6888909,0,0,
GPU,2,0.000,0.000,0.000,10728629,6888909,0,0,
GPU,2,0.000,0.000,0.000,14089760,8122332,0,0,
GPU,2,0.000,0.000,0.000,14089760,8122332,0,0,
GPU,2,0.000,0.000,0.000,14089760,8122332,0,0,
GPU,2,0.000,0.000,0.000,10669704,6890850,0,0,
GPU,2,0.000,0.000,0.000,10669704,6890850,0,0,
GPU,2,0.000,0.000,0.000,10669704,6890850,0,0,
GPU,2,0.000,0.000,0.000,10669704,6890850,0,0,
GPU,2,0.147,0.138,0.146,10502810,9658834,0,31060769190,
GPU,2,0.147,0.138,0.146,10502810,9658834,0,31060769190,
GPU,2,0.147,0.138,0.146,10502810,9658834,0,31060769190,
GPU,2,0.147,0.138,0.146,10502810,9658834,0,31060769190,
GPU,2,0.000,0.000,0.082,10172293,6527221,35283603005,91689334456,
GPU,2,0.000,0.000,0.082,10172293,6527221,35283603005,91689334456,
GPU,2,0.000,0.000,0.082,10172293,6527221,35283603005,91689334456,
GPU,2,0.000,0.000,0.082,10172293,6527221,35283603005,91689334456,
GPU,2,0.000,0.000,0.124,9963060,6416886,104427179419,88890248021,
GPU,2,0.000,0.000,0.124,9963060,6416886,104427179419,88890248021,
GPU,2,0.000,0.000,0.124,9963060,6416886,104427179419,88890248021,
GPU,2,0.000,0.000,0.124,9963060,6416886,104427179419,88890248021,
GPU,2,0.000,0.000,0.079,10290560,6374683,60550385611,61932029938,
GPU,2,0.000,0.000,0.079,10290560,6374683,60550385611,61932029938,
GPU,2,0.000,0.000,0.079,10290560,6374683,60550385611,61932029938,
GPU,2,0.000,0.000,0.079,10290560,6374683,60550385611,61932029938,
GPU,2,0.000,0.000,0.079,10290560,6374683,60550385611,61932029938,
GPU,2,0.000,0.000,0.079,10290560,6374683,60550385611,61932029938,
GPU,2,0.000,0.000,0.079,10290560,6374683,60550385611,61932029938,
GPU,2,0.000,0.000,0.034,13723311,7250051,52152830972,0,
GPU,2,0.000,0.000,0.034,13723311,7250051,52152830972,0,
GPU,2,0.000,0.000,0.034,13723311,7250051,52152830972,0,
GPU,2,0.000,0.000,0.034,13723311,7250051,52152830972,0,
GPU,2,0.000,0.000,0.007,15012206,8175437,10687234245,0,
GPU,2,0.000,0.000,0.007,15012206,8175437,10687234245,0,
GPU,2,0.000,0.000,0.007,15012206,8175437,10687234245,0,
GPU,2,0.000,0.000,0.000,10945996,6996410,0,0,
GPU,2,0.000,0.000,0.000,10945996,6996410,0,0,
GPU,2,0.000,0.000,0.000,10945996,6996410,0,0,
GPU,2,0.000,0.000,0.000,10745466,6899720,0,0,
GPU,2,0.000,0.000,0.000,10745466,6899720,0,0,
GPU,2,0.000,0.000,0.000,10745466,6899720,0,0,
GPU,2,0.000,0.000,0.000,10745466,6899720,0,0,
GPU,2,0.000,0.000,0.000,10347104,6643930,0,0,
GPU,2,0.000,0.000,0.000,10347104,6643930,0,0,
GPU,2,0.000,0.000,0.000,10347104,6643930,0,0,
GPU,2,0.000,0.000,0.000,10347104,6643930,0,0,
GPU,2,0.124,0.116,0.114,8817812,8266699,0,12938469676,
GPU,2,0.124,0.116,0.114,8817812,8266699,0,12938469676,
GPU,2,0.124,0.116,0.114,8817812,8266699,0,12938469676,
GPU,2,0.124,0.116,0.114,8817812,8266699,0,12938469676,
GPU,2,0.000,0.000,0.071,9860258,6141038,16583874368,93380998459,
GPU,2,0.000,0.000,0.071,9860258,6141038,16583874368,93380998459,
GPU,2,0.000,0.000,0.071,9860258,6141038,16583874368,93380998459,
GPU,2,0.000,0.000,0.071,9860258,6141038,16583874368,93380998459,
GPU,2,0.000,0.000,0.071,9860258,6141038,16583874368,93380998459,
GPU,2,0.000,0.000,0.071,9860258,6141038,16583874368,93380998459,
GPU,2,0.000,0.000,0.098,8208267,5247909,57648987212,93932939880,
GPU,2,0.000,0.000,0.098,8208267,5247909,57648987212,93932939880,
GPU,2,0.000,0.000,0.098,8208267,5247909,57648987212,93932939880,
GPU,2,0.000,0.000,0.098,8208267,5247909,57648987212,93932939880,
GPU,2,0.000,0.000,0.022,7852557,4890628,0,34828698860,
GPU,2,0.000,0.000,0.022,7852557,4890628,0,34828698860,
GPU,2,0.000,0.000,0.022,7852557,4890628,0,34828698860,
GPU,2,0.000,0.000,0.022,7852557,4890628,0,34828698860,
GPU,2,0.000,0.000,0.083,9611399,6055181,129238729132,0,
GPU,2,0.000,0.000,0.083,9611399,6055181,129238729132,0,
GPU,2,0.000,0.000,0.083,9611399,6055181,129238729132,0,
GPU,2,0.000,0.000,0.083,9611399,6055181,129238729132,0,
GPU,2,0.000,0.000,0.083,9611399,6055181,129238729132,0,
GPU,2,0.000,0.000,0.035,8317424,5162539,53956557590,0,
GPU,2,0.000,0.000,0.035,8317424,5162539,53956557590,0,
GPU,2,0.000,0.000,0.035,8317424,5162539,53956557590,0,
GPU,2,0.000,0.000,0.000,8727416,5553810,0,0,
GPU,2,0.000,0.000,0.000,8727416,5553810,0,0,
GPU,2,0.000,0.000,0.000,8727416,5553810,0,0,
GPU,2,0.000,0.000,0.000,10827271,6879828,0,0,
GPU,2,0.000,0.000,0.000,10827271,6879828,0,0,
GPU,2,0.000,0.000,0.000,10827271,6879828,0,0,
GPU,2,0.000,0.000,0.000,10839725,6887742,0,0,
GPU,2,0.000,0.000,0.000,10839725,6887742,0,0,
GPU,2,0.000,0.000,0.000,10839725,6887742,0,0,
GPU,2,0.000,0.000,0.000,10839725,6887742,0,0,
GPU,2,0.000,0.000,0.000,10839725,6887742,0,0,
GPU,2,0.000,0.000,0.000,10839725,6887742,0,0,
GPU,2,0.000,0.000,0.000,10563902,6898874,0,0,
GPU,2,0.000,0.000,0.000,10563902,6898874,0,0,
GPU,2,0.000,0.000,0.000,10563902,6898874,0,0,
GPU,2,0.000,0.000,0.000,10563902,6898874,0,0,
GPU,2,0.085,0.080,0.128,7229419,6528057,21031556213,64616710951,
GPU,2,0.085,0.080,0.128,7229419,6528057,21031556213,64616710951,
GPU,2,0.085,0.080,0.128,7229419,6528057,21031556213,64616710951,
GPU,2,0.085,0.080,0.128,7229419,6528057,21031556213,64616710951,
GPU,2,0.000,0.000,0.071,9896245,6240875,80583418773,30275582017,
GPU,2,0.000,0.000,0.071,9896245,6240875,80583418773,30275582017,
GPU,2,0.000,0.000,0.071,9896245,6240875,80583418773,30275582017,
GPU,2,0.000,0.000,0.071,9896245,6240875,80583418773,30275582017,
GPU,2,0.000,0.000,0.071,9896245,6240875,80583418773,30275582017,
GPU,2,0.000,0.000,0.058,8802182,5547593,60312965188,30226314086,
GPU,2,0.000,0.000,0.058,8802182,5547593,60312965188,30226314086,
GPU,2,0.000,0.000,0.058,8802182,5547593,60312965188,30226314086,
GPU,2,0.000,0.000,0.058,8802182,5547593,60312965188,30226314086,
GPU,2,0.000,0.000,0.082,8423891,5172565,60552912569,67489756473,
GPU,2,0.000,0.000,0.082,8423891,5172565,60552912569,67489756473,
GPU,2,0.000,0.000,0.082,8423891,5172565,60552912569,67489756473,
GPU,2,0.000,0.000,0.031,10924735,6864214,20998114758,27696158819,
GPU,2,0.000,0.000,0.031,10924735,6864214,20998114758,27696158819,
GPU,2,0.000,0.000,0.031,10924735,6864214,20998114758,27696158819,
GPU,2,0.000,0.000,0.031,10924735,6864214,20998114758,27696158819,
GPU,2,0.000,0.000,0.000,9022491,5639056,0,0,
GPU,2,0.000,0.000,0.000,9022491,5639056,0,0,
GPU,2,0.000,0.000,0.000,9022491,5639056,0,0,
GPU,2,0.000,0.000,0.000,9022491,5639056,0,0,
GPU,2,0.000,0.000,0.000,10640996,6801461,0,0,
GPU,2,0.000,0.000,0.000,10640996,6801461,0,0,
GPU,2,0.000,0.000,0.000,10640996,6801461,0,0,
GPU,2,0.000,0.000,0.000,10615579,6855894,0,0,
GPU,2,0.000,0.000,0.000,10615579,6855894,0,0,
GPU,2,0.000,0.000,0.000,10615579,6855894,0,0,
GPU,2,0.000,0.000,0.000,10736662,6894067,0,0,
GPU,2,0.000,0.000,0.000,10736662,6894067,0,0,
GPU,2,0.000,0.000,0.000,10736662,6894067,0,0,
GPU,2,0.000,0.000,0.000,10736662,6894067,0,0,
GPU,2,0.000,0.000,0.000,10736662,6894067,0,0,
GPU,2,0.000,0.000,0.000,10736662,6894067,0,0,
GPU,2,0.000,0.000,0.000,10736662,6894067,0,0,
GPU,2,0.092,0.086,0.232,7526423,7820424,177896004527,59145716039,
GPU,2,0.092,0.086,0.232,7526423,7820424,177896004527,59145716039,
GPU,2,0.092,0.086,0.232,7526423,7820424,177896004527,59145716039,
GPU,2,0.092,0.086,0.232,7526423,7820424,177896004527,59145716039,
GPU,2,0.000,0.000,0.026,7788638,4893746,8291462222,32175044048,
GPU,2,0.000,0.000,0.026,7788638,4893746,8291462222,32175044048,
GPU,2,0.000,0.000,0.026,7788638,4893746,8291462222,32175044048,
GPU,2,0.000,0.000,0.026,7788638,4893746,8291462222,32175044048,
GPU,2,0.000,0.000,0.019,10412574,6378874,0,30274162626,
GPU,2,0.000,0.000,0.019,10412574,6378874,0,30274162626,
GPU,2,0.000,0.000,0.019,10412574,6378874,0,30274162626,
GPU,2,0.000,0.000,0.019,10412574,6378874,0,30274162626,
GPU,2,0.000,0.000,0.019,10412574,6378874,0,30274162626,
GPU,2,0.000,0.000,0.033,7716405,4748557,0,51071510717,
GPU,2,0.000,0.000,0.033,7716405,4748557,0,51071510717,
GPU,2,0.000,0.000,0.033,7716405,4748557,0,51071510717,
GPU,2,0.000,0.000,0.033,10204595,6355493,0,51555224540,
GPU,2,0.000,0.000,0.033,10204595,6355493,0,51555224540,
GPU,2,0.000,0.000,0.033,10204595,6355493,0,51555224540,
GPU,2,0.000,0.000,0.000,10771820,6814824,0,0,
GPU,2,0.000,0.000,0.000,10771820,6814824,0,0,
GPU,2,0.000,0.000,0.000,10771820,6814824,0,0,
GPU,2,0.000,0.000,0.000,10771820,6814824,0,0,
GPU,2,0.000,0.000,0.000,10771820,6814824,0,0,
GPU,2,0.000,0.000,0.000,9410069,5849502,0,0,
GPU,2,0.000,0.000,0.000,9410069,5849502,0,0,
GPU,2,0.000,0.000,0.000,9410069,5849502,0,0,
GPU,2,0.000,0.000,0.000,10614651,6784622,0,0,
GPU,2,0.000,0.000,0.000,10614651,6784622,0,0,
GPU,2,0.000,0.000,0.000,10614651,6784622,0,0,
GPU,2,0.000,0.000,0.000,10605537,6738935,0,0,
GPU,2,0.000,0.000,0.000,10605537,6738935,0,0,
GPU,2,0.000,0.000,0.000,10605537,6738935,0,0,
GPU,2,0.000,0.000,0.000,10605537,6738935,0,0,
GPU,2,0.148,0.139,0.174,10660880,10094815,36522244563,36170503325,
GPU,2,0.148,0.139,0.174,10660880,10094815,36522244563,36170503325,
GPU,2,0.148,0.139,0.174,10660880,10094815,36522244563,36170503325,
GPU,2,0.148,0.139,0.174,10660880,10094815,36522244563,36170503325,
GPU,2,0.148,0.139,0.174,10660880,10094815,36522244563,36170503325,
GPU,2,0.148,0.139,0.174,10660880,10094815,36522244563,36170503325,
GPU,2,0.000,0.000,0.117,12043329,7468209,90694160835,90958514852,
GPU,2,0.000,0.000,0.117,12043329,7468209,90694160835,90958514852,
GPU,2,0.000,0.000,0.117,12043329,7468209,90694160835,90958514852,
GPU,2,0.000,0.000,0.117,12043329,7468209,90694160835,90958514852,
GPU,2,0.000,0.000,0.047,8281684,5211749,25847933371,47270611622,
GPU,2,0.000,0.000,0.047,8281684,5211749,25847933371,47270611622,
GPU,2,0.000,0.000,0.047,8281684,5211749,25847933371,47270611622,
GPU,2,0.000,0.000,0.047,8281684,5211749,25847933371,47270611622,
GPU,2,0.000,0.000,0.019,10116257,6288484,0,30048846826,
GPU,2,0.000,0.000,0.019,10116257,6288484,0,30048846826,
GPU,2,0.000,0.000,0.019,10116257,6288484,0,30048846826,
GPU,2,0.000,0.000,0.019,10116257,6288484,0,30048846826,
GPU,2,0.000,0.000,0.070,9885670,6083489,78292757373,30254553375,
GPU,2,0.000,0.000,0.070,9885670,6083489,78292757373,30254553375,
GPU,2,0.000,0.000,0.070,9885670,6083489,78292757373,30254553375,
GPU,2,0.000,0.000,0.012,11063845,6816119,12047416480,5979471380,
GPU,2,0.000,0.000,0.012,11063845,6816119,12047416480,5979471380,
GPU,2,0.000,0.000,0.012,11063845,6816119,12047416480,5979471380,
GPU,2,0.000,0.000,0.000,10694302,6835533,0,0,
GPU,2,0.000,0.000,0.000,10694302,6835533,0,0,
GPU,2,0.000,0.000,0.000,10694302,6835533,0,0,
GPU,2,0.000,0.000,0.000,10751547,6903625,0,0,
GPU,2,0.000,0.000,0.000,10751547,6903625,0,0,
GPU,2,0.000,0.000,0.000,10751547,6903625,0,0,
GPU,2,0.000,0.000,0.000,9937154,6395198,0,0,
GPU,2,0.000,0.000,0.000,9937154,6395198,0,0,
GPU,2,0.000,0.000,0.000,9937154,6395198,0,0,
GPU,2,0.000,0.000,0.000,9937154,6395198,0,0,
GPU,2,0.000,0.000,0.000,10874917,6880049,0,0,
GPU,2,0.000,0.000,0.000,10874917,6880049,0,0,
GPU,2,0.000,0.000,0.000,10874917,6880049,0,0,
GPU,2,0.000,0.000,0.000,10874917,6880049,0,0,
GPU,2,0.151,0.142,0.158,10635176,9868677,0,44302234225,
GPU,2,0.151,0.142,0.158,10635176,9868677,0,44302234225,
GPU,2,0.151,0.142,0.158,10635176,9868677,0,44302234225,
GPU,2,0.151,0.142,0.158,10635176,9868677,0,44302234225,
GPU,2,0.000,0.000,0.068,9670828,6076361,41953090064,63808345903,
GPU,2,0.000,0.000,0.068,9670828,6076361,41953090064,63808345903,
GPU,2,0.000,0.000,0.068,9670828,6076361,41953090064,63808345903,
GPU,2,0.000,0.000,0.068,9670828,6076361,41953090064,63808345903,
GPU,2,0.000,0.000,0.068,9670828,6076361,41953090064,63808345903,
GPU,2,0.000,0.000,0.087,8493667,5353151,105144129153,30266435291,
GPU,2,0.000,0.000,0.087,8493667,5353151,105144129153,30266435291,
GPU,2,0.000,0.000,0.087,8493667,5353151,105144129153,30266435291,
GPU,2,0.000,0.000,0.060,10202411,6500651,63255534300,30275609012,
GPU,2,0.000,0.000,0.060,10202411,6500651,63255534300,30275609012,
GPU,2,0.000,0.000,0.060,10202411,6500651,63255534300,30275609012,
GPU,2,0.000,0.000,0.060,10202411,6500651,63255534300,30275609012,
GPU,2,0.000,0.000,0.063,10470031,6508397,30275183196,67584898040,
GPU,2,0.000,0.000,0.063,10470031,6508397,30275183196,67584898040,
GPU,2,0.000,0.000,0.063,10470031,6508397,30275183196,67584898040,
GPU,2,0.000,0.000,0.037,10836155,6668403,14895745419,42777740152,
GPU,2,0.000,0.000,0.037,10836155,6668403,14895745419,42777740152,
GPU,2,0.000,0.000,0.037,10836155,6668403,14895745419,42777740152,
GPU,2,0.000,0.000,0.037,10836155,6668403,14895745419,42777740152,
GPU,2,0.000,0.000,0.000,10621035,6758840,0,0,
GPU,2,0.000,0.000,0.000,10621035,6758840,0,0,
GPU,2,0.000,0.000,0.000,10621035,6758840,0,0,
GPU,2,0.000,0.000,0.000,10458523,6715473,0,0,
GPU,2,0.000,0.000,0.000,10458523,6715473,0,0,
GPU,2,0.000,0.000,0.000,10458523,6715473,0,0,
GPU,2,0.000,0.000,0.000,10949780,6998828,0,0,
GPU,2,0.000,0.000,0.000,10949780,6998828,0,0,
GPU,2,0.000,0.000,0.000,10949780,6998828,0,0,
GPU,2,0.000,0.000,0.000,10949780,6998828,0,0,
GPU,2,0.000,0.000,0.000,12875655,7399802,0,0,
GPU,2,0.000,0.000,0.000,12875655,7399802,0,0,
GPU,2,0.000,0.000,0.000,12875655,7399802,0,0,
GPU,2,0.000,0.000,0.000,12875655,7399802,0,0,
GPU,2,0.000,0.000,0.000,12875655,7399802,0,0,
GPU,2,0.141,0.132,0.190,10047490,9868070,54054089362,53884439846,
GPU,2,0.141,0.132,0.190,10047490,9868070,54054089362,53884439846,
GPU,2,0.141,0.132,0.190,10047490,9868070,54054089362,53884439846,
GPU,2,0.141,0.132,0.190,10047490,9868070,54054089362,53884439846,
GPU,2,0.000,0.000,0.093,10076934,6602129,55610927718,88527391235,
GPU,2,0.000,0.000,0.093,10076934,6602129,55610927718,88527391235,
GPU,2,0.000,0.000,0.093,10076934,6602129,55610927718,88527391235,
GPU,2,0.000,0.000,0.093,10076934,6602129,55610927718,88527391235,
GPU,2,0.000,0.000,0.114,13150564,7598104,87885217943,88984121149,
GPU,2,0.000,0.000,0.114,13150564,7598104,87885217943,88984121149,
GPU,2,0.000,0.000,0.114,13150564,7598104,87885217943,88984121149,
GPU,2,0.000,0.000,0.114,13150564,7598104,87885217943,88984121149,
GPU,2,0.000,0.000,0.051,9969171,6154879,52810818718,26701426024,
GPU,2,0.000,0.000,0.051,9969171,6154879,52810818718,26701426024,
GPU,2,0.000,0.000,0.051,9969171,6154879,52810818718,26701426024,
GPU,2,0.000,0.000,0.051,9969171,6154879,52810818718,26701426024,
GPU,2,0.000,0.000,0.005,10008359,6186985,8268684640,0,
GPU,2,0.000,0.000,0.005,10008359,6186985,8268684640,0,
GPU,2,0.000,0.000,0.005,10008359,6186985,8268684640,0,
GPU,2,0.000,0.000,0.000,10013986,6437562,0,0,
GPU,2,0.000,0.000,0.000,10013986,6437562,0,0,
GPU,2,0.000,0.000,0.000,10013986,6437562,0,0,
GPU,2,0.000,0.000,0.000,10913830,6915694,0,0,
GPU,2,0.000,0.000,0.000,10913830,6915694,0,0,
GPU,2,0.000,0.000,0.000,10913830,6915694,0,0,
GPU,2,0.000,0.000,0.000,10644499,6803700,0,0,
GPU,2,0.000,0.000,0.000,10644499,6803700,0,0,
GPU,2,0.000,0.000,0.000,10644499,6803700,0,0,
GPU,2,0.000,0.000,0.000,10600048,6735447,0,0,
GPU,2,0.000,0.000,0.000,10600048,6735447,0,0,
GPU,2,0.000,0.000,0.000,10600048,6735447,0,0,
GPU,2,0.000,0.000,0.000,10850139,7007381,0,0,
GPU,2,0.000,0.000,0.000,10850139,7007381,0,0,
GPU,2,0.000,0.000,0.000,10850139,7007381,0,0,
GPU,2,0.000,0.000,0.000,10850139,7007381,0,0,
GPU,2,0.000,0.000,0.000,10850139,7007381,0,0,
GPU,2,0.000,0.000,0.000,10850139,7007381,0,0,
GPU,2,0.000,0.000,0.000,10850139,7007381,0,0,
GPU,2,0.098,0.092,0.176,7420369,6921521,95356916259,47760597604,
GPU,2,0.098,0.092,0.176,7420369,6921521,95356916259,47760597604,
GPU,2,0.098,0.092,0.176,7420369,6921521,95356916259,47760597604,
GPU,2,0.098,0.092,0.176,7420369,6921521,95356916259,47760597604,
GPU,2,0.000,0.000,0.104,9268077,5655097,67639902312,93907861666,
GPU,2,0.000,0.000,0.104,9268077,5655097,67639902312,93907861666,
GPU,2,0.000,0.000,0.104,9268077,5655097,67639902312,93907861666,
GPU,2,0.000,0.000,0.104,9268077,5655097,67639902312,93907861666,
GPU,2,0.000,0.000,0.080,10166841,6298043,30275398829,93958716886,
GPU,2,0.000,0.000,0.080,10166841,6298043,30275398829,93958716886,
GPU,2,0.000,0.000,0.080,10166841,6298043,30275398829,93958716886,
GPU,2,0.000,0.000,0.080,10166841,6298043,30275398829,93958716886,
GPU,2,0.000,0.000,0.027,10324669,6387295,30275222434,12237453722,
GPU,2,0.000,0.000,0.027,10324669,6387295,30275222434,12237453722,
GPU,2,0.000,0.000,0.027,10324669,6387295,30275222434,12237453722,
GPU,2,0.000,0.000,0.004,9453268,5843838,6256419896,0,
GPU,2,0.000,0.000,0.004,9453268,5843838,6256419896,0,
GPU,2,0.000,0.000,0.004,9453268,5843838,6256419896,0,
GPU,2,0.000,0.000,0.004,9453268,5843838,6256419896,0,
GPU,2,0.000,0.000,0.000,10081526,6480981,0,0,
GPU,2,0.000,0.000,0.000,10081526,6480981,0,0,
GPU,2,0.000,0.000,0.000,10081526,6480981,0,0,
GPU,2,0.000,0.000,0.000,10812941,6870723,0,0,
GPU,2,0.000,0.000,0.000,10812941,6870723,0,0,
GPU,2,0.000,0.000,0.000,10812941,6870723,0,0,
GPU,2,0.000,0.000,0.000,10812941,6870723,0,0,
GPU,2,0.000,0.000,0.000,9037395,5670522,0,0,
GPU,2,0.000,0.000,0.000,9037395,5670522,0,0,
GPU,2,0.000,0.000,0.000,9037395,5670522,0,0,
GPU,2,0.000,0.000,0.000,8252408,5412869,0,0,
GPU,2,0.000,0.000,0.000,8252408,5412869,0,0,
GPU,2,0.000,0.000,0.000,8252408,5412869,0,0,
GPU,2,0.000,0.000,0.000,10776602,6847633,0,0,
GPU,2,0.000,0.000,0.000,10776602,6847633,0,0,
GPU,2,0.000,0.000,0.000,10776602,6847633,0,0,
GPU,2,0.000,0.000,0.000,10848300,6893190,0,0,
GPU,2,0.000,0.000,0.000,10848300,6893190,0,0,
GPU,2,0.000,0.000,0.000,10848300,6893190,0,0,
GPU,2,0.000,0.000,0.000,10848300,6893190,0,0,
GPU,2,0.000,0.000,0.000,10848300,6893190,0,0,
GPU,2,0.000,0.000,0.000,9307135,6016734,0,0,
GPU,2,0.000,0.000,0.000,9307135,6016734,0,0,
GPU,2,0.000,0.000,0.000,9307135,6016734,0,0,
GPU,2,0.000,0.000,0.000,8402678,5284158,0,0,
GPU,2,0.000,0.000,0.000,8402678,5284158,0,0,
GPU,2,0.000,0.000,0.000,8402678,5284158,0,0,
GPU,2,0.000,0.000,0.000,10847151,7005451,0,0,
GPU,2,0.000,0.000,0.000,10847151,7005451,0,0,
GPU,2,0.000,0.000,0.000,10847151,7005451,0,0,
GPU,2,0.000,0.000,0.000,10726887,6887791,0,0,
GPU,2,0.000,0.000,0.000,10726887,6887791,0,0,
GPU,2,0.000,0.000,0.000,10726887,6887791,0,0,
GPU,2,0.000,0.000,0.000,10726887,6887791,0,0,
GPU,2,0.000,0.000,0.000,10726887,6887791,0,0,
GPU,2,0.000,0.000,0.000,9310499,5865614,0,0,
GPU,2,0.000,0.000,0.000,9310499,5865614,0,0,
GPU,2,0.000,0.000,0.000,9310499,5865614,0,0,
GPU,2,0.000,0.000,0.000,8318504,5316982,0,0,
GPU,2,0.000,0.000,0.000,8318504,5316982,0,0,
GPU,2,0.000,0.000,0.000,8318504,5316982,0,0,
GPU,2,0.000,0.000,0.000,8318504,5316982,0,0,
GPU,2,0.000,0.000,0.000,8318504,5316982,0,0,
GPU,2,0.000,0.000,0.000,8318504,5316982,0,0,
GPU,2,0.000,0.000,0.000,8318504,5316982,0,0,
GPU,2,0.000,0.000,0.000,7588711,4493316,0,0,
GPU,2,0.000,0.000,0.000,7588711,4493316,0,0,
GPU,2,0.000,0.000,0.000,7588711,4493316,0,0,
GPU,2,0.000,0.000,0.000,10169769,6561141,0,0,
GPU,2,0.000,0.000,0.000,10169769,6561141,0,0,
GPU,2,0.000,0.000,0.000,10169769,6561141,0,0,
GPU,2,0.000,0.000,0.000,10657933,6772228,0,0,
GPU,2,0.000,0.000,0.000,10657933,6772228,0,0,
GPU,2,0.000,0.000,0.000,10657933,6772228,0,0,
GPU,2,0.000,0.000,0.000,10738179,6895041,0,0,
GPU,2,0.000,0.000,0.000,10738179,6895041,0,0,
GPU,2,0.000,0.000,0.000,10738179,6895041,0,0,
GPU,2,0.000,0.000,0.000,10738179,6895041,0,0,
GPU,2,0.000,0.000,0.000,10840337,7001051,0,0,
GPU,2,0.000,0.000,0.000,10840337,7001051,0,0,
GPU,2,0.000,0.000,0.000,10840337,7001051,0,0,
GPU,2,0.000,0.000,0.000,10840337,7001051,0,0,
GPU,2,0.000,0.000,0.000,11220873,6539317,0,0,
GPU,2,0.000,0.000,0.000,11220873,6539317,0,0,
GPU,2,0.000,0.000,0.000,11220873,6539317,0,0,
GPU,2,0.000,0.000,0.000,10682393,6899045,0,0,
GPU,2,0.000,0.000,0.000,10682393,6899045,0,0,
GPU,2,0.000,0.000,0.000,10682393,6899045,0,0,
GPU,2,0.000,0.000,0.000,10825058,6878422,0,0,
GPU,2,0.000,0.000,0.000,10825058,6878422,0,0,
GPU,2,0.000,0.000,0.000,10825058,6878422,0,0,
GPU,2,0.000,0.000,0.000,10825058,6878422,0,0,
GPU,2,0.000,0.000,0.000,10860649,6901037,0,0,
GPU,2,0.000,0.000,0.000,10860649,6901037,0,0,
GPU,2,0.000,0.000,0.000,10860649,6901037,0,0,
GPU,2,0.000,0.000,0.000,14102871,8177996,0,0,
GPU,2,0.000,0.000,0.000,14102871,8177996,0,0,
GPU,2,0.000,0.000,0.000,14102871,8177996,0,0,
GPU,2,0.000,0.000,0.000,10706220,6802910,0,0,
GPU,2,0.000,0.000,0.000,10706220,6802910,0,0,
GPU,2,0.000,0.000,0.000,10706220,6802910,0,0,
GPU,2,0.000,0.000,0.000,10825134,6991232,0,0,
GPU,2,0.000,0.000,0.000,10825134,6991232,0,0,
GPU,2,0.000,0.000,0.000,10825134,6991232,0,0,
GPU,2,0.000,0.000,0.000,10825134,6991232,0,0,
GPU,2,0.000,0.000,0.000,10859037,6900013,0,0,
GPU,2,0.000,0.000,0.000,10859037,6900013,0,0,
GPU,2,0.000,0.000,0.000,10859037,6900013,0,0,
GPU,2,0.000,0.000,0.000,10859037,6900013,0,0,
GPU,2,0.000,0.000,0.000,13049202,7829521,0,0,
GPU,2,0.000,0.000,0.000,13049202,7829521,0,0,
GPU,2,0.000,0.000,0.000,13049202,7829521,0,0,
GPU,2,0.000,0.000,0.000,9501769,5975339,0,0,
GPU,2,0.000,0.000,0.000,9501769,5975339,0,0,
GPU,2,0.000,0.000,0.000,9501769,5975339,0,0,
GPU,2,0.000,0.000,0.000,10838502,6999865,0,0,
GPU,2,0.000,0.000,0.000,10838502,6999865,0,0,
GPU,2,0.000,0.000,0.000,10838502,6999865,0,0,
GPU,2,0.000,0.000,0.000,10841332,6888763,0,0,
GPU,2,0.000,0.000,0.000,10841332,6888763,0,0,
GPU,2,0.000,0.000,0.000,10841332,6888763,0,0,
GPU,2,0.000,0.000,0.000,10841332,6888763,0,0,
GPU,2,0.000,0.000,0.000,9788109,6228797,0,0,
GPU,2,0.000,0.000,0.000,9788109,6228797,0,0,
GPU,2,0.000,0.000,0.000,9788109,6228797,0,0,
GPU,2,0.000,0.000,0.000,8334765,5327375,0,0,
GPU,2,0.000,0.000,0.000,8334765,5327375,0,0,
GPU,2,0.000,0.000,0.000,8334765,5327375,0,0,
GPU,2,0.000,0.000,0.000,10715393,6880410,0,0,
GPU,2,0.000,0.000,0.000,10715393,6880410,0,0,
GPU,2,0.000,0.000,0.000,10715393,6880410,0,0,
GPU,2,0.000,0.000,0.000,10972462,7013326,0,0,
GPU,2,0.000,0.000,0.000,10972462,7013326,0,0,
GPU,2,0.000,0.000,0.000,10972462,7013326,0,0,
GPU,2,0.000,0.000,0.000,10972462,7013326,0,0,
GPU,2,0.000,0.000,0.000,9787565,6228450,0,0,
GPU,2,0.000,0.000,0.000,9787565,6228450,0,0,
GPU,2,0.000,0.000,0.000,9787565,6228450,0,0,
GPU,2,0.000,0.000,0.000,9142426,5749360,0,0,
GPU,2,0.000,0.000,0.000,9142426,5749360,0,0,
GPU,2,0.000,0.000,0.000,9142426,5749360,0,0,
GPU,2,0.000,0.000,0.000,9142426,5749360,0,0,
GPU,2,0.000,0.000,0.000,10844547,7003770,0,0,
GPU,2,0.000,0.000,0.000,10844547,7003770,0,0,
GPU,2,0.000,0.000,0.000,10844547,7003770,0,0,
GPU,2,0.000,0.000,0.000,10495059,6771005,0,0,
GPU,2,0.000,0.000,0.000,10495059,6771005,0,0,
GPU,2,0.000,0.000,0.000,10495059,6771005,0,0,
GPU,2,0.000,0.000,0.000,10495059,6771005,0,0,
GPU,2,0.000,0.000,0.000,8742590,5563466,0,0,
GPU,2,0.000,0.000,0.000,8742590,5563466,0,0,
GPU,2,0.000,0.000,0.000,8742590,5563466,0,0,
GPU,2,0.000,0.000,0.000,9711438,6271970,0,0,
GPU,2,0.000,0.000,0.000,9711438,6271970,0,0,
GPU,2,0.000,0.000,0.000,9711438,6271970,0,0,
GPU,2,0.000,0.000,0.000,10857195,6898842,0,0,
GPU,2,0.000,0.000,0.000,10857195,6898842,0,0,
GPU,2,0.000,0.000,0.000,10857195,6898842,0,0,
GPU,2,0.000,0.000,0.000,10840414,6888179,0,0,
GPU,2,0.000,0.000,0.000,10840414,6888179,0,0,
GPU,2,0.000,0.000,0.000,10840414,6888179,0,0,
GPU,2,0.000,0.000,0.000,10840414,6888179,0,0,
GPU,2,0.000,0.000,0.000,9596756,6141924,0,0,
GPU,2,0.000,0.000,0.000,9596756,6141924,0,0,
GPU,2,0.000,0.000,0.000,9596756,6141924,0,0,
GPU,2,0.000,0.000,0.000,8630647,5628682,0,0,
GPU,2,0.000,0.000,0.000,8630647,5628682,0,0,
GPU,2,0.000,0.000,0.000,8630647,5628682,0,0,
GPU,2,0.000,0.000,0.000,10819491,6874885,0,0,
GPU,2,0.000,0.000,0.000,10819491,6874885,0,0,
GPU,2,0.000,0.000,0.000,10819491,6874885,0,0,
GPU,2,0.000,0.000,0.000,10843092,7002830,0,0,
GPU,2,0.000,0.000,0.000,10843092,7002830,0,0,
GPU,2,0.000,0.000,0.000,10843092,7002830,0,0,
GPU,2,0.000,0.000,0.000,10843092,7002830,0,0,
GPU,2,0.000,0.000,0.000,10843092,7002830,0,0,
GPU,2,0.000,0.000,0.000,9524376,6000357,0,0,
GPU,2,0.000,0.000,0.000,9524376,6000357,0,0,
GPU,2,0.000,0.000,0.000,9524376,6000357,0,0,
GPU,2,0.000,0.000,0.000,8712273,5626676,0,0,
GPU,2,0.000,0.000,0.000,8712273,5626676,0,0,
GPU,2,0.000,0.000,0.000,8712273,5626676,0,0,
GPU,2,0.000,0.000,0.000,10844317,6890660,0,0,
GPU,2,0.000,0.000,0.000,10844317,6890660,0,0,
GPU,2,0.000,0.000,0.000,10844317,6890660,0,0,
GPU,2,0.000,0.000,0.000,10856044,6898111,0,0,
GPU,2,0.000,0.000,0.000,10856044,6898111,0,0,
GPU,2,0.000,0.000,0.000,10856044,6898111,0,0,
GPU,2,0.000,0.000,0.000,10856044,6898111,0,0,
GPU,2,0.000,0.000,0.000,10856044,6898111,0,0,
GPU,2,0.000,0.000,0.000,8948343,5784787,0,0,
GPU,2,0.000,0.000,0.000,8948343,5784787,0,0,
GPU,2,0.000,0.000,0.000,8948343,5784787,0,0,
GPU,2,0.000,0.000,0.000,8393181,5364714,0,0,
GPU,2,0.000,0.000,0.000,8393181,5364714,0,0,
GPU,2,0.000,0.000,0.000,8393181,5364714,0,0,
GPU,2,0.000,0.000,0.000,10710334,6877162,0,0,
GPU,2,0.000,0.000,0.000,10710334,6877162,0,0,
GPU,2,0.000,0.000,0.000,10710334,6877162,0,0,
GPU,2,0.000,0.000,0.000,10856427,6898355,0,0,
GPU,2,0.000,0.000,0.000,10856427,6898355,0,0,
GPU,2,0.000,0.000,0.000,10856427,6898355,0,0,
GPU,2,0.000,0.000,0.000,10856427,6898355,0,0,
GPU,2,0.000,0.000,0.000,13452222,7961519,0,0,
GPU,2,0.000,0.000,0.000,13452222,7961519,0,0,
GPU,2,0.000,0.000,0.000,13452222,7961519,0,0,
GPU,2,0.000,0.000,0.000,9359918,5947447,0,0,
GPU,2,0.000,0.000,0.000,9359918,5947447,0,0,
GPU,2,0.000,0.000,0.000,9359918,5947447,0,0,
GPU,2,0.000,0.000,0.000,10727796,6888374,0,0,
GPU,2,0.000,0.000,0.000,10727796,6888374,0,0,
GPU,2,0.000,0.000,0.000,10727796,6888374,0,0,
GPU,2,0.000,0.000,0.000,10859498,7013425,0,0,
GPU,2,0.000,0.000,0.000,10859498,7013425,0,0,
GPU,2,0.000,0.000,0.000,10859498,7013425,0,0,
GPU,2,0.000,0.000,0.000,10859498,7013425,0,0,
GPU,2,0.000,0.000,0.000,10859498,7013425,0,0,
GPU,2,0.000,0.000,0.000,6965546,4362261,0,0,
GPU,2,0.000,0.000,0.000,6965546,4362261,0,0,
GPU,2,0.000,0.000,0.000,6965546,4362261,0,0,
GPU,2,0.000,0.000,0.000,10761560,6878523,0,0,
GPU,2,0.000,0.000,0.000,10761560,6878523,0,0,
GPU,2,0.000,0.000,0.000,10761560,6878523,0,0,
GPU,2,0.000,0.000,0.000,10738861,7008520,0,0,
GPU,2,0.000,0.000,0.000,10738861,7008520,0,0,
GPU,2,0.000,0.000,0.000,10738861,7008520,0,0,
GPU,2,0.000,0.000,0.000,10738861,7008520,0,0,
GPU,2,0.000,0.000,0.000,10738861,7008520,0,0,
GPU,2,0.000,0.000,0.000,10738861,7008520,0,0,
GPU,2,0.000,0.000,0.000,10738861,7008520,0,0,
GPU,2,0.000,0.000,0.000,5439438,3426846,0,0,
GPU,2,0.000,0.000,0.000,5439438,3426846,0,0,
GPU,2,0.000,0.000,0.000,5439438,3426846,0,0,
GPU,2,0.000,0.000,0.000,9110613,5877814,0,0,
GPU,2,0.000,0.000,0.000,9110613,5877814,0,0,
GPU,2,0.000,0.000,0.000,9110613,5877814,0,0,
GPU,2,0.000,0.000,0.000,10843552,6890173,0,0,
GPU,2,0.000,0.000,0.000,10843552,6890173,0,0,
GPU,2,0.000,0.000,0.000,10843552,6890173,0,0,
GPU,2,0.000,0.000,0.000,10858807,7012979,0,0,
GPU,2,0.000,0.000,0.000,10858807,7012979,0,0,
GPU,2,0.000,0.000,0.000,10858807,7012979,0,0,
GPU,2,0.000,0.000,0.000,10858807,7012979,0,0,
GPU,2,0.000,0.000,0.000,10858807,7012979,0,0,
GPU,2,0.000,0.000,0.000,9445044,6010482,0,0,
GPU,2,0.000,0.000,0.000,9445044,6010482,0,0,
GPU,2,0.000,0.000,0.000,9445044,6010482,0,0,
GPU,2,0.000,0.000,0.000,8895818,5685986,0,0,
GPU,2,0.000,0.000,0.000,8895818,5685986,0,0,
GPU,2,0.000,0.000,0.000,8895818,5685986,0,0,
GPU,2,0.000,0.000,0.000,10720683,6883807,0,0,
GPU,2,0.000,0.000,0.000,10720683,6883807,0,0,
GPU,2,0.000,0.000,0.000,10720683,6883807,0,0,
GPU,2,0.000,0.000,0.000,10863799,6903039,0,0,
GPU,2,0.000,0.000,0.000,10863799,6903039,0,0,
GPU,2,0.000,0.000,0.000,10863799,6903039,0,0,
GPU,2,0.000,0.000,0.000,10863799,6903039,0,0,
GPU,2,0.000,0.000,0.000,9185058,5845036,0,0,
GPU,2,0.000,0.000,0.000,9185058,5845036,0,0,
GPU,2,0.000,0.000,0.000,9185058,5845036,0,0,
GPU,2,0.000,0.000,0.000,9185058,5845036,0,0,
GPU,2,0.000,0.000,0.000,8305638,5308758,0,0,
GPU,2,0.000,0.000,0.000,8305638,5308758,0,0,
GPU,2,0.000,0.000,0.000,8305638,5308758,0,0,
GPU,2,0.000,0.000,0.000,10834908,6884681,0,0,
GPU,2,0.000,0.000,0.000,10834908,6884681,0,0,
GPU,2,0.000,0.000,0.000,10834908,6884681,0,0,
GPU,2,0.000,0.000,0.000,10834908,6884681,0,0,
GPU,2,0.000,0.000,0.000,8503145,5496983,0,0,
GPU,2,0.000,0.000,0.000,8503145,5496983,0,0,
GPU,2,0.000,0.000,0.000,8503145,5496983,0,0,
GPU,2,0.000,0.000,0.000,10757383,6764952,0,0,
GPU,2,0.000,0.000,0.000,10757383,6764952,0,0,
GPU,2,0.000,0.000,0.000,10757383,6764952,0,0,
GPU,2,0.000,0.000,0.000,10664296,6887358,0,0,
GPU,2,0.000,0.000,0.000,10664296,6887358,0,0,
GPU,2,0.000,0.000,0.000,10664296,6887358,0,0,
GPU,2,0.000,0.000,0.000,10847687,6892801,0,0,
GPU,2,0.000,0.000,0.000,10847687,6892801,0,0,
GPU,2,0.000,0.000,0.000,10847687,6892801,0,0,
GPU,2,0.000,0.000,0.000,10847687,6892801,0,0,
GPU,2,0.000,0.000,0.000,10740683,6896649,0,0,
GPU,2,0.000,0.000,0.000,10740683,6896649,0,0,
GPU,2,0.000,0.000,0.000,10740683,6896649,0,0,
GPU,2,0.000,0.000,0.000,12530019,7434478,0,0,
GPU,2,0.000,0.000,0.000,12530019,7434478,0,0,
GPU,2,0.000,0.000,0.000,12530019,7434478,0,0,
GPU,2,0.000,0.000,0.000,10544308,6700029,0,0,
GPU,2,0.000,0.000,0.000,10544308,6700029,0,0,
GPU,2,0.000,0.000,0.000,10544308,6700029,0,0,
GPU,2,0.000,0.000,0.000,10843399,6890076,0,0,
GPU,2,0.000,0.000,0.000,10843399,6890076,0,0,
GPU,2,0.000,0.000,0.000,10843399,6890076,0,0,
GPU,2,0.000,0.000,0.000,10841409,6888812,0,0,
GPU,2,0.000,0.000,0.000,10841409,6888812,0,0,
GPU,2,0.000,0.000,0.000,10841409,6888812,0,0,
GPU,2,0.000,0.000,0.000,10841409,6888812,0,0,
GPU,2,0.000,0.000,0.000,10841409,6888812,0,0,
GPU,2,0.000,0.000,0.000,9366310,5994438,0,0,
GPU,2,0.000,0.000,0.000,9366310,5994438,0,0,
GPU,2,0.000,0.000,0.000,9366310,5994438,0,0,
GPU,2,0.000,0.000,0.000,8682951,5634680,0,0,
GPU,2,0.000,0.000,0.000,8682951,5634680,0,0,
GPU,2,0.000,0.000,0.000,8682951,5634680,0,0,
GPU,2,0.000,0.000,0.000,10850982,6894895,0,0,
GPU,2,0.000,0.000,0.000,10850982,6894895,0,0,
GPU,2,0.000,0.000,0.000,10850982,6894895,0,0,
GPU,2,0.000,0.000,0.000,10840567,6888277,0,0,
GPU,2,0.000,0.000,0.000,10840567,6888277,0,0,
GPU,2,0.000,0.000,0.000,10840567,6888277,0,0,
GPU,2,0.000,0.000,0.000,10840567,6888277,0,0,
GPU,2,0.000,0.000,0.000,9464231,6022692,0,0,
GPU,2,0.000,0.000,0.000,9464231,6022692,0,0,
GPU,2,0.000,0.000,0.000,9464231,6022692,0,0,
GPU,2,0.000,0.000,0.000,8895461,5685758,0,0,
GPU,2,0.000,0.000,0.000,8895461,5685758,0,0,
GPU,2,0.000,0.000,0.000,8895461,5685758,0,0,
GPU,2,0.000,0.000,0.000,10728402,6888763,0,0,
GPU,2,0.000,0.000,0.000,10728402,6888763,0,0,
GPU,2,0.000,0.000,0.000,10728402,6888763,0,0,
GPU,2,0.000,0.000,0.000,10837355,6999125,0,0,
GPU,2,0.000,0.000,0.000,10837355,6999125,0,0,
GPU,2,0.000,0.000,0.000,10837355,6999125,0,0,
GPU,2,0.000,0.000,0.000,10837355,6999125,0,0,
GPU,2,0.000,0.000,0.000,10837355,6999125,0,0,
GPU,2,0.000,0.000,0.000,9235209,5818181,0,0,
GPU,2,0.000,0.000,0.000,9235209,5818181,0,0,
GPU,2,0.000,0.000,0.000,9235209,5818181,0,0,
GPU,2,0.000,0.000,0.000,8260995,5335226,0,0,
GPU,2,0.000,0.000,0.000,8260995,5335226,0,0,
GPU,2,0.000,0.000,0.000,8260995,5335226,0,0,
GPU,2,0.000,0.000,0.000,10825592,6878761,0,0,
GPU,2,0.000,0.000,0.000,10825592,6878761,0,0,
GPU,2,0.000,0.000,0.000,10825592,6878761,0,0,
GPU,2,0.000,0.000,0.000,10825592,6878761,0,0,
GPU,2,0.000,0.000,0.000,8571505,5485763,0,0,
GPU,2,0.000,0.000,0.000,8571505,5485763,0,0,
GPU,2,0.000,0.000,0.000,8571505,5485763,0,0,
GPU,2,0.000,0.000,0.000,10725491,6744896,0,0,
GPU,2,0.000,0.000,0.000,10725491,6744896,0,0,
GPU,2,0.000,0.000,0.000,10725491,6744896,0,0,
GPU,2,0.000,0.000,0.000,10219243,6669400,0,0,
GPU,2,0.000,0.000,0.000,10219243,6669400,0,0,
GPU,2,0.000,0.000,0.000,10219243,6669400,0,0,
GPU,2,0.000,0.000,0.000,10819873,6875127,0,0,
GPU,2,0.000,0.000,0.000,10819873,6875127,0,0,
GPU,2,0.000,0.000,0.000,10819873,6875127,0,0,
GPU,2,0.000,0.000,0.000,10819873,6875127,0,0,
GPU,2,0.000,0.000,0.000,11073139,6695386,0,0,
GPU,2,0.000,0.000,0.000,11073139,6695386,0,0,
GPU,2,0.000,0.000,0.000,11073139,6695386,0,0,
GPU,2,0.000,0.000,0.000,11073139,6695386,0,0,
GPU,2,0.000,0.000,0.000,11073139,6695386,0,0,
GPU,2,0.000,0.000,0.000,7181860,4516427,0,0,
GPU,2,0.000,0.000,0.000,7181860,4516427,0,0,
GPU,2,0.000,0.000,0.000,7181860,4516427,0,0,
GPU,2,0.000,0.000,0.000,10566856,6896264,0,0,
GPU,2,0.000,0.000,0.000,10566856,6896264,0,0,
GPU,2,0.000,0.000,0.000,10566856,6896264,0,0,
GPU,2,0.000,0.000,0.000,10861417,6901525,0,0,
GPU,2,0.000,0.000,0.000,10861417,6901525,0,0,
GPU,2,0.000,0.000,0.000,10861417,6901525,0,0,
GPU,2,0.000,0.000,0.000,10996639,7037849,0,0,
GPU,2,0.000,0.000,0.000,10996639,7037849,0,0,
GPU,2,0.000,0.000,0.000,10996639,7037849,0,0,
GPU,2,0.000,0.000,0.000,10628728,6753670,0,0,
GPU,2,0.000,0.000,0.000,10628728,6753670,0,0,
GPU,2,0.000,0.000,0.000,10628728,6753670,0,0,
GPU,2,0.000,0.000,0.000,10367820,6688916,0,0,
GPU,2,0.000,0.000,0.000,10367820,6688916,0,0,
GPU,2,0.000,0.000,0.000,10367820,6688916,0,0,
GPU,2,0.000,0.000,0.000,10733250,6891876,0,0,
GPU,2,0.000,0.000,0.000,10733250,6891876,0,0,
GPU,2,0.000,0.000,0.000,10733250,6891876,0,0,
GPU,2,0.000,0.000,0.000,10733250,6891876,0,0,
GPU,2,0.000,0.000,0.000,9306600,5956224,0,0,
GPU,2,0.000,0.000,0.000,9306600,5956224,0,0,
GPU,2,0.000,0.000,0.000,9306600,5956224,0,0,
GPU,2,0.000,0.000,0.000,9306600,5956224,0,0,
GPU,2,0.000,0.000,0.000,10632553,6756101,0,0,
GPU,2,0.000,0.000,0.000,10632553,6756101,0,0,
GPU,2,0.000,0.000,0.000,10632553,6756101,0,0,
GPU,2,0.000,0.000,0.000,9740850,6226110,0,0,
GPU,2,0.000,0.000,0.000,9740850,6226110,0,0,
GPU,2,0.000,0.000,0.000,9740850,6226110,0,0,
GPU,2,0.000,0.000,0.000,10742580,6897867,0,0,
GPU,2,0.000,0.000,0.000,10742580,6897867,0,0,
GPU,2,0.000,0.000,0.000,10742580,6897867,0,0,
GPU,2,0.000,0.000,0.000,10830859,6994930,0,0,
GPU,2,0.000,0.000,0.000,10830859,6994930,0,0,
GPU,2,0.000,0.000,0.000,10830859,6994930,0,0,
GPU,2,0.000,0.000,0.000,10830859,6994930,0,0,
GPU,2,0.000,0.000,0.000,12112449,7194613,0,0,
GPU,2,0.000,0.000,0.000,12112449,7194613,0,0,
GPU,2,0.000,0.000,0.000,12112449,7194613,0,0,
GPU,2,0.000,0.000,0.000,8582300,5453336,0,0,
GPU,2,0.000,0.000,0.000,8582300,5453336,0,0,
GPU,2,0.000,0.000,0.000,8582300,5453336,0,0,
GPU,2,0.000,0.000,0.000,8582300,5453336,0,0,
GPU,2,0.000,0.000,0.000,10743719,7011690,0,0,
GPU,2,0.000,0.000,0.000,10743719,7011690,0,0,
GPU,2,0.000,0.000,0.000,10743719,7011690,0,0,
GPU,2,0.000,0.000,0.000,10743719,7011690,0,0,
GPU,2,0.000,0.000,0.000,8616511,5514567,0,0,
GPU,2,0.000,0.000,0.000,8616511,5514567,0,0,
GPU,2,0.000,0.000,0.000,8616511,5514567,0,0,
GPU,2,0.000,0.000,0.000,10734318,6750447,0,0,
GPU,2,0.000,0.000,0.000,10734318,6750447,0,0,
GPU,2,0.000,0.000,0.000,10734318,6750447,0,0,
GPU,2,0.000,0.000,0.000,10580169,6904952,0,0,
GPU,2,0.000,0.000,0.000,10580169,6904952,0,0,
GPU,2,0.000,0.000,0.000,10580169,6904952,0,0,
GPU,2,0.000,0.000,0.000,10850216,6894408,0,0,
GPU,2,0.000,0.000,0.000,10850216,6894408,0,0,
GPU,2,0.000,0.000,0.000,10850216,6894408,0,0,
GPU,2,0.000,0.000,0.000,10848453,6893288,0,0,
GPU,2,0.000,0.000,0.000,10848453,6893288,0,0,
GPU,2,0.000,0.000,0.000,10848453,6893288,0,0,
GPU,2,0.000,0.000,0.000,10848453,6893288,0,0,
GPU,2,0.000,0.000,0.000,11469588,6728825,0,0,
GPU,2,0.000,0.000,0.000,11469588,6728825,0,0,
GPU,2,0.000,0.000,0.000,11469588,6728825,0,0,
GPU,2,0.000,0.000,0.000,10587170,6798077,0,0,
GPU,2,0.000,0.000,0.000,10587170,6798077,0,0,
GPU,2,0.000,0.000,0.000,10587170,6798077,0,0,
GPU,2,0.000,0.000,0.000,10587170,6798077,0,0,
GPU,2,0.000,0.000,0.000,10587170,6798077,0,0,
GPU,2,0.000,0.000,0.000,10860726,7014219,0,0,
GPU,2,0.000,0.000,0.000,10860726,7014219,0,0,
GPU,2,0.000,0.000,0.000,10860726,7014219,0,0,
GPU,2,0.000,0.000,0.000,18677204,9684476,0,0,
GPU,2,0.000,0.000,0.000,18677204,9684476,0,0,
GPU,2,0.000,0.000,0.000,18677204,9684476,0,0,
GPU,2,0.000,0.000,0.000,18677204,9684476,0,0,
GPU,2,0.000,0.000,0.000,10622406,6749654,0,0,
GPU,2,0.000,0.000,0.000,10622406,6749654,0,0,
GPU,2,0.000,0.000,0.000,10622406,6749654,0,0,
GPU,2,0.000,0.000,0.000,10580316,6793676,0,0,
GPU,2,0.000,0.000,0.000,10580316,6793676,0,0,
GPU,2,0.000,0.000,0.000,10580316,6793676,0,0,
GPU,2,0.000,0.000,0.000,10854356,6897039,0,0,
GPU,2,0.000,0.000,0.000,10854356,6897039,0,0,
GPU,2,0.000,0.000,0.000,10854356,6897039,0,0,
GPU,2,0.000,0.000,0.000,10247518,6624658,0,0,
GPU,2,0.000,0.000,0.000,10247518,6624658,0,0,
GPU,2,0.000,0.000,0.000,10247518,6624658,0,0,
GPU,2,0.000,0.000,0.000,10737140,6862914,0,0,
GPU,2,0.000,0.000,0.000,10737140,6862914,0,0,
GPU,2,0.000,0.000,0.000,10737140,6862914,0,0,
GPU,2,0.000,0.000,0.000,10604009,6808890,0,0,
GPU,2,0.000,0.000,0.000,10604009,6808890,0,0,
GPU,2,0.000,0.000,0.000,10604009,6808890,0,0,
GPU,2,0.000,0.000,0.000,10856581,6898452,0,0,
GPU,2,0.000,0.000,0.000,10856581,6898452,0,0,
GPU,2,0.000,0.000,0.000,10856581,6898452,0,0,
GPU,2,0.000,0.000,0.000,10844470,6890757,0,0,
GPU,2,0.000,0.000,0.000,10844470,6890757,0,0,
GPU,2,0.000,0.000,0.000,10844470,6890757,0,0,
GPU,2,0.000,0.000,0.000,10844470,6890757,0,0,
GPU,2,0.000,0.000,0.000,10844470,6890757,0,0,
GPU,2,0.000,0.000,0.000,9548632,6138406,0,0,
GPU,2,0.000,0.000,0.000,9548632,6138406,0,0,
GPU,2,0.000,0.000,0.000,9548632,6138406,0,0,
GPU,2,0.000,0.000,0.000,8176812,5275362,0,0,
GPU,2,0.000,0.000,0.000,8176812,5275362,0,0,
GPU,2,0.000,0.000,0.000,8176812,5275362,0,0,
GPU,2,0.000,0.000,0.000,10743340,6898355,0,0,
GPU,2,0.000,0.000,0.000,10743340,6898355,0,0,
GPU,2,0.000,0.000,0.000,10743340,6898355,0,0,
GPU,2,0.000,0.000,0.000,10850982,6894895,0,0,
GPU,2,0.000,0.000,0.000,10850982,6894895,0,0,
GPU,2,0.000,0.000,0.000,10850982,6894895,0,0,
GPU,2,0.000,0.000,0.000,10850982,6894895,0,0,
GPU,2,0.000,0.000,0.000,9293974,5914347,0,0,
GPU,2,0.000,0.000,0.000,9293974,5914347,0,0,
GPU,2,0.000,0.000,0.000,9293974,5914347,0,0,
GPU,2,0.000,0.000,0.000,9770294,6340297,0,0,
GPU,2,0.000,0.000,0.000,9770294,6340297,0,0,
GPU,2,0.000,0.000,0.000,9770294,6340297,0,0,
GPU,2,0.000,0.000,0.000,10857272,6898891,0,0,
GPU,2,0.000,0.000,0.000,10857272,6898891,0,0,
GPU,2,0.000,0.000,0.000,10857272,6898891,0,0,
GPU,2,0.000,0.000,0.000,10851212,7008074,0,0,
GPU,2,0.000,0.000,0.000,10851212,7008074,0,0,
GPU,2,0.000,0.000,0.000,10851212,7008074,0,0,
GPU,2,0.000,0.000,0.000,10851212,7008074,0,0,
GPU,2,0.000,0.000,0.000,10851212,7008074,0,0,
GPU,2,0.000,0.000,0.000,10851212,7008074,0,0,
GPU,2,0.000,0.000,0.000,10851212,7008074,0,0,
GPU,2,0.000,0.000,0.000,4747504,3021138,0,0,
GPU,2,0.000,0.000,0.000,4747504,3021138,0,0,
GPU,2,0.000,0.000,0.000,4747504,3021138,0,0,
GPU,2,0.000,0.000,0.000,10748890,6870424,0,0,
GPU,2,0.000,0.000,0.000,10748890,6870424,0,0,
GPU,2,0.000,0.000,0.000,10748890,6870424,0,0,
GPU,2,0.000,0.000,0.000,10728250,6888666,0,0,
GPU,2,0.000,0.000,0.000,10728250,6888666,0,0,
GPU,2,0.000,0.000,0.000,10728250,6888666,0,0,
GPU,2,0.000,0.000,0.000,10728250,6888666,0,0,
GPU,2,0.000,0.000,0.000,10728250,6888666,0,0,
GPU,2,0.000,0.000,0.000,8971727,5741905,0,0,
GPU,2,0.000,0.000,0.000,8971727,5741905,0,0,
GPU,2,0.000,0.000,0.000,8971727,5741905,0,0,
GPU,2,0.000,0.000,0.000,8810830,5623934,0,0,
GPU,2,0.000,0.000,0.000,8810830,5623934,0,0,
GPU,2,0.000,0.000,0.000,8810830,5623934,0,0,
GPU,2,0.000,0.000,0.000,10821473,6876144,0,0,
GPU,2,0.000,0.000,0.000,10821473,6876144,0,0,
GPU,2,0.000,0.000,0.000,10821473,6876144,0,0,
GPU,2,0.000,0.000,0.000,10854049,7009907,0,0,
GPU,2,0.000,0.000,0.000,10854049,7009907,0,0,
GPU,2,0.000,0.000,0.000,10854049,7009907,0,0,
GPU,2,0.000,0.000,0.000,10854049,7009907,0,0,
GPU,2,0.000,0.000,0.000,9428680,5940068,0,0,
GPU,2,0.000,0.000,0.000,9428680,5940068,0,0,
GPU,2,0.000,0.000,0.000,9428680,5940068,0,0,
GPU,2,0.000,0.000,0.000,8755709,5622087,0,0,
GPU,2,0.000,0.000,0.000,8755709,5622087,0,0,
GPU,2,0.000,0.000,0.000,8755709,5622087,0,0,
GPU,2,0.000,0.000,0.000,10841179,7001595,0,0,
GPU,2,0.000,0.000,0.000,10841179,7001595,0,0,
GPU,2,0.000,0.000,0.000,10841179,7001595,0,0,
GPU,2,0.000,0.000,0.000,10841179,7001595,0,0,
GPU,2,0.000,0.000,0.000,10848836,6893531,0,0,
GPU,2,0.000,0.000,0.000,10848836,6893531,0,0,
GPU,2,0.000,0.000,0.000,10848836,6893531,0,0,
GPU,2,0.000,0.000,0.000,10848836,6893531,0,0,
GPU,2,0.000,0.000,0.000,9136212,5813953,0,0,
GPU,2,0.000,0.000,0.000,9136212,5813953,0,0,
GPU,2,0.000,0.000,0.000,9136212,5813953,0,0,
GPU,2,0.000,0.000,0.000,8190140,5258932,0,0,
GPU,2,0.000,0.000,0.000,8190140,5258932,0,0,
GPU,2,0.000,0.000,0.000,8190140,5258932,0,0,
GPU,2,0.000,0.000,0.000,10834985,6997594,0,0,
GPU,2,0.000,0.000,0.000,10834985,6997594,0,0,
GPU,2,0.000,0.000,0.000,10834985,6997594,0,0,
GPU,2,0.000,0.000,0.000,10733932,6892314,0,0,
GPU,2,0.000,0.000,0.000,10733932,6892314,0,0,
GPU,2,0.000,0.000,0.000,10733932,6892314,0,0,
GPU,2,0.000,0.000,0.000,10733932,6892314,0,0,
GPU,2,0.000,0.000,0.000,10146168,6392085,0,0,
GPU,2,0.000,0.000,0.000,10146168,6392085,0,0,
GPU,2,0.000,0.000,0.000,10146168,6392085,0,0,
GPU,2,0.000,0.000,0.000,9151245,5910179,0,0,
GPU,2,0.000,0.000,0.000,9151245,5910179,0,0,
GPU,2,0.000,0.000,0.000,9151245,5910179,0,0,
GPU,2,0.000,0.000,0.000,10705054,6873771,0,0,
GPU,2,0.000,0.000,0.000,10705054,6873771,0,0,
GPU,2,0.000,0.000,0.000,10705054,6873771,0,0,
GPU,2,0.000,0.000,0.000,10983644,6907240,0,0,
GPU,2,0.000,0.000,0.000,10983644,6907240,0,0,
GPU,2,0.000,0.000,0.000,10983644,6907240,0,0,
GPU,2,0.000,0.000,0.000,10983644,6907240,0,0,
GPU,2,0.000,0.000,0.000,10983644,6907240,0,0,
GPU,2,0.000,0.000,0.000,8334529,5442957,0,0,
GPU,2,0.000,0.000,0.000,8334529,5442957,0,0,
GPU,2,0.000,0.000,0.000,8334529,5442957,0,0,
GPU,2,0.000,0.000,0.000,9130664,5766735,0,0,
GPU,2,0.000,0.000,0.000,9130664,5766735,0,0,
GPU,2,0.000,0.000,0.000,9130664,5766735,0,0,
GPU,2,0.000,0.000,0.000,10853973,6896795,0,0,
GPU,2,0.000,0.000,0.000,10853973,6896795,0,0,
GPU,2,0.000,0.000,0.000,10853973,6896795,0,0,
GPU,2,0.000,0.000,0.000,10760528,6909392,0,0,
GPU,2,0.000,0.000,0.000,10760528,6909392,0,0,
GPU,2,0.000,0.000,0.000,10760528,6909392,0,0,
GPU,2,0.000,0.000,0.000,10760528,6909392,0,0,
GPU,2,0.000,0.000,0.000,10236789,6486678,0,0,
GPU,2,0.000,0.000,0.000,10236789,6486678,0,0,
GPU,2,0.000,0.000,0.000,10236789,6486678,0,0,
GPU,2,0.000,0.000,0.000,10830859,6994930,0,0,
GPU,2,0.000,0.000,0.000,10830859,6994930,0,0,
GPU,2,0.000,0.000,0.000,10830859,6994930,0,0,
GPU,2,0.000,0.000,0.000,10701819,6800114,0,0,
GPU,2,0.000,0.000,0.000,10701819,6800114,0,0,
GPU,2,0.000,0.000,0.000,10701819,6800114,0,0,
GPU,2,0.000,0.000,0.000,10733326,6891925,0,0,
GPU,2,0.000,0.000,0.000,10733326,6891925,0,0,
GPU,2,0.000,0.000,0.000,10733326,6891925,0,0,
GPU,2,0.000,0.000,0.000,10997470,7038381,0,0,
GPU,2,0.000,0.000,0.000,10997470,7038381,0,0,
GPU,2,0.000,0.000,0.000,10997470,7038381,0,0,
GPU,2,0.000,0.000,0.000,10761411,6878427,0,0,
GPU,2,0.000,0.000,0.000,10761411,6878427,0,0,
GPU,2,0.000,0.000,0.000,10761411,6878427,0,0,
GPU,2,0.000,0.000,0.000,10724010,6814214,0,0,
GPU,2,0.000,0.000,0.000,10724010,6814214,0,0,
GPU,2,0.000,0.000,0.000,10724010,6814214,0,0,
GPU,2,0.000,0.000,0.000,10846768,7005204,0,0,
GPU,2,0.000,0.000,0.000,10846768,7005204,0,0,
GPU,2,0.000,0.000,0.000,10846768,7005204,0,0,
GPU,2,0.000,0.000,0.000,10846768,7005204,0,0,
GPU,2,0.000,0.000,0.000,10187643,6418215,0,0,
GPU,2,0.000,0.000,0.000,10187643,6418215,0,0,
GPU,2,0.000,0.000,0.000,10187643,6418215,0,0,
GPU,2,0.000,0.000,0.000,10667851,6889654,0,0,
GPU,2,0.000,0.000,0.000,10667851,6889654,0,0,
GPU,2,0.000,0.000,0.000,10667851,6889654,0,0,
GPU,2,0.000,0.000,0.000,9027106,5852739,0,0,
GPU,2,0.000,0.000,0.000,9027106,5852739,0,0,
GPU,2,0.000,0.000,0.000,9027106,5852739,0,0,
GPU,2,0.000,0.000,0.000,10872181,6908365,0,0,
GPU,2,0.000,0.000,0.000,10872181,6908365,0,0,
GPU,2,0.000,0.000,0.000,10872181,6908365,0,0,
GPU,2,0.000,0.000,0.000,10872181,6908365,0,0,
GPU,2,0.000,0.000,0.000,8521289,5453625,0,0,
GPU,2,0.000,0.000,0.000,8521289,5453625,0,0,
GPU,2,0.000,0.000,0.000,8521289,5453625,0,0,
GPU,2,0.000,0.000,0.000,10668518,6778954,0,0,
GPU,2,0.000,0.000,0.000,10668518,6778954,0,0,
GPU,2,0.000,0.000,0.000,10668518,6778954,0,0,
GPU,2,0.000,0.000,0.000,10245131,6681607,0,0,
GPU,2,0.000,0.000,0.000,10245131,6681607,0,0,
GPU,2,0.000,0.000,0.000,10245131,6681607,0,0,
GPU,2,0.000,0.000,0.000,10245131,6681607,0,0,
GPU,2,0.000,0.000,0.000,10845389,6891341,0,0,
GPU,2,0.000,0.000,0.000,10845389,6891341,0,0,
GPU,2,0.000,0.000,0.000,10845389,6891341,0,0,
GPU,2,0.000,0.000,0.000,10845389,6891341,0,0,
GPU,2,0.000,0.000,0.000,10844281,6593323,0,0,
GPU,2,0.000,0.000,0.000,10844281,6593323,0,0,
GPU,2,0.000,0.000,0.000,10844281,6593323,0,0,
GPU,2,0.000,0.000,0.000,10749485,6870805,0,0,
GPU,2,0.000,0.000,0.000,10749485,6870805,0,0,
GPU,2,0.000,0.000,0.000,10749485,6870805,0,0,
GPU,2,0.000,0.000,0.000,10321363,6658944,0,0,
GPU,2,0.000,0.000,0.000,10321363,6658944,0,0,
GPU,2,0.000,0.000,0.000,10321363,6658944,0,0,
GPU,2,0.000,0.000,0.000,10856427,6898355,0,0,
GPU,2,0.000,0.000,0.000,10856427,6898355,0,0,
GPU,2,0.000,0.000,0.000,10856427,6898355,0,0,
GPU,2,0.000,0.000,0.000,10733705,6892168,0,0,
GPU,2,0.000,0.000,0.000,10733705,6892168,0,0,
GPU,2,0.000,0.000,0.000,10733705,6892168,0,0,
GPU,2,0.000,0.000,0.000,10896757,6904875,0,0,
GPU,2,0.000,0.000,0.000,10896757,6904875,0,0,
GPU,2,0.000,0.000,0.000,10896757,6904875,0,0,
GPU,2,0.000,0.000,0.000,10810886,6869417,0,0,
GPU,2,0.000,0.000,0.000,10810886,6869417,0,0,
GPU,2,0.000,0.000,0.000,10810886,6869417,0,0,
GPU,2,0.000,0.000,0.000,10342167,6672365,0,0,
GPU,2,0.000,0.000,0.000,10342167,6672365,0,0,
GPU,2,0.000,0.000,0.000,10342167,6672365,0,0,
GPU,2,0.000,0.000,0.000,10756416,6906751,0,0,
GPU,2,0.000,0.000,0.000,10756416,6906751,0,0,
GPU,2,0.000,0.000,0.000,10756416,6906751,0,0,
GPU,2,0.000,0.000,0.000,10982373,7028718,0,0,
GPU,2,0.000,0.000,0.000,10982373,7028718,0,0,
GPU,2,0.000,0.000,0.000,10982373,7028718,0,0,
GPU,2,0.000,0.000,0.000,10641688,6761906,0,0,
GPU,2,0.000,0.000,0.000,10641688,6761906,0,0,
GPU,2,0.000,0.000,0.000,10641688,6761906,0,0,
GPU,2,0.000,0.000,0.000,10501179,6814595,0,0,
GPU,2,0.000,0.000,0.000,10501179,6814595,0,0,
GPU,2,0.000,0.000,0.000,10501179,6814595,0,0,
GPU,2,0.000,0.000,0.000,10851979,6895528,0,0,
GPU,2,0.000,0.000,0.000,10851979,6895528,0,0,
GPU,2,0.000,0.000,0.000,10851979,6895528,0,0,
GPU,2,0.000,0.000,0.000,10851979,6895528,0,0,
GPU,2,0.000,0.000,0.000,9710210,6214534,0,0,
GPU,2,0.000,0.000,0.000,9710210,6214534,0,0,
GPU,2,0.000,0.000,0.000,9710210,6214534,0,0,
GPU,2,0.000,0.000,0.000,10663482,6775754,0,0,
GPU,2,0.000,0.000,0.000,10663482,6775754,0,0,
GPU,2,0.000,0.000,0.000,10663482,6775754,0,0,
GPU,2,0.000,0.000,0.000,9713879,6303687,0,0,
GPU,2,0.000,0.000,0.000,9713879,6303687,0,0,
GPU,2,0.000,0.000,0.000,9713879,6303687,0,0,
GPU,2,0.000,0.000,0.000,10846615,6892119,0,0,
GPU,2,0.000,0.000,0.000,10846615,6892119,0,0,
GPU,2,0.000,0.000,0.000,10846615,6892119,0,0,
GPU,2,0.000,0.000,0.000,10846615,6892119,0,0,
GPU,2,0.000,0.000,0.000,8517731,5420374,0,0,
GPU,2,0.000,0.000,0.000,8517731,5420374,0,0,
GPU,2,0.000,0.000,0.000,8517731,5420374,0,0,
GPU,2,0.000,0.000,0.000,8517731,5420374,0,0,
GPU,2,0.000,0.000,0.000,10763277,6879620,0,0,
GPU,2,0.000,0.000,0.000,10763277,6879620,0,0,
GPU,2,0.000,0.000,0.000,10763277,6879620,0,0,
GPU,2,0.000,0.000,0.000,10534340,6764155,0,0,
GPU,2,0.000,0.000,0.000,10534340,6764155,0,0,
GPU,2,0.000,0.000,0.000,10534340,6764155,0,0,
GPU,2,0.000,0.000,0.000,10862877,6902453,0,0,
GPU,2,0.000,0.000,0.000,10862877,6902453,0,0,
GPU,2,0.000,0.000,0.000,10862877,6902453,0,0,
GPU,2,0.000,0.000,0.000,10753677,6904992,0,0,
GPU,2,0.000,0.000,0.000,10753677,6904992,0,0,
GPU,2,0.000,0.000,0.000,10753677,6904992,0,0,
GPU,2,0.000,0.000,0.000,10753677,6904992,0,0,
GPU,2,0.000,0.000,0.000,13561543,8046516,0,0,
GPU,2,0.000,0.000,0.000,13561543,8046516,0,0,
GPU,2,0.000,0.000,0.000,13561543,8046516,0,0,
GPU,2,0.000,0.000,0.000,9759134,6201116,0,0,
GPU,2,0.000,0.000,0.000,9759134,6201116,0,0,
GPU,2,0.000,0.000,0.000,9759134,6201116,0,0,
GPU,2,0.000,0.000,0.000,10842557,6889541,0,0,
GPU,2,0.000,0.000,0.000,10842557,6889541,0,0,
GPU,2,0.000,0.000,0.000,10842557,6889541,0,0,
GPU,2,0.000,0.000,0.000,10864106,7016402,0,0,
GPU,2,0.000,0.000,0.000,10864106,7016402,0,0,
GPU,2,0.000,0.000,0.000,10864106,7016402,0,0,
GPU,2,0.000,0.000,0.000,10864106,7016402,0,0,
GPU,2,0.000,0.000,0.000,10626126,6628177,0,0,
GPU,2,0.000,0.000,0.000,10626126,6628177,0,0,
GPU,2,0.000,0.000,0.000,10626126,6628177,0,0,
GPU,2,0.000,0.000,0.000,8677819,5604424,0,0,
GPU,2,0.000,0.000,0.000,8677819,5604424,0,0,
GPU,2,0.000,0.000,0.000,8677819,5604424,0,0,
GPU,2,0.000,0.000,0.000,10508251,6779517,0,0,
GPU,2,0.000,0.000,0.000,10508251,6779517,0,0,
GPU,2,0.000,0.000,0.000,10508251,6779517,0,0,
GPU,2,0.000,0.000,0.000,10850369,6894505,0,0,
GPU,2,0.000,0.000,0.000,10850369,6894505,0,0,
GPU,2,0.000,0.000,0.000,10850369,6894505,0,0,
GPU,2,0.000,0.000,0.000,10850369,6894505,0,0,
GPU,2,0.000,0.000,0.000,10173671,6576919,0,0,
GPU,2,0.000,0.000,0.000,10173671,6576919,0,0,
GPU,2,0.000,0.000,0.000,10173671,6576919,0,0,
GPU,2,0.000,0.000,0.000,10933735,6875854,0,0,
GPU,2,0.000,0.000,0.000,10933735,6875854,0,0,
GPU,2,0.000,0.000,0.000,10933735,6875854,0,0,
GPU,2,0.000,0.000,0.000,10715257,6920270,0,0,
GPU,2,0.000,0.000,0.000,10715257,6920270,0,0,
GPU,2,0.000,0.000,0.000,10715257,6920270,0,0,
GPU,2,0.000,0.000,0.000,10851289,6895090,0,0,
GPU,2,0.000,0.000,0.000,10851289,6895090,0,0,
GPU,2,0.000,0.000,0.000,10851289,6895090,0,0,
GPU,2,0.000,0.000,0.000,10921275,6949902,0,0,
GPU,2,0.000,0.000,0.000,10921275,6949902,0,0,
GPU,2,0.000,0.000,0.000,10921275,6949902,0,0,
GPU,2,0.000,0.000,0.000,10766189,6881481,0,0,
GPU,2,0.000,0.000,0.000,10766189,6881481,0,0,
GPU,2,0.000,0.000,0.000,10766189,6881481,0,0,
GPU,2,0.000,0.000,0.000,10766189,6881481,0,0,
GPU,2,0.000,0.000,0.000,9907642,6324027,0,0,
GPU,2,0.000,0.000,0.000,9907642,6324027,0,0,
GPU,2,0.000,0.000,0.000,9907642,6324027,0,0,
GPU,2,0.000,0.000,0.000,9907642,6324027,0,0,
GPU,2,0.000,0.000,0.000,9907642,6324027,0,0,
GPU,2,0.000,0.000,0.000,9907642,6324027,0,0,
GPU,2,0.000,0.000,0.000,5033828,3254192,0,0,
GPU,2,0.000,0.000,0.000,5033828,3254192,0,0,
GPU,2,0.000,0.000,0.000,5033828,3254192,0,0,
GPU,2,0.000,0.000,0.000,10770746,6884394,0,0,
GPU,2,0.000,0.000,0.000,10770746,6884394,0,0,
GPU,2,0.000,0.000,0.000,10770746,6884394,0,0,
GPU,2,0.000,0.000,0.000,10770746,6884394,0,0,
GPU,2,0.000,0.000,0.000,10673930,6782393,0,0,
GPU,2,0.000,0.000,0.000,10673930,6782393,0,0,
GPU,2,0.000,0.000,0.000,10673930,6782393,0,0,
GPU,2,0.000,0.000,0.000,10853742,6896649,0,0,
GPU,2,0.000,0.000,0.000,10853742,6896649,0,0,
GPU,2,0.000,0.000,0.000,10853742,6896649,0,0,
GPU,2,0.000,0.000,0.000,9689251,6090386,0,0,
GPU,2,0.000,0.000,0.000,9689251,6090386,0,0,
GPU,2,0.000,0.000,0.000,9689251,6090386,0,0,
GPU,2,0.000,0.000,0.000,9689251,6090386,0,0,
GPU,2,0.000,0.000,0.000,10761486,6878475,0,0,
GPU,2,0.000,0.000,0.000,10761486,6878475,0,0,
GPU,2,0.000,0.000,0.000,10761486,6878475,0,0,
GPU,2,0.000,0.000,0.000,10368985,6657980,0,0,
GPU,2,0.000,0.000,0.000,10368985,6657980,0,0,
GPU,2,0.000,0.000,0.000,10368985,6657980,0,0,
GPU,2,0.000,0.000,0.000,10870565,6907338,0,0,
GPU,2,0.000,0.000,0.000,10870565,6907338,0,0,
GPU,2,0.000,0.000,0.000,10870565,6907338,0,0,
GPU,2,0.000,0.000,0.000,10870565,6907338,0,0,
GPU,2,0.000,0.000,0.000,10852362,7008817,0,0,
GPU,2,0.000,0.000,0.000,10852362,7008817,0,0,
GPU,2,0.000,0.000,0.000,10852362,7008817,0,0,
GPU,2,0.000,0.000,0.000,14242598,8259021,0,0,
GPU,2,0.000,0.000,0.000,14242598,8259021,0,0,
GPU,2,0.000,0.000,0.000,14242598,8259021,0,0,
GPU,2,0.000,0.000,0.000,9872543,6273178,0,0,
GPU,2,0.000,0.000,0.000,9872543,6273178,0,0,
GPU,2,0.000,0.000,0.000,9872543,6273178,0,0,
GPU,2,0.000,0.000,0.000,10503208,6776263,0,0,
GPU,2,0.000,0.000,0.000,10503208,6776263,0,0,
GPU,2,0.000,0.000,0.000,10503208,6776263,0,0,
GPU,2,0.000,0.000,0.000,10503208,6776263,0,0,
GPU,2,0.000,0.000,0.000,10749722,6902453,0,0,
GPU,2,0.000,0.000,0.000,10749722,6902453,0,0,
GPU,2,0.000,0.000,0.000,10749722,6902453,0,0,
GPU,2,0.000,0.000,0.000,10749722,6902453,0,0,
GPU,2,0.000,0.000,0.000,13158431,7839065,0,0,
GPU,2,0.000,0.000,0.000,13158431,7839065,0,0,
GPU,2,0.000,0.000,0.000,13158431,7839065,0,0,
GPU,2,0.000,0.000,0.000,8384874,5327888,0,0,
GPU,2,0.000,0.000,0.000,8384874,5327888,0,0,
GPU,2,0.000,0.000,0.000,8384874,5327888,0,0,
GPU,2,0.000,0.000,0.000,10866258,6904601,0,0,
GPU,2,0.000,0.000,0.000,10866258,6904601,0,0,
GPU,2,0.000,0.000,0.000,10866258,6904601,0,0,
GPU,2,0.000,0.000,0.000,10956737,7003275,0,0,
GPU,2,0.000,0.000,0.000,10956737,7003275,0,0,
GPU,2,0.000,0.000,0.000,10956737,7003275,0,0,
GPU,2,0.000,0.000,0.000,10956737,7003275,0,0,
GPU,2,0.000,0.000,0.000,10956737,7003275,0,0,
GPU,2,0.000,0.000,0.000,10956737,7003275,0,0,
GPU,2,0.000,0.000,0.000,12602484,7542396,0,0,
GPU,2,0.000,0.000,0.000,12602484,7542396,0,0,
GPU,2,0.000,0.000,0.000,12602484,7542396,0,0,
GPU,2,0.000,0.000,0.000,6195996,3937039,0,0,
GPU,2,0.000,0.000,0.000,6195996,3937039,0,0,
GPU,2,0.000,0.000,0.000,6195996,3937039,0,0,
GPU,2,0.000,0.000,0.000,10857041,7011839,0,0,
GPU,2,0.000,0.000,0.000,10857041,7011839,0,0,
GPU,2,0.000,0.000,0.000,10857041,7011839,0,0,
GPU,2,0.000,0.000,0.000,10920673,6949519,0,0,
GPU,2,0.000,0.000,0.000,10920673,6949519,0,0,
GPU,2,0.000,0.000,0.000,10920673,6949519,0,0,
GPU,2,0.000,0.000,0.000,10784143,6892957,0,0,
GPU,2,0.000,0.000,0.000,10784143,6892957,0,0,
GPU,2,0.000,0.000,0.000,10784143,6892957,0,0,
GPU,2,0.000,0.000,0.000,10679348,6785835,0,0,
GPU,2,0.000,0.000,0.000,10679348,6785835,0,0,
GPU,2,0.000,0.000,0.000,10679348,6785835,0,0,
GPU,2,0.000,0.000,0.000,10738255,6895090,0,0,
GPU,2,0.000,0.000,0.000,10738255,6895090,0,0,
GPU,2,0.000,0.000,0.000,10738255,6895090,0,0,
GPU,2,0.000,0.000,0.000,10738255,6895090,0,0,
GPU,2,0.000,0.000,0.000,9305057,6015390,0,0,
GPU,2,0.000,0.000,0.000,9305057,6015390,0,0,
GPU,2,0.000,0.000,0.000,9305057,6015390,0,0,
GPU,2,0.000,0.000,0.000,10767458,6771288,0,0,
GPU,2,0.000,0.000,0.000,10767458,6771288,0,0,
GPU,2,0.000,0.000,0.000,10767458,6771288,0,0,
GPU,2,0.000,0.000,0.000,10578843,6792731,0,0,
GPU,2,0.000,0.000,0.000,10578843,6792731,0,0,
GPU,2,0.000,0.000,0.000,10578843,6792731,0,0,
GPU,2,0.000,0.000,0.000,10849679,7007084,0,0,
GPU,2,0.000,0.000,0.000,10849679,7007084,0,0,
GPU,2,0.000,0.000,0.000,10849679,7007084,0,0,
GPU,2,0.000,0.000,0.000,10849679,7007084,0,0,
GPU,2,0.000,0.000,0.000,10863031,6902550,0,0,
GPU,2,0.000,0.000,0.000,10863031,6902550,0,0,
GPU,2,0.000,0.000,0.000,10863031,6902550,0,0,
GPU,2,0.000,0.000,0.000,14313604,8251372,0,0,
GPU,2,0.000,0.000,0.000,14313604,8251372,0,0,
GPU,2,0.000,0.000,0.000,14313604,8251372,0,0,
GPU,2,0.000,0.000,0.000,14313604,8251372,0,0,
GPU,2,0.000,0.000,0.000,10685737,6789895,0,0,
GPU,2,0.000,0.000,0.000,10685737,6789895,0,0,
GPU,2,0.000,0.000,0.000,10685737,6789895,0,0,
GPU,2,0.000,0.000,0.000,10404297,6785411,0,0,
GPU,2,0.000,0.000,0.000,10404297,6785411,0,0,
GPU,2,0.000,0.000,0.000,10404297,6785411,0,0,
GPU,2,0.000,0.000,0.000,10847074,7005402,0,0,
GPU,2,0.000,0.000,0.000,10847074,7005402,0,0,
GPU,2,0.000,0.000,0.000,10847074,7005402,0,0,
GPU,2,0.000,0.000,0.000,10848560,6834593,0,0,
GPU,2,0.000,0.000,0.000,10848560,6834593,0,0,
GPU,2,0.000,0.000,0.000,10848560,6834593,0,0,
GPU,2,0.000,0.000,0.000,10848560,6834593,0,0,
GPU,2,0.000,0.000,0.000,8917944,5666610,0,0,
GPU,2,0.000,0.000,0.000,8917944,5666610,0,0,
GPU,2,0.000,0.000,0.000,8917944,5666610,0,0,
GPU,2,0.000,0.000,0.000,10745314,7012731,0,0,
GPU,2,0.000,0.000,0.000,10745314,7012731,0,0,
GPU,2,0.000,0.000,0.000,10745314,7012731,0,0,
GPU,2,0.000,0.000,0.000,10862646,6902306,0,0,
GPU,2,0.000,0.000,0.000,10862646,6902306,0,0,
GPU,2,0.000,0.000,0.000,10862646,6902306,0,0,
GPU,2,0.000,0.000,0.000,9436716,6005183,0,0,
GPU,2,0.000,0.000,0.000,9436716,6005183,0,0,
GPU,2,0.000,0.000,0.000,9436716,6005183,0,0,
GPU,2,0.000,0.000,0.000,10923884,6982276,0,0,
GPU,2,0.000,0.000,0.000,10923884,6982276,0,0,
GPU,2,0.000,0.000,0.000,10923884,6982276,0,0,
GPU,2,0.000,0.000,0.000,10342958,6672876,0,0,
GPU,2,0.000,0.000,0.000,10342958,6672876,0,0,
GPU,2,0.000,0.000,0.000,10342958,6672876,0,0,
GPU,2,0.000,0.000,0.000,10851825,6895431,0,0,
GPU,2,0.000,0.000,0.000,10851825,6895431,0,0,
GPU,2,0.000,0.000,0.000,10851825,6895431,0,0,
GPU,2,0.000,0.000,0.000,10851825,6895431,0,0,
GPU,2,0.000,0.000,0.000,10905335,7049913,0,0,
GPU,2,0.000,0.000,0.000,10905335,7049913,0,0,
GPU,2,0.000,0.000,0.000,10905335,7049913,0,0,
GPU,2,0.000,0.000,0.000,10794419,6788242,0,0,
GPU,2,0.000,0.000,0.000,10794419,6788242,0,0,
GPU,2,0.000,0.000,0.000,10794419,6788242,0,0,
GPU,2,0.000,0.000,0.000,10653497,6880383,0,0,
GPU,2,0.000,0.000,0.000,10653497,6880383,0,0,
GPU,2,0.000,0.000,0.000,10653497,6880383,0,0,
GPU,2,0.000,0.000,0.000,10869026,6906360,0,0,
GPU,2,0.000,0.000,0.000,10869026,6906360,0,0,
GPU,2,0.000,0.000,0.000,10869026,6906360,0,0,
GPU,2,0.000,0.000,0.000,9307791,5923140,0,0,
GPU,2,0.000,0.000,0.000,9307791,5923140,0,0,
GPU,2,0.000,0.000,0.000,9307791,5923140,0,0,
GPU,2,0.000,0.000,0.000,9307791,5923140,0,0,
GPU,2,0.000,0.000,0.000,10659412,6884203,0,0,
GPU,2,0.000,0.000,0.000,10659412,6884203,0,0,
GPU,2,0.000,0.000,0.000,10659412,6884203,0,0,
GPU,2,0.000,0.000,0.000,10652389,6768705,0,0,
GPU,2,0.000,0.000,0.000,10652389,6768705,0,0,
GPU,2,0.000,0.000,0.000,10652389,6768705,0,0,
GPU,2,0.000,0.000,0.000,10867796,7018785,0,0,
GPU,2,0.000,0.000,0.000,10867796,7018785,0,0,
GPU,2,0.000,0.000,0.000,10867796,7018785,0,0,
GPU,2,0.000,0.000,0.000,10867796,7018785,0,0,
GPU,2,0.000,0.000,0.000,10867796,7018785,0,0,
GPU,2,0.000,0.000,0.000,10867796,7018785,0,0,
GPU,2,0.000,0.000,0.000,5821808,3689066,0,0,
GPU,2,0.000,0.000,0.000,5821808,3689066,0,0,
GPU,2,0.000,0.000,0.000,5821808,3689066,0,0,
GPU,2,0.000,0.000,0.000,10583381,6764635,0,0,
GPU,2,0.000,0.000,0.000,10583381,6764635,0,0,
GPU,2,0.000,0.000,0.000,10583381,6764635,0,0,
GPU,2,0.000,0.000,0.000,10490632,6696148,0,0,
GPU,2,0.000,0.000,0.000,10490632,6696148,0,0,
GPU,2,0.000,0.000,0.000,10490632,6696148,0,0,
GPU,2,0.000,0.000,0.000,10863492,6902843,0,0,
GPU,2,0.000,0.000,0.000,10863492,6902843,0,0,
GPU,2,0.000,0.000,0.000,10863492,6902843,0,0,
GPU,2,0.000,0.000,0.000,10894684,7043028,0,0,
GPU,2,0.000,0.000,0.000,10894684,7043028,0,0,
GPU,2,0.000,0.000,0.000,10894684,7043028,0,0,
GPU,2,0.000,0.000,0.000,10780472,6890611,0,0,
GPU,2,0.000,0.000,0.000,10780472,6890611,0,0,
GPU,2,0.000,0.000,0.000,10780472,6890611,0,0,
GPU,2,0.000,0.000,0.000,10698837,6798219,0,0,
GPU,2,0.000,0.000,0.000,10698837,6798219,0,0,
GPU,2,0.000,0.000,0.000,10698837,6798219,0,0,
GPU,2,0.000,0.000,0.000,10860496,6900940,0,0,
GPU,2,0.000,0.000,0.000,10860496,6900940,0,0,
GPU,2,0.000,0.000,0.000,10860496,6900940,0,0,
GPU,2,0.000,0.000,0.000,10860496,6900940,0,0,
GPU,2,0.000,0.000,0.000,9041353,5844915,0,0,
GPU,2,0.000,0.000,0.000,9041353,5844915,0,0,
GPU,2,0.000,0.000,0.000,9041353,5844915,0,0,
GPU,2,0.000,0.000,0.000,10664667,6776507,0,0,
GPU,2,0.000,0.000,0.000,10664667,6776507,0,0,
GPU,2,0.000,0.000,0.000,10664667,6776507,0,0,
GPU,2,0.000,0.000,0.000,10661854,6885780,0,0,
GPU,2,0.000,0.000,0.000,10661854,6885780,0,0,
GPU,2,0.000,0.000,0.000,10661854,6885780,0,0,
GPU,2,0.000,0.000,0.000,10722801,6885167,0,0,
GPU,2,0.000,0.000,0.000,10722801,6885167,0,0,
GPU,2,0.000,0.000,0.000,10722801,6885167,0,0,
GPU,2,0.000,0.000,0.000,10722801,6885167,0,0,
GPU,2,0.000,0.000,0.000,8568888,5398399,0,0,
GPU,2,0.000,0.000,0.000,8568888,5398399,0,0,
GPU,2,0.000,0.000,0.000,8568888,5398399,0,0,
GPU,2,0.000,0.000,0.000,8568888,5398399,0,0,
GPU,2,0.000,0.000,0.000,10755221,6874471,0,0,
GPU,2,0.000,0.000,0.000,10755221,6874471,0,0,
GPU,2,0.000,0.000,0.000,10755221,6874471,0,0,
GPU,2,0.000,0.000,0.000,10658968,6883917,0,0,
GPU,2,0.000,0.000,0.000,10658968,6883917,0,0,
GPU,2,0.000,0.000,0.000,10658968,6883917,0,0,
GPU,2,0.000,0.000,0.000,10875645,6910566,0,0,
GPU,2,0.000,0.000,0.000,10875645,6910566,0,0,
GPU,2,0.000,0.000,0.000,10875645,6910566,0,0,
GPU,2,0.000,0.000,0.000,10740759,6896697,0,0,
GPU,2,0.000,0.000,0.000,10740759,6896697,0,0,
GPU,2,0.000,0.000,0.000,10740759,6896697,0,0,
GPU,2,0.000,0.000,0.000,10740759,6896697,0,0,
GPU,2,0.000,0.000,0.000,12456892,7357090,0,0,
GPU,2,0.000,0.000,0.000,12456892,7357090,0,0,
GPU,2,0.000,0.000,0.000,12456892,7357090,0,0,
GPU,2,0.000,0.000,0.000,10578622,6792589,0,0,
GPU,2,0.000,0.000,0.000,10578622,6792589,0,0,
GPU,2,0.000,0.000,0.000,10578622,6792589,0,0,
GPU,2,0.000,0.000,0.000,10756645,6793670,0,0,
GPU,2,0.000,0.000,0.000,10756645,6793670,0,0,
GPU,2,0.000,0.000,0.000,10756645,6793670,0,0,
GPU,2,0.000,0.000,0.000,10756645,6793670,0,0,
GPU,2,0.000,0.000,0.000,10744631,7012285,0,0,
GPU,2,0.000,0.000,0.000,10744631,7012285,0,0,
GPU,2,0.000,0.000,0.000,10744631,7012285,0,0,
GPU,2,0.000,0.000,0.000,14383149,8278673,0,0,
GPU,2,0.000,0.000,0.000,14383149,8278673,0,0,
GPU,2,0.000,0.000,0.000,14383149,8278673,0,0,
GPU,2,0.000,0.000,0.000,10297614,6612152,0,0,
GPU,2,0.000,0.000,0.000,10297614,6612152,0,0,
GPU,2,0.000,0.000,0.000,10297614,6612152,0,0,
GPU,2,0.000,0.000,0.000,10406430,6673689,0,0,
GPU,2,0.000,0.000,0.000,10406430,6673689,0,0,
GPU,2,0.000,0.000,0.000,10406430,6673689,0,0,
GPU,2,0.000,0.000,0.000,10738179,6895041,0,0,
GPU,2,0.000,0.000,0.000,10738179,6895041,0,0,
GPU,2,0.000,0.000,0.000,10738179,6895041,0,0,
GPU,2,0.000,0.000,0.000,10738179,6895041,0,0,
GPU,2,0.000,0.000,0.000,10738179,6895041,0,0,
GPU,2,0.000,0.000,0.000,9659794,6182268,0,0,
GPU,2,0.000,0.000,0.000,9659794,6182268,0,0,
GPU,2,0.000,0.000,0.000,9659794,6182268,0,0,
GPU,2,0.000,0.000,0.000,8863447,5631982,0,0,
GPU,2,0.000,0.000,0.000,8863447,5631982,0,0,
GPU,2,0.000,0.000,0.000,8863447,5631982,0,0,
GPU,2,0.000,0.000,0.000,10390857,6776645,0,0,
GPU,2,0.000,0.000,0.000,10390857,6776645,0,0,
GPU,2,0.000,0.000,0.000,10390857,6776645,0,0,
GPU,2,0.000,0.000,0.000,10854816,6897331,0,0,
GPU,2,0.000,0.000,0.000,10854816,6897331,0,0,
GPU,2,0.000,0.000,0.000,10854816,6897331,0,0,
GPU,2,0.000,0.000,0.000,10920071,7059439,0,0,
GPU,2,0.000,0.000,0.000,10920071,7059439,0,0,
GPU,2,0.000,0.000,0.000,10920071,7059439,0,0,
GPU,2,0.000,0.000,0.000,10781820,6780320,0,0,
GPU,2,0.000,0.000,0.000,10781820,6780320,0,0,
GPU,2,0.000,0.000,0.000,10781820,6780320,0,0,
GPU,2,0.000,0.000,0.000,10688042,6902694,0,0,
GPU,2,0.000,0.000,0.000,10688042,6902694,0,0,
GPU,2,0.000,0.000,0.000,10688042,6902694,0,0,
GPU,2,0.000,0.000,0.000,10745314,6899623,0,0,
GPU,2,0.000,0.000,0.000,10745314,6899623,0,0,
GPU,2,0.000,0.000,0.000,10745314,6899623,0,0,
GPU,2,0.000,0.000,0.000,11013594,6938564,0,0,
GPU,2,0.000,0.000,0.000,11013594,6938564,0,0,
GPU,2,0.000,0.000,0.000,11013594,6938564,0,0,
GPU,2,0.000,0.000,0.000,10693176,6906010,0,0,
GPU,2,0.000,0.000,0.000,10693176,6906010,0,0,
GPU,2,0.000,0.000,0.000,10693176,6906010,0,0,
GPU,2,0.000,0.000,0.000,10693176,6906010,0,0,
GPU,2,0.000,0.000,0.000,10681056,6786921,0,0,
GPU,2,0.000,0.000,0.000,10681056,6786921,0,0,
GPU,2,0.000,0.000,0.000,10681056,6786921,0,0,
GPU,2,0.000,0.000,0.000,10869872,7020126,0,0,
GPU,2,0.000,0.000,0.000,10869872,7020126,0,0,
GPU,2,0.000,0.000,0.000,10869872,7020126,0,0,
GPU,2,0.000,0.000,0.000,9305276,5921539,0,0,
GPU,2,0.000,0.000,0.000,9305276,5921539,0,0,
GPU,2,0.000,0.000,0.000,9305276,5921539,0,0,
GPU,2,0.000,0.000,0.000,10595737,6772533,0,0,
GPU,2,0.000,0.000,0.000,10595737,6772533,0,0,
GPU,2,0.000,0.000,0.000,10595737,6772533,0,0,
GPU,2,0.000,0.000,0.000,10589382,6799498,0,0,
GPU,2,0.000,0.000,0.000,10589382,6799498,0,0,
GPU,2,0.000,0.000,0.000,10589382,6799498,0,0,
GPU,2,0.000,0.000,0.000,10589382,6799498,0,0,
GPU,2,0.000,0.000,0.000,10380964,6657357,0,0,
GPU,2,0.000,0.000,0.000,10380964,6657357,0,0,
GPU,2,0.000,0.000,0.000,10380964,6657357,0,0,
GPU,2,0.000,0.000,0.000,10380964,6657357,0,0,
GPU,2,0.000,0.000,0.000,10876338,6911006,0,0,
GPU,2,0.000,0.000,0.000,10876338,6911006,0,0,
GPU,2,0.000,0.000,0.000,10876338,6911006,0,0,
GPU,2,0.000,0.000,0.000,14304195,8330090,0,0,
GPU,2,0.000,0.000,0.000,14304195,8330090,0,0,
GPU,2,0.000,0.000,0.000,14304195,8330090,0,0,
GPU,2,0.000,0.000,0.000,10686406,6790321,0,0,
GPU,2,0.000,0.000,0.000,10686406,6790321,0,0,
GPU,2,0.000,0.000,0.000,10686406,6790321,0,0,
GPU,2,0.000,0.000,0.000,12502056,9212041,0,0,
GPU,2,0.000,0.000,0.000,12502056,9212041,0,0,
GPU,2,0.000,0.000,0.000,12502056,9212041,0,0,
GPU,2,0.000,0.000,0.000,12502056,9212041,0,0,
GPU,2,0.000,0.000,0.000,9302650,5953696,0,0,
GPU,2,0.000,0.000,0.000,9302650,5953696,0,0,
GPU,2,0.000,0.000,0.000,9302650,5953696,0,0,
GPU,2,0.000,0.000,0.000,10760590,6877903,0,0,
GPU,2,0.000,0.000,0.000,10760590,6877903,0,0,
GPU,2,0.000,0.000,0.000,10760590,6877903,0,0,
GPU,2,0.000,0.000,0.000,10604231,6809033,0,0,
GPU,2,0.000,0.000,0.000,10604231,6809033,0,0,
GPU,2,0.000,0.000,0.000,10604231,6809033,0,0,
GPU,2,0.000,0.000,0.000,10627773,6783685,0,0,
GPU,2,0.000,0.000,0.000,10627773,6783685,0,0,
GPU,2,0.000,0.000,0.000,10627773,6783685,0,0,
GPU,2,0.000,0.000,0.000,10627773,6783685,0,0,
GPU,2,0.000,0.000,0.000,10856274,6898257,0,0,
GPU,2,0.000,0.000,0.000,10856274,6898257,0,0,
GPU,2,0.000,0.000,0.000,10856274,6898257,0,0,
GPU,2,0.000,0.000,0.000,10856274,6898257,0,0,
GPU,2,0.000,0.000,0.000,9145813,5912445,0,0,
GPU,2,0.000,0.000,0.000,9145813,5912445,0,0,
GPU,2,0.000,0.000,0.000,9145813,5912445,0,0,
GPU,2,0.000,0.000,0.000,8582221,5478013,0,0,
GPU,2,0.000,0.000,0.000,8582221,5478013,0,0,
GPU,2,0.000,0.000,0.000,8582221,5478013,0,0,
GPU,2,0.000,0.000,0.000,10514117,6783301,0,0,
GPU,2,0.000,0.000,0.000,10514117,6783301,0,0,
GPU,2,0.000,0.000,0.000,10514117,6783301,0,0,
GPU,2,0.000,0.000,0.000,10876800,6911300,0,0,
GPU,2,0.000,0.000,0.000,10876800,6911300,0,0,
GPU,2,0.000,0.000,0.000,10876800,6911300,0,0,
GPU,2,0.000,0.000,0.000,10876800,6911300,0,0,
GPU,2,0.000,0.000,0.000,9122839,5838616,0,0,
GPU,2,0.000,0.000,0.000,9122839,5838616,0,0,
GPU,2,0.000,0.000,0.000,9122839,5838616,0,0,
GPU,2,0.000,0.000,0.000,10231865,6434471,0,0,
GPU,2,0.000,0.000,0.000,10231865,6434471,0,0,
GPU,2,0.000,0.000,0.000,10231865,6434471,0,0,
GPU,2,0.000,0.000,0.000,10849756,7007134,0,0,
GPU,2,0.000,0.000,0.000,10849756,7007134,0,0,
GPU,2,0.000,0.000,0.000,10849756,7007134,0,0,
GPU,2,0.000,0.000,0.000,10849909,7007233,0,0,
GPU,2,0.000,0.000,0.000,10849909,7007233,0,0,
GPU,2,0.000,0.000,0.000,10849909,7007233,0,0,
GPU,2,0.000,0.000,0.000,10913450,6944922,0,0,
GPU,2,0.000,0.000,0.000,10913450,6944922,0,0,
GPU,2,0.000,0.000,0.000,10913450,6944922,0,0,
GPU,2,0.000,0.000,0.000,10913450,6944922,0,0,
GPU,2,0.000,0.000,0.000,10653349,6880288,0,0,
GPU,2,0.000,0.000,0.000,10653349,6880288,0,0,
GPU,2,0.000,0.000,0.000,10653349,6880288,0,0,
GPU,2,0.000,0.000,0.000,10675933,6783666,0,0,
GPU,2,0.000,0.000,0.000,10675933,6783666,0,0,
GPU,2,0.000,0.000,0.000,10675933,6783666,0,0,
GPU,2,0.000,0.000,0.000,10675933,6783666,0,0,
GPU,2,0.000,0.000,0.000,10675933,6783666,0,0,
GPU,2,0.000,0.000,0.000,10675933,6783666,0,0,
GPU,2,0.000,0.000,0.000,17662096,9140909,0,0,
GPU,2,0.000,0.000,0.000,17662096,9140909,0,0,
GPU,2,0.000,0.000,0.000,17662096,9140909,0,0,
GPU,2,0.000,0.000,0.000,16375724,9104902,0,0,
GPU,2,0.000,0.000,0.000,16375724,9104902,0,0,
GPU,2,0.000,0.000,0.000,16375724,9104902,0,0,
GPU,2,0.000,0.000,0.000,10598538,6805377,0,0,
GPU,2,0.000,0.000,0.000,10598538,6805377,0,0,
GPU,2,0.000,0.000,0.000,10598538,6805377,0,0,
GPU,2,0.000,0.000,0.000,10598538,6805377,0,0,
GPU,2,0.000,0.000,0.000,10634160,6900891,0,0,
GPU,2,0.000,0.000,0.000,10634160,6900891,0,0,
GPU,2,0.000,0.000,0.000,10634160,6900891,0,0,
GPU,2,0.000,0.000,0.000,11859579,7133581,0,0,
GPU,2,0.000,0.000,0.000,11859579,7133581,0,0,
GPU,2,0.000,0.000,0.000,11859579,7133581,0,0,
GPU,2,0.000,0.000,0.000,11859579,7133581,0,0,
GPU,2,0.000,0.000,0.000,10672521,6781498,0,0,
GPU,2,0.000,0.000,0.000,10672521,6781498,0,0,
GPU,2,0.000,0.000,0.000,10672521,6781498,0,0,
GPU,2,0.000,0.000,0.000,10699657,6910195,0,0,
GPU,2,0.000,0.000,0.000,10699657,6910195,0,0,
GPU,2,0.000,0.000,0.000,10699657,6910195,0,0,
GPU,2,0.000,0.000,0.000,10516718,6671896,0,0,
GPU,2,0.000,0.000,0.000,10516718,6671896,0,0,
GPU,2,0.000,0.000,0.000,10516718,6671896,0,0,
GPU,2,0.000,0.000,0.000,10516718,6671896,0,0,
GPU,2,0.000,0.000,0.000,10559585,6434747,0,0,
GPU,2,0.000,0.000,0.000,10559585,6434747,0,0,
GPU,2,0.000,0.000,0.000,10559585,6434747,0,0,
GPU,2,0.000,0.000,0.000,10767683,6882436,0,0,
GPU,2,0.000,0.000,0.000,10767683,6882436,0,0,
GPU,2,0.000,0.000,0.000,10767683,6882436,0,0,
GPU,2,0.000,0.000,0.000,10687670,6791124,0,0,
GPU,2,0.000,0.000,0.000,10687670,6791124,0,0,
GPU,2,0.000,0.000,0.000,10687670,6791124,0,0,
GPU,2,0.000,0.000,0.000,10516867,6785075,0,0,
GPU,2,0.000,0.000,0.000,10516867,6785075,0,0,
GPU,2,0.000,0.000,0.000,10516867,6785075,0,0,
GPU,2,0.000,0.000,0.000,10516867,6785075,0,0,
GPU,2,0.000,0.000,0.000,10516867,6785075,0,0,
GPU,2,0.000,0.000,0.000,10029950,6049811,0,0,
GPU,2,0.000,0.000,0.000,10029950,6049811,0,0,
GPU,2,0.000,0.000,0.000,10029950,6049811,0,0,
GPU,2,0.000,0.000,0.000,10649952,6878094,0,0,
GPU,2,0.000,0.000,0.000,10649952,6878094,0,0,
GPU,2,0.000,0.000,0.000,10649952,6878094,0,0,
GPU,2,0.000,0.000,0.000,10783394,6892478,0,0,
GPU,2,0.000,0.000,0.000,10783394,6892478,0,0,
GPU,2,0.000,0.000,0.000,10783394,6892478,0,0,
GPU,2,0.000,0.000,0.000,10403415,6671755,0,0,
GPU,2,0.000,0.000,0.000,10403415,6671755,0,0,
GPU,2,0.000,0.000,0.000,10403415,6671755,0,0,
GPU,2,0.000,0.000,0.000,10403415,6671755,0,0,
GPU,2,0.000,0.000,0.000,10403415,6671755,0,0,
GPU,2,0.000,0.000,0.000,10403415,6671755,0,0,
GPU,2,0.000,0.000,0.000,10403415,6671755,0,0,
GPU,2,0.000,0.000,0.000,11886058,7067386,0,0,
GPU,2,0.000,0.000,0.000,11886058,7067386,0,0,
GPU,2,0.000,0.000,0.000,11886058,7067386,0,0,
GPU,2,0.000,0.000,0.000,5636667,3544708,0,0,
GPU,2,0.000,0.000,0.000,5636667,3544708,0,0,
GPU,2,0.000,0.000,0.000,5636667,3544708,0,0,
GPU,2,0.000,0.000,0.000,10729613,6889541,0,0,
GPU,2,0.000,0.000,0.000,10729613,6889541,0,0,
GPU,2,0.000,0.000,0.000,10729613,6889541,0,0,
GPU,2,0.000,0.000,0.000,10857118,7011889,0,0,
GPU,2,0.000,0.000,0.000,10857118,7011889,0,0,
GPU,2,0.000,0.000,0.000,10857118,7011889,0,0,
GPU,2,0.000,0.000,0.000,10857118,7011889,0,0,
GPU,2,0.000,0.000,0.000,9856002,6245387,0,0,
GPU,2,0.000,0.000,0.000,9856002,6245387,0,0,
GPU,2,0.000,0.000,0.000,9856002,6245387,0,0,
GPU,2,0.000,0.000,0.000,9030566,5738172,0,0,
GPU,2,0.000,0.000,0.000,9030566,5738172,0,0,
GPU,2,0.000,0.000,0.000,9030566,5738172,0,0,
GPU,2,0.000,0.000,0.000,10837737,6886478,0,0,
GPU,2,0.000,0.000,0.000,10837737,6886478,0,0,
GPU,2,0.000,0.000,0.000,10837737,6886478,0,0,
GPU,2,0.000,0.000,0.000,10852362,7008817,0,0,
GPU,2,0.000,0.000,0.000,10852362,7008817,0,0,
GPU,2,0.000,0.000,0.000,10852362,7008817,0,0,
GPU,2,0.000,0.000,0.000,10852362,7008817,0,0,
GPU,2,0.000,0.000,0.000,9594914,6044796,0,0,
GPU,2,0.000,0.000,0.000,9594914,6044796,0,0,
GPU,2,0.000,0.000,0.000,9594914,6044796,0,0,
GPU,2,0.000,0.000,0.000,10813931,6983997,0,0,
GPU,2,0.000,0.000,0.000,10813931,6983997,0,0,
GPU,2,0.000,0.000,0.000,10813931,6983997,0,0,
GPU,2,0.000,0.000,0.000,10704877,6802057,0,0,
GPU,2,0.000,0.000,0.000,10704877,6802057,0,0,
GPU,2,0.000,0.000,0.000,10704877,6802057,0,0,
GPU,2,0.000,0.000,0.000,10864644,7016749,0,0,
GPU,2,0.000,0.000,0.000,10864644,7016749,0,0,
GPU,2,0.000,0.000,0.000,10864644,7016749,0,0,
GPU,2,0.000,0.000,0.000,11035015,6952059,0,0,
GPU,2,0.000,0.000,0.000,11035015,6952059,0,0,
GPU,2,0.000,0.000,0.000,11035015,6952059,0,0,
GPU,2,0.000,0.000,0.000,11035015,6952059,0,0,
GPU,2,0.000,0.000,0.000,10778825,6889558,0,0,
GPU,2,0.000,0.000,0.000,10778825,6889558,0,0,
GPU,2,0.000,0.000,0.000,10778825,6889558,0,0,
GPU,2,0.000,0.000,0.000,10577444,6791833,0,0,
GPU,2,0.000,0.000,0.000,10577444,6791833,0,0,
GPU,2,0.000,0.000,0.000,10577444,6791833,0,0,
GPU,2,0.000,0.000,0.000,10511889,6781864,0,0,
GPU,2,0.000,0.000,0.000,10511889,6781864,0,0,
GPU,2,0.000,0.000,0.000,10511889,6781864,0,0,
GPU,2,0.000,0.000,0.000,9702315,6272203,0,0,
GPU,2,0.000,0.000,0.000,9702315,6272203,0,0,
GPU,2,0.000,0.000,0.000,9702315,6272203,0,0,
GPU,2,0.000,0.000,0.000,10804789,6794764,0,0,
GPU,2,0.000,0.000,0.000,10804789,6794764,0,0,
GPU,2,0.000,0.000,0.000,10804789,6794764,0,0,
GPU,2,0.000,0.000,0.000,10682319,6787723,0,0,
GPU,2,0.000,0.000,0.000,10682319,6787723,0,0,
GPU,2,0.000,0.000,0.000,10682319,6787723,0,0,
GPU,2,0.000,0.000,0.000,10743871,7011789,0,0,
GPU,2,0.000,0.000,0.000,10743871,7011789,0,0,
GPU,2,0.000,0.000,0.000,10743871,7011789,0,0,
GPU,2,0.000,0.000,0.000,10743871,7011789,0,0,
GPU,2,0.000,0.000,0.000,10743871,7011789,0,0,
GPU,2,0.000,0.000,0.000,11489943,6843275,0,0,
GPU,2,0.000,0.000,0.000,11489943,6843275,0,0,
GPU,2,0.000,0.000,0.000,11489943,6843275,0,0,
GPU,2,0.000,0.000,0.000,10600633,6735819,0,0,
GPU,2,0.000,0.000,0.000,10600633,6735819,0,0,
GPU,2,0.000,0.000,0.000,10600633,6735819,0,0,
GPU,2,0.000,0.000,0.000,10699210,6909906,0,0,
GPU,2,0.000,0.000,0.000,10699210,6909906,0,0,
GPU,2,0.000,0.000,0.000,10699210,6909906,0,0,
GPU,2,0.000,0.000,0.000,10836361,6885604,0,0,
GPU,2,0.000,0.000,0.000,10836361,6885604,0,0,
GPU,2,0.000,0.000,0.000,10836361,6885604,0,0,
GPU,2,0.000,0.000,0.000,10836361,6885604,0,0,
GPU,2,0.000,0.000,0.000,13027631,7510046,0,0,
GPU,2,0.000,0.000,0.000,13027631,7510046,0,0,
GPU,2,0.000,0.000,0.000,13027631,7510046,0,0,
GPU,2,0.000,0.000,0.000,10747401,6869473,0,0,
GPU,2,0.000,0.000,0.000,10747401,6869473,0,0,
GPU,2,0.000,0.000,0.000,10747401,6869473,0,0,
GPU,2,0.000,0.000,0.000,10747401,6869473,0,0,
GPU,2,0.000,0.000,0.000,10670149,6779990,0,0,
GPU,2,0.000,0.000,0.000,10670149,6779990,0,0,
GPU,2,0.000,0.000,0.000,10670149,6779990,0,0,
GPU,2,0.000,0.000,0.000,10833685,6996755,0,0,
GPU,2,0.000,0.000,0.000,10833685,6996755,0,0,
GPU,2,0.000,0.000,0.000,10833685,6996755,0,0,
GPU,2,0.000,0.000,0.000,9466163,5916351,0,0,
GPU,2,0.000,0.000,0.000,9466163,5916351,0,0,
GPU,2,0.000,0.000,0.000,9466163,5916351,0,0,
GPU,2,0.000,0.000,0.000,9466163,5916351,0,0,
GPU,2,0.000,0.000,0.000,10743532,6867000,0,0,
GPU,2,0.000,0.000,0.000,10743532,6867000,0,0,
GPU,2,0.000,0.000,0.000,10743532,6867000,0,0,
GPU,2,0.000,0.000,0.000,9824325,6411665,0,0,
GPU,2,0.000,0.000,0.000,9824325,6411665,0,0,
GPU,2,0.000,0.000,0.000,9824325,6411665,0,0,
GPU,2,0.000,0.000,0.000,10853973,6896795,0,0,
GPU,2,0.000,0.000,0.000,10853973,6896795,0,0,
GPU,2,0.000,0.000,0.000,10853973,6896795,0,0,
GPU,2,0.000,0.000,0.000,10853973,6896795,0,0,
GPU,2,0.000,0.000,0.000,9739415,6020729,0,0,
GPU,2,0.000,0.000,0.000,9739415,6020729,0,0,
GPU,2,0.000,0.000,0.000,9739415,6020729,0,0,
GPU,2,0.000,0.000,0.000,9739415,6020729,0,0,
GPU,2,0.000,0.000,0.000,10775383,6887358,0,0,
GPU,2,0.000,0.000,0.000,10775383,6887358,0,0,
GPU,2,0.000,0.000,0.000,10775383,6887358,0,0,
GPU,2,0.000,0.000,0.000,9033274,5739893,0,0,
GPU,2,0.000,0.000,0.000,9033274,5739893,0,0,
GPU,2,0.000,0.000,0.000,9033274,5739893,0,0,
GPU,2,0.000,0.000,0.000,10852439,7008867,0,0,
GPU,2,0.000,0.000,0.000,10852439,7008867,0,0,
GPU,2,0.000,0.000,0.000,10852439,7008867,0,0,
GPU,2,0.000,0.000,0.000,10852439,7008867,0,0,
GPU,2,0.000,0.000,0.000,8533701,5430537,0,0,
GPU,2,0.000,0.000,0.000,8533701,5430537,0,0,
GPU,2,0.000,0.000,0.000,8533701,5430537,0,0,
GPU,2,0.000,0.000,0.000,10740633,6865146,0,0,
GPU,2,0.000,0.000,0.000,10740633,6865146,0,0,
GPU,2,0.000,0.000,0.000,10740633,6865146,0,0,
GPU,2,0.000,0.000,0.000,10586285,6797509,0,0,
GPU,2,0.000,0.000,0.000,10586285,6797509,0,0,
GPU,2,0.000,0.000,0.000,10586285,6797509,0,0,
GPU,2,0.000,0.000,0.000,10852822,6896064,0,0,
GPU,2,0.000,0.000,0.000,10852822,6896064,0,0,
GPU,2,0.000,0.000,0.000,10852822,6896064,0,0,
GPU,2,0.000,0.000,0.000,10852822,6896064,0,0,
GPU,2,0.000,0.000,0.000,10842480,6889492,0,0,
GPU,2,0.000,0.000,0.000,10842480,6889492,0,0,
GPU,2,0.000,0.000,0.000,10842480,6889492,0,0,
GPU,2,0.000,0.000,0.000,13686834,8014001,0,0,
GPU,2,0.000,0.000,0.000,13686834,8014001,0,0,
GPU,2,0.000,0.000,0.000,13686834,8014001,0,0,
GPU,2,0.000,0.000,0.000,9742652,6358362,0,0,
GPU,2,0.000,0.000,0.000,9742652,6358362,0,0,
GPU,2,0.000,0.000,0.000,9742652,6358362,0,0,
GPU,2,0.000,0.000,0.000,10842633,6889590,0,0,
GPU,2,0.000,0.000,0.000,10842633,6889590,0,0,
GPU,2,0.000,0.000,0.000,10842633,6889590,0,0,
GPU,2,0.000,0.000,0.000,10968197,7010600,0,0,
GPU,2,0.000,0.000,0.000,10968197,7010600,0,0,
GPU,2,0.000,0.000,0.000,10968197,7010600,0,0,
GPU,2,0.000,0.000,0.000,10968197,7010600,0,0,
GPU,2,0.000,0.000,0.000,10470724,6701263,0,0,
GPU,2,0.000,0.000,0.000,10470724,6701263,0,0,
GPU,2,0.000,0.000,0.000,10470724,6701263,0,0,
GPU,2,0.000,0.000,0.000,10920041,6867242,0,0,
GPU,2,0.000,0.000,0.000,10920041,6867242,0,0,
GPU,2,0.000,0.000,0.000,10920041,6867242,0,0,
GPU,2,0.000,0.000,0.000,10596691,6804191,0,0,
GPU,2,0.000,0.000,0.000,10596691,6804191,0,0,
GPU,2,0.000,0.000,0.000,10596691,6804191,0,0,
GPU,2,0.000,0.000,0.000,10758167,6907876,0,0,
GPU,2,0.000,0.000,0.000,10758167,6907876,0,0,
GPU,2,0.000,0.000,0.000,10758167,6907876,0,0,
GPU,2,0.000,0.000,0.000,11003899,7042495,0,0,
GPU,2,0.000,0.000,0.000,11003899,7042495,0,0,
GPU,2,0.000,0.000,0.000,11003899,7042495,0,0,
GPU,2,0.000,0.000,0.000,10672299,6892526,0,0,
GPU,2,0.000,0.000,0.000,10672299,6892526,0,0,
GPU,2,0.000,0.000,0.000,10672299,6892526,0,0,
GPU,2,0.000,0.000,0.000,10708907,6804618,0,0,
GPU,2,0.000,0.000,0.000,10708907,6804618,0,0,
GPU,2,0.000,0.000,0.000,10708907,6804618,0,0,
GPU,2,0.000,0.000,0.000,10858730,6899818,0,0,
GPU,2,0.000,0.000,0.000,10858730,6899818,0,0,
GPU,2,0.000,0.000,0.000,10858730,6899818,0,0,
GPU,2,0.000,0.000,0.000,10858730,6899818,0,0,
GPU,2,0.000,0.000,0.000,9506661,6145720,0,0,
GPU,2,0.000,0.000,0.000,9506661,6145720,0,0,
GPU,2,0.000,0.000,0.000,9506661,6145720,0,0,
GPU,2,0.000,0.000,0.000,10799827,6791644,0,0,
GPU,2,0.000,0.000,0.000,10799827,6791644,0,0,
GPU,2,0.000,0.000,0.000,10799827,6791644,0,0,
GPU,2,0.000,0.000,0.000,10061361,6566361,0,0,
GPU,2,0.000,0.000,0.000,10061361,6566361,0,0,
GPU,2,0.000,0.000,0.000,10061361,6566361,0,0,
GPU,2,0.000,0.000,0.000,10855737,6897916,0,0,
GPU,2,0.000,0.000,0.000,10855737,6897916,0,0,
GPU,2,0.000,0.000,0.000,10855737,6897916,0,0,
GPU,2,0.000,0.000,0.000,10855737,6897916,0,0,
GPU,2,0.000,0.000,0.000,8608213,5423174,0,0,
GPU,2,0.000,0.000,0.000,8608213,5423174,0,0,
GPU,2,0.000,0.000,0.000,8608213,5423174,0,0,
GPU,2,0.000,0.000,0.000,10777104,6888458,0,0,
GPU,2,0.000,0.000,0.000,10777104,6888458,0,0,
GPU,2,0.000,0.000,0.000,10777104,6888458,0,0,
GPU,2,0.000,0.000,0.000,10684994,6789423,0,0,
GPU,2,0.000,0.000,0.000,10684994,6789423,0,0,
GPU,2,0.000,0.000,0.000,10684994,6789423,0,0,
GPU,2,0.000,0.000,0.000,10830630,6994782,0,0,
GPU,2,0.000,0.000,0.000,10830630,6994782,0,0,
GPU,2,0.000,0.000,0.000,10830630,6994782,0,0,
GPU,2,0.000,0.000,0.000,10830630,6994782,0,0,
GPU,2,0.000,0.000,0.000,10861341,6901477,0,0,
GPU,2,0.000,0.000,0.000,10861341,6901477,0,0,
GPU,2,0.000,0.000,0.000,10861341,6901477,0,0,
GPU,2,0.000,0.000,0.000,10861341,6901477,0,0,
GPU,2,0.000,0.000,0.000,13525851,8025338,0,0,
GPU,2,0.000,0.000,0.000,13525851,8025338,0,0,
GPU,2,0.000,0.000,0.000,13525851,8025338,0,0,
GPU,2,0.000,0.000,0.000,9715874,6238614,0,0,
GPU,2,0.000,0.000,0.000,9715874,6238614,0,0,
GPU,2,0.000,0.000,0.000,9715874,6238614,0,0,
GPU,2,0.000,0.000,0.000,10863338,6902746,0,0,
GPU,2,0.000,0.000,0.000,10863338,6902746,0,0,
GPU,2,0.000,0.000,0.000,10863338,6902746,0,0,
GPU,2,0.000,0.000,0.000,10857962,6899330,0,0,
GPU,2,0.000,0.000,0.000,10857962,6899330,0,0,
GPU,2,0.000,0.000,0.000,10857962,6899330,0,0,
GPU,2,0.000,0.000,0.000,10702412,6849544,0,0,
GPU,2,0.000,0.000,0.000,10702412,6849544,0,0,
GPU,2,0.000,0.000,0.000,10702412,6849544,0,0,
GPU,2,0.000,0.000,0.000,10935507,6989705,0,0,
GPU,2,0.000,0.000,0.000,10935507,6989705,0,0,
GPU,2,0.000,0.000,0.000,10935507,6989705,0,0,
GPU,2,0.000,0.000,0.000,10698986,6798314,0,0,
GPU,2,0.000,0.000,0.000,10698986,6798314,0,0,
GPU,2,0.000,0.000,0.000,10698986,6798314,0,0,
GPU,2,0.000,0.000,0.000,10405694,6786322,0,0,
GPU,2,0.000,0.000,0.000,10405694,6786322,0,0,
GPU,2,0.000,0.000,0.000,10405694,6786322,0,0,
GPU,2,0.000,0.000,0.000,10883007,6925550,0,0,
GPU,2,0.000,0.000,0.000,10883007,6925550,0,0,
GPU,2,0.000,0.000,0.000,10883007,6925550,0,0,
GPU,2,0.000,0.000,0.000,10756712,6875424,0,0,
GPU,2,0.000,0.000,0.000,10756712,6875424,0,0,
GPU,2,0.000,0.000,0.000,10756712,6875424,0,0,
GPU,2,0.000,0.000,0.000,10756712,6875424,0,0,
GPU,2,0.000,0.000,0.000,10607858,6811361,0,0,
GPU,2,0.000,0.000,0.000,10607858,6811361,0,0,
GPU,2,0.000,0.000,0.000,10607858,6811361,0,0,
GPU,2,0.000,0.000,0.000,10860957,7014368,0,0,
GPU,2,0.000,0.000,0.000,10860957,7014368,0,0,
GPU,2,0.000,0.000,0.000,10860957,7014368,0,0,
GPU,2,0.000,0.000,0.000,9333129,5939263,0,0,
GPU,2,0.000,0.000,0.000,9333129,5939263,0,0,
GPU,2,0.000,0.000,0.000,9333129,5939263,0,0,
GPU,2,0.000,0.000,0.000,10780772,6890803,0,0,
GPU,2,0.000,0.000,0.000,10780772,6890803,0,0,
GPU,2,0.000,0.000,0.000,10780772,6890803,0,0,
GPU,2,0.000,0.000,0.000,10780772,6890803,0,0,
GPU,2,0.000,0.000,0.000,10557607,6748161,0,0,
GPU,2,0.000,0.000,0.000,10557607,6748161,0,0,
GPU,2,0.000,0.000,0.000,10557607,6748161,0,0,
GPU,2,0.000,0.000,0.000,10718718,6882545,0,0,
GPU,2,0.000,0.000,0.000,10718718,6882545,0,0,
GPU,2,0.000,0.000,0.000,10718718,6882545,0,0,
GPU,2,0.000,0.000,0.000,10718718,6882545,0,0,
GPU,2,0.000,0.000,0.000,7501314,4773563,0,0,
GPU,2,0.000,0.000,0.000,7501314,4773563,0,0,
GPU,2,0.000,0.000,0.000,7501314,4773563,0,0,
GPU,2,0.000,0.000,0.000,10800278,6903270,0,0,
GPU,2,0.000,0.000,0.000,10800278,6903270,0,0,
GPU,2,0.000,0.000,0.000,10800278,6903270,0,0,
GPU,2,0.000,0.000,0.000,10693176,6794622,0,0,
GPU,2,0.000,0.000,0.000,10693176,6794622,0,0,
GPU,2,0.000,0.000,0.000,10693176,6794622,0,0,
GPU,2,0.000,0.000,0.000,10724617,6886333,0,0,
GPU,2,0.000,0.000,0.000,10724617,6886333,0,0,
GPU,2,0.000,0.000,0.000,10724617,6886333,0,0,
GPU,2,0.000,0.000,0.000,10724617,6886333,0,0,
GPU,2,0.000,0.000,0.000,9109691,5916604,0,0,
GPU,2,0.000,0.000,0.000,9109691,5916604,0,0,
GPU,2,0.000,0.000,0.000,9109691,5916604,0,0,
GPU,2,0.000,0.000,0.000,10757159,6764811,0,0,
GPU,2,0.000,0.000,0.000,10757159,6764811,0,0,
GPU,2,0.000,0.000,0.000,10757159,6764811,0,0,
GPU,2,0.000,0.000,0.000,10579506,6793156,0,0,
GPU,2,0.000,0.000,0.000,10579506,6793156,0,0,
GPU,2,0.000,0.000,0.000,10579506,6793156,0,0,
GPU,2,0.000,0.000,0.000,10862032,7015062,0,0,
GPU,2,0.000,0.000,0.000,10862032,7015062,0,0,
GPU,2,0.000,0.000,0.000,10862032,7015062,0,0,
GPU,2,0.000,0.000,0.000,10862032,7015062,0,0,
GPU,2,0.000,0.000,0.000,10855890,6898013,0,0,
GPU,2,0.000,0.000,0.000,10855890,6898013,0,0,
GPU,2,0.000,0.000,0.000,10855890,6898013,0,0,
GPU,2,0.000,0.000,0.000,10855890,6898013,0,0,
GPU,2,0.000,0.000,0.000,14290818,8238236,0,0,
GPU,2,0.000,0.000,0.000,14290818,8238236,0,0,
GPU,2,0.000,0.000,0.000,14290818,8238236,0,0,
GPU,2,0.000,0.000,0.000,10274041,6635318,0,0,
GPU,2,0.000,0.000,0.000,10274041,6635318,0,0,
GPU,2,0.000,0.000,0.000,10274041,6635318,0,0,
GPU,2,0.000,0.000,0.000,10756492,6906800,0,0,
GPU,2,0.000,0.000,0.000,10756492,6906800,0,0,
GPU,2,0.000,0.000,0.000,10756492,6906800,0,0,
GPU,2,0.000,0.000,0.000,10844317,6890660,0,0,
GPU,2,0.000,0.000,0.000,10844317,6890660,0,0,
GPU,2,0.000,0.000,0.000,10844317,6890660,0,0,
GPU,2,0.000,0.000,0.000,10845031,6940820,0,0,
GPU,2,0.000,0.000,0.000,10845031,6940820,0,0,
GPU,2,0.000,0.000,0.000,10845031,6940820,0,0,
GPU,2,0.000,0.000,0.000,10952175,6887450,0,0,
GPU,2,0.000,0.000,0.000,10952175,6887450,0,0,
GPU,2,0.000,0.000,0.000,10952175,6887450,0,0,
GPU,2,0.000,0.000,0.000,10600016,6806326,0,0,
GPU,2,0.000,0.000,0.000,10600016,6806326,0,0,
GPU,2,0.000,0.000,0.000,10600016,6806326,0,0,
GPU,2,0.000,0.000,0.000,10876107,7024152,0,0,
GPU,2,0.000,0.000,0.000,10876107,7024152,0,0,
GPU,2,0.000,0.000,0.000,10876107,7024152,0,0,
GPU,2,0.000,0.000,0.000,10914277,6945449,0,0,
GPU,2,0.000,0.000,0.000,10914277,6945449,0,0,
GPU,2,0.000,0.000,0.000,10914277,6945449,0,0,
GPU,2,0.000,0.000,0.000,10797798,6901685,0,0,
GPU,2,0.000,0.000,0.000,10797798,6901685,0,0,
GPU,2,0.000,0.000,0.000,10797798,6901685,0,0,
GPU,2,0.000,0.000,0.000,10579580,6793204,0,0,
GPU,2,0.000,0.000,0.000,10579580,6793204,0,0,
GPU,2,0.000,0.000,0.000,10579580,6793204,0,0,
GPU,2,0.000,0.000,0.000,10843705,7003226,0,0,
GPU,2,0.000,0.000,0.000,10843705,7003226,0,0,
GPU,2,0.000,0.000,0.000,10843705,7003226,0,0,
GPU,2,0.000,0.000,0.000,10843705,7003226,0,0,
GPU,2,0.000,0.000,0.000,8721247,5494385,0,0,
GPU,2,0.000,0.000,0.000,8721247,5494385,0,0,
GPU,2,0.000,0.000,0.000,8721247,5494385,0,0,
GPU,2,0.000,0.000,0.000,8721247,5494385,0,0,
GPU,2,0.000,0.000,0.000,10687522,6902358,0,0,
GPU,2,0.000,0.000,0.000,10687522,6902358,0,0,
GPU,2,0.000,0.000,0.000,10687522,6902358,0,0,
GPU,2,0.000,0.000,0.000,10692358,6794102,0,0,
GPU,2,0.000,0.000,0.000,10692358,6794102,0,0,
GPU,2,0.000,0.000,0.000,10692358,6794102,0,0,
GPU,2,0.000,0.000,0.000,10853436,6896454,0,0,
GPU,2,0.000,0.000,0.000,10853436,6896454,0,0,
GPU,2,0.000,0.000,0.000,10853436,6896454,0,0,
GPU,2,0.000,0.000,0.000,9997420,6236922,0,0,
GPU,2,0.000,0.000,0.000,9997420,6236922,0,0,
GPU,2,0.000,0.000,0.000,9997420,6236922,0,0,
GPU,2,0.000,0.000,0.000,9997420,6236922,0,0,
GPU,2,0.000,0.000,0.000,10763501,6879763,0,0,
GPU,2,0.000,0.000,0.000,10763501,6879763,0,0,
GPU,2,0.000,0.000,0.000,10763501,6879763,0,0,
GPU,2,0.000,0.000,0.000,10699657,6798740,0,0,
GPU,2,0.000,0.000,0.000,10699657,6798740,0,0,
GPU,2,0.000,0.000,0.000,10699657,6798740,0,0,
GPU,2,0.000,0.000,0.000,10741745,7010402,0,0,
GPU,2,0.000,0.000,0.000,10741745,7010402,0,0,
GPU,2,0.000,0.000,0.000,10741745,7010402,0,0,
GPU,2,0.000,0.000,0.000,10627698,6783637,0,0,
GPU,2,0.000,0.000,0.000,10627698,6783637,0,0,
GPU,2,0.000,0.000,0.000,10627698,6783637,0,0,
GPU,2,0.000,0.000,0.000,10818120,6815415,0,0,
GPU,2,0.000,0.000,0.000,10818120,6815415,0,0,
GPU,2,0.000,0.000,0.000,10818120,6815415,0,0,
GPU,2,0.000,0.000,0.000,10950553,6999322,0,0,
GPU,2,0.000,0.000,0.000,10950553,6999322,0,0,
GPU,2,0.000,0.000,0.000,10950553,6999322,0,0,
GPU,2,0.000,0.000,0.000,10598316,6805235,0,0,
GPU,2,0.000,0.000,0.000,10598316,6805235,0,0,
GPU,2,0.000,0.000,0.000,10598316,6805235,0,0,
GPU,2,0.000,0.000,0.000,10849373,6893872,0,0,
GPU,2,0.000,0.000,0.000,10849373,6893872,0,0,
GPU,2,0.000,0.000,0.000,10849373,6893872,0,0,
GPU,2,0.000,0.000,0.000,10641726,6911636,0,0,
GPU,2,0.000,0.000,0.000,10641726,6911636,0,0,
GPU,2,0.000,0.000,0.000,10641726,6911636,0,0,
GPU,2,0.000,0.000,0.000,10641726,6911636,0,0,
GPU,2,0.000,0.000,0.000,10746136,6757879,0,0,
GPU,2,0.000,0.000,0.000,10746136,6757879,0,0,
GPU,2,0.000,0.000,0.000,10746136,6757879,0,0,
GPU,2,0.000,0.000,0.000,10682542,6899141,0,0,
GPU,2,0.000,0.000,0.000,10682542,6899141,0,0,
GPU,2,0.000,0.000,0.000,10682542,6899141,0,0,
GPU,2,0.000,0.000,0.000,10742125,6897575,0,0,
GPU,2,0.000,0.000,0.000,10742125,6897575,0,0,
GPU,2,0.000,0.000,0.000,10742125,6897575,0,0,
GPU,2,0.000,0.000,0.000,9450846,6048541,0,0,
GPU,2,0.000,0.000,0.000,9450846,6048541,0,0,
GPU,2,0.000,0.000,0.000,9450846,6048541,0,0,
GPU,2,0.000,0.000,0.000,10782644,6780838,0,0,
GPU,2,0.000,0.000,0.000,10782644,6780838,0,0,
GPU,2,0.000,0.000,0.000,10782644,6780838,0,0,
GPU,2,0.000,0.000,0.000,10782644,6780838,0,0,
GPU,2,0.000,0.000,0.000,10396716,6785225,0,0,
GPU,2,0.000,0.000,0.000,10396716,6785225,0,0,
GPU,2,0.000,0.000,0.000,10396716,6785225,0,0,
GPU,2,0.000,0.000,0.000,10861648,6901672,0,0,
GPU,2,0.000,0.000,0.000,10861648,6901672,0,0,
GPU,2,0.000,0.000,0.000,10861648,6901672,0,0,
GPU,2,0.000,0.000,0.000,10861648,6901672,0,0,
GPU,2,0.000,0.000,0.000,8230673,5315643,0,0,
GPU,2,0.000,0.000,0.000,8230673,5315643,0,0,
GPU,2,0.000,0.000,0.000,8230673,5315643,0,0,
GPU,2,0.000,0.000,0.000,10782794,6780932,0,0,
GPU,2,0.000,0.000,0.000,10782794,6780932,0,0,
GPU,2,0.000,0.000,0.000,10782794,6780932,0,0,
GPU,2,0.000,0.000,0.000,10686927,6901973,0,0,
GPU,2,0.000,0.000,0.000,10686927,6901973,0,0,
GPU,2,0.000,0.000,0.000,10686927,6901973,0,0,
GPU,2,0.000,0.000,0.000,10869180,6906458,0,0,
GPU,2,0.000,0.000,0.000,10869180,6906458,0,0,
GPU,2,0.000,0.000,0.000,10869180,6906458,0,0,
GPU,2,0.000,0.000,0.000,10869180,6906458,0,0,
GPU,2,0.000,0.000,0.000,10391370,6664031,0,0,
GPU,2,0.000,0.000,0.000,10391370,6664031,0,0,
GPU,2,0.000,0.000,0.000,10391370,6664031,0,0,
GPU,2,0.000,0.000,0.000,13591741,8011026,0,0,
GPU,2,0.000,0.000,0.000,13591741,8011026,0,0,
GPU,2,0.000,0.000,0.000,13591741,8011026,0,0,
GPU,2,0.000,0.000,0.000,9836569,6250320,0,0,
GPU,2,0.000,0.000,0.000,9836569,6250320,0,0,
GPU,2,0.000,0.000,0.000,9836569,6250320,0,0,
GPU,2,0.000,0.000,0.000,10756416,7019977,0,0,
GPU,2,0.000,0.000,0.000,10756416,7019977,0,0,
GPU,2,0.000,0.000,0.000,10756416,7019977,0,0,
GPU,2,0.000,0.000,0.000,10739848,6783062,0,0,
GPU,2,0.000,0.000,0.000,10739848,6783062,0,0,
GPU,2,0.000,0.000,0.000,10739848,6783062,0,0,
GPU,2,0.000,0.000,0.000,10739848,6783062,0,0,
GPU,2,0.000,0.000,0.000,10739848,6783062,0,0,
GPU,2,0.000,0.000,0.000,8470134,5420886,0,0,
GPU,2,0.000,0.000,0.000,8470134,5420886,0,0,
GPU,2,0.000,0.000,0.000,8470134,5420886,0,0,
GPU,2,0.000,0.000,0.000,9758244,6237228,0,0,
GPU,2,0.000,0.000,0.000,9758244,6237228,0,0,
GPU,2,0.000,0.000,0.000,9758244,6237228,0,0,
GPU,2,0.000,0.000,0.000,10742656,6897916,0,0,
GPU,2,0.000,0.000,0.000,10742656,6897916,0,0,
GPU,2,0.000,0.000,0.000,10742656,6897916,0,0,
GPU,2,0.000,0.000,0.000,10739924,6896161,0,0,
GPU,2,0.000,0.000,0.000,10739924,6896161,0,0,
GPU,2,0.000,0.000,0.000,10739924,6896161,0,0,
GPU,2,0.000,0.000,0.000,10739924,6896161,0,0,
GPU,2,0.000,0.000,0.000,9527268,6002179,0,0,
GPU,2,0.000,0.000,0.000,9527268,6002179,0,0,
GPU,2,0.000,0.000,0.000,9527268,6002179,0,0,
GPU,2,0.000,0.000,0.000,8867285,5726788,0,0,
GPU,2,0.000,0.000,0.000,8867285,5726788,0,0,
GPU,2,0.000,0.000,0.000,8867285,5726788,0,0,
GPU,2,0.000,0.000,0.000,10841791,6889055,0,0,
GPU,2,0.000,0.000,0.000,10841791,6889055,0,0,
GPU,2,0.000,0.000,0.000,10841791,6889055,0,0,
GPU,2,0.000,0.000,0.000,10868103,6905774,0,0,
GPU,2,0.000,0.000,0.000,10868103,6905774,0,0,
GPU,2,0.000,0.000,0.000,10868103,6905774,0,0,
GPU,2,0.000,0.000,0.000,10868103,6905774,0,0,
GPU,2,0.000,0.000,0.000,10868103,6905774,0,0,
GPU,2,0.000,0.000,0.000,9117858,5894373,0,0,
GPU,2,0.000,0.000,0.000,9117858,5894373,0,0,
GPU,2,0.000,0.000,0.000,9117858,5894373,0,0,
GPU,2,0.000,0.000,0.000,8303779,5362857,0,0,
GPU,2,0.000,0.000,0.000,8303779,5362857,0,0,
GPU,2,0.000,0.000,0.000,8303779,5362857,0,0,
GPU,2,0.000,0.000,0.000,10840643,6888325,0,0,
GPU,2,0.000,0.000,0.000,10840643,6888325,0,0,
GPU,2,0.000,0.000,0.000,10840643,6888325,0,0,
GPU,2,0.000,0.000,0.000,10840643,6888325,0,0,
GPU,2,0.000,0.000,0.000,8407596,5404883,0,0,
GPU,2,0.000,0.000,0.000,8407596,5404883,0,0,
GPU,2,0.000,0.000,0.000,8407596,5404883,0,0,
GPU,2,0.000,0.000,0.000,10777927,6777871,0,0,
GPU,2,0.000,0.000,0.000,10777927,6777871,0,0,
GPU,2,0.000,0.000,0.000,10777927,6777871,0,0,
GPU,2,0.000,0.000,0.000,10544059,6881386,0,0,
GPU,2,0.000,0.000,0.000,10544059,6881386,0,0,
GPU,2,0.000,0.000,0.000,10544059,6881386,0,0,
GPU,2,0.000,0.000,0.000,10861341,6901477,0,0,
GPU,2,0.000,0.000,0.000,10861341,6901477,0,0,
GPU,2,0.000,0.000,0.000,10861341,6901477,0,0,
GPU,2,0.000,0.000,0.000,10861341,6901477,0,0,
GPU,2,0.000,0.000,0.000,10859651,6900403,0,0,
GPU,2,0.000,0.000,0.000,10859651,6900403,0,0,
GPU,2,0.000,0.000,0.000,10859651,6900403,0,0,
GPU,2,0.000,0.000,0.000,10859651,6900403,0,0,
GPU,2,0.000,0.000,0.000,12105499,7182596,0,0,
GPU,2,0.000,0.000,0.000,12105499,7182596,0,0,
GPU,2,0.000,0.000,0.000,12105499,7182596,0,0,
GPU,2,0.000,0.000,0.000,10702490,6800540,0,0,
GPU,2,0.000,0.000,0.000,10702490,6800540,0,0,
GPU,2,0.000,0.000,0.000,10702490,6800540,0,0,
GPU,2,0.000,0.000,0.000,10855123,7010600,0,0,
GPU,2,0.000,0.000,0.000,10855123,7010600,0,0,
GPU,2,0.000,0.000,0.000,10855123,7010600,0,0,
GPU,2,0.000,0.000,0.000,10859114,6900062,0,0,
GPU,2,0.000,0.000,0.000,10859114,6900062,0,0,
GPU,2,0.000,0.000,0.000,10859114,6900062,0,0,
GPU,2,0.000,0.000,0.000,10859114,6900062,0,0,
GPU,2,0.000,0.000,0.000,9371686,5997879,0,0,
GPU,2,0.000,0.000,0.000,9371686,5997879,0,0,
GPU,2,0.000,0.000,0.000,9371686,5997879,0,0,
GPU,2,0.000,0.000,0.000,9022941,5674220,0,0,
GPU,2,0.000,0.000,0.000,9022941,5674220,0,0,
GPU,2,0.000,0.000,0.000,9022941,5674220,0,0,
GPU,2,0.000,0.000,0.000,10853973,7009857,0,0,
GPU,2,0.000,0.000,0.000,10853973,7009857,0,0,
GPU,2,0.000,0.000,0.000,10853973,7009857,0,0,
GPU,2,0.000,0.000,0.000,10853973,7009857,0,0,
GPU,2,0.000,0.000,0.000,10748886,6901916,0,0,
GPU,2,0.000,0.000,0.000,10748886,6901916,0,0,
GPU,2,0.000,0.000,0.000,10748886,6901916,0,0,
GPU,2,0.000,0.000,0.000,10748886,6901916,0,0,
GPU,2,0.000,0.000,0.000,12446588,7379048,0,0,
GPU,2,0.000,0.000,0.000,12446588,7379048,0,0,
GPU,2,0.000,0.000,0.000,12446588,7379048,0,0,
GPU,2,0.000,0.000,0.000,9049933,5750478,0,0,
GPU,2,0.000,0.000,0.000,9049933,5750478,0,0,
GPU,2,0.000,0.000,0.000,9049933,5750478,0,0,
GPU,2,0.000,0.000,0.000,10848530,7006342,0,0,
GPU,2,0.000,0.000,0.000,10848530,7006342,0,0,
GPU,2,0.000,0.000,0.000,10848530,7006342,0,0,
GPU,2,0.000,0.000,0.000,10735903,6893580,0,0,
GPU,2,0.000,0.000,0.000,10735903,6893580,0,0,
GPU,2,0.000,0.000,0.000,10735903,6893580,0,0,
GPU,2,0.000,0.000,0.000,10735903,6893580,0,0,
GPU,2,0.000,0.000,0.000,11914026,7076752,0,0,
GPU,2,0.000,0.000,0.000,11914026,7076752,0,0,
GPU,2,0.000,0.000,0.000,11914026,7076752,0,0,
GPU,2,0.000,0.000,0.000,11914026,7076752,0,0,
GPU,2,0.000,0.000,0.000,8678176,5663652,0,0,
GPU,2,0.000,0.000,0.000,8678176,5663652,0,0,
GPU,2,0.000,0.000,0.000,8678176,5663652,0,0,
GPU,2,0.000,0.000,0.000,10858807,6899867,0,0,
GPU,2,0.000,0.000,0.000,10858807,6899867,0,0,
GPU,2,0.000,0.000,0.000,10858807,6899867,0,0,
GPU,2,0.000,0.000,0.000,10858807,6899867,0,0,
GPU,2,0.000,0.000,0.000,8576972,5403492,0,0,
GPU,2,0.000,0.000,0.000,8576972,5403492,0,0,
GPU,2,0.000,0.000,0.000,8576972,5403492,0,0,
GPU,2,0.000,0.000,0.000,10668741,6890228,0,0,
GPU,2,0.000,0.000,0.000,10668741,6890228,0,0,
GPU,2,0.000,0.000,0.000,10668741,6890228,0,0,
GPU,2,0.000,0.000,0.000,10687076,6790746,0,0,
GPU,2,0.000,0.000,0.000,10687076,6790746,0,0,
GPU,2,0.000,0.000,0.000,10687076,6790746,0,0,
GPU,2,0.000,0.000,0.000,10857886,7012384,0,0,
GPU,2,0.000,0.000,0.000,10857886,7012384,0,0,
GPU,2,0.000,0.000,0.000,10857886,7012384,0,0,
GPU,2,0.000,0.000,0.000,10857886,7012384,0,0,
GPU,2,0.000,0.000,0.000,10852362,6895772,0,0,
GPU,2,0.000,0.000,0.000,10852362,6895772,0,0,
GPU,2,0.000,0.000,0.000,10852362,6895772,0,0,
GPU,2,0.000,0.000,0.000,12603287,7443552,0,0,
GPU,2,0.000,0.000,0.000,12603287,7443552,0,0,
GPU,2,0.000,0.000,0.000,12603287,7443552,0,0,
GPU,2,0.000,0.000,0.000,10640287,6761016,0,0,
GPU,2,0.000,0.000,0.000,10640287,6761016,0,0,
GPU,2,0.000,0.000,0.000,10640287,6761016,0,0,
GPU,2,0.000,0.000,0.000,10853206,6896308,0,0,
GPU,2,0.000,0.000,0.000,10853206,6896308,0,0,
GPU,2,0.000,0.000,0.000,10853206,6896308,0,0,
GPU,2,0.000,0.000,0.000,10951480,6999915,0,0,
GPU,2,0.000,0.000,0.000,10951480,6999915,0,0,
GPU,2,0.000,0.000,0.000,10951480,6999915,0,0,
GPU,2,0.000,0.000,0.000,10951480,6999915,0,0,
GPU,2,0.000,0.000,0.000,10951480,6999915,0,0,
GPU,2,0.000,0.000,0.000,9422184,6030198,0,0,
GPU,2,0.000,0.000,0.000,9422184,6030198,0,0,
GPU,2,0.000,0.000,0.000,9422184,6030198,0,0,
GPU,2,0.000,0.000,0.000,9004931,5662895,0,0,
GPU,2,0.000,0.000,0.000,9004931,5662895,0,0,
GPU,2,0.000,0.000,0.000,9004931,5662895,0,0,
GPU,2,0.000,0.000,0.000,10843552,7003127,0,0,
GPU,2,0.000,0.000,0.000,10843552,7003127,0,0,
GPU,2,0.000,0.000,0.000,10843552,7003127,0,0,
GPU,2,0.000,0.000,0.000,10728780,6889006,0,0,
GPU,2,0.000,0.000,0.000,10728780,6889006,0,0,
GPU,2,0.000,0.000,0.000,10728780,6889006,0,0,
GPU,2,0.000,0.000,0.000,10728780,6889006,0,0,
GPU,2,0.000,0.000,0.000,9185394,5836552,0,0,
GPU,2,0.000,0.000,0.000,9185394,5836552,0,0,
GPU,2,0.000,0.000,0.000,9185394,5836552,0,0,
GPU,2,0.000,0.000,0.000,9018274,5764258,0,0,
GPU,2,0.000,0.000,0.000,9018274,5764258,0,0,
GPU,2,0.000,0.000,0.000,9018274,5764258,0,0,
GPU,2,0.000,0.000,0.000,10738786,6895431,0,0,
GPU,2,0.000,0.000,0.000,10738786,6895431,0,0,
GPU,2,0.000,0.000,0.000,10738786,6895431,0,0,
GPU,2,0.000,0.000,0.000,10834985,6884730,0,0,
GPU,2,0.000,0.000,0.000,10834985,6884730,0,0,
GPU,2,0.000,0.000,0.000,10834985,6884730,0,0,
GPU,2,0.000,0.000,0.000,10834985,6884730,0,0,
GPU,2,0.000,0.000,0.000,10834985,6884730,0,0,
GPU,2,0.000,0.000,0.000,9169213,5927572,0,0,
GPU,2,0.000,0.000,0.000,9169213,5927572,0,0,
GPU,2,0.000,0.000,0.000,9169213,5927572,0,0,
GPU,2,0.000,0.000,0.000,8370435,5405906,0,0,
GPU,2,0.000,0.000,0.000,8370435,5405906,0,0,
GPU,2,0.000,0.000,0.000,8370435,5405906,0,0,
GPU,2,0.000,0.000,0.000,10955191,6889346,0,0,
GPU,2,0.000,0.000,0.000,10955191,6889346,0,0,
GPU,2,0.000,0.000,0.000,10955191,6889346,0,0,
GPU,2,0.000,0.000,0.000,10955191,6889346,0,0,
GPU,2,0.000,0.000,0.000,10752155,6904015,0,0,
GPU,2,0.000,0.000,0.000,10752155,6904015,0,0,
GPU,2,0.000,0.000,0.000,10752155,6904015,0,0,
GPU,2,0.000,0.000,0.000,13087388,7745597,0,0,
GPU,2,0.000,0.000,0.000,13087388,7745597,0,0,
GPU,2,0.000,0.000,0.000,13087388,7745597,0,0,
GPU,2,0.000,0.000,0.000,9543395,6064032,0,0,
GPU,2,0.000,0.000,0.000,9543395,6064032,0,0,
GPU,2,0.000,0.000,0.000,9543395,6064032,0,0,
GPU,2,0.000,0.000,0.000,10862416,6902160,0,0,
GPU,2,0.000,0.000,0.000,10862416,6902160,0,0,
GPU,2,0.000,0.000,0.000,10862416,6902160,0,0,
GPU,2,0.000,0.000,0.000,10823227,6990001,0,0,
GPU,2,0.000,0.000,0.000,10823227,6990001,0,0,
GPU,2,0.000,0.000,0.000,10823227,6990001,0,0,
GPU,2,0.000,0.000,0.000,10823227,6990001,0,0,
GPU,2,0.000,0.000,0.000,10823227,6990001,0,0,
GPU,2,0.000,0.000,0.000,8173821,5193782,0,0,
GPU,2,0.000,0.000,0.000,8173821,5193782,0,0,
GPU,2,0.000,0.000,0.000,8173821,5193782,0,0,
GPU,2,0.000,0.000,0.000,10376412,6632346,0,0,
GPU,2,0.000,0.000,0.000,10376412,6632346,0,0,
GPU,2,0.000,0.000,0.000,10376412,6632346,0,0,
GPU,2,0.000,0.000,0.000,10762966,6910957,0,0,
GPU,2,0.000,0.000,0.000,10762966,6910957,0,0,
GPU,2,0.000,0.000,0.000,10762966,6910957,0,0,
GPU,2,0.000,0.000,0.000,10762966,6910957,0,0,
GPU,2,0.000,0.000,0.000,10762966,6910957,0,0,
GPU,2,0.000,0.000,0.000,13403894,7192333,0,0,
GPU,2,0.000,0.000,0.000,13403894,7192333,0,0,
GPU,2,0.000,0.000,0.000,13403894,7192333,0,0,
GPU,2,0.000,0.000,0.000,16722035,9282955,0,0,
GPU,2,0.000,0.000,0.000,16722035,9282955,0,0,
GPU,2,0.000,0.000,0.000,16722035,9282955,0,0,
GPU,2,0.000,0.000,0.000,10716827,6809650,0,0,
GPU,2,0.000,0.000,0.000,10716827,6809650,0,0,
GPU,2,0.000,0.000,0.000,10716827,6809650,0,0,
GPU,2,0.000,0.000,0.000,10840796,6888423,0,0,
GPU,2,0.000,0.000,0.000,10840796,6888423,0,0,
GPU,2,0.000,0.000,0.000,10840796,6888423,0,0,
GPU,2,0.000,0.000,0.000,10840796,6888423,0,0,
GPU,2,0.000,0.000,0.000,10213377,6596139,0,0,
GPU,2,0.000,0.000,0.000,10213377,6596139,0,0,
GPU,2,0.000,0.000,0.000,10213377,6596139,0,0,
GPU,2,0.000,0.000,0.000,13338577,7890426,0,0,
GPU,2,0.000,0.000,0.000,13338577,7890426,0,0,
GPU,2,0.000,0.000,0.000,13338577,7890426,0,0,
GPU,2,0.000,0.000,0.000,10711446,6806231,0,0,
GPU,2,0.000,0.000,0.000,10711446,6806231,0,0,
GPU,2,0.000,0.000,0.000,10711446,6806231,0,0,
GPU,2,0.000,0.000,0.000,10711446,6806231,0,0,
GPU,2,0.000,0.000,0.000,10861187,7014516,0,0,
GPU,2,0.000,0.000,0.000,10861187,7014516,0,0,
GPU,2,0.000,0.000,0.000,10861187,7014516,0,0,
GPU,2,0.000,0.000,0.000,10861187,7014516,0,0,
GPU,2,0.000,0.000,0.000,10527522,6300562,0,0,
GPU,2,0.000,0.000,0.000,10527522,6300562,0,0,
GPU,2,0.000,0.000,0.000,10527522,6300562,0,0,
GPU,2,0.000,0.000,0.000,10785192,6893628,0,0,
GPU,2,0.000,0.000,0.000,10785192,6893628,0,0,
GPU,2,0.000,0.000,0.000,10785192,6893628,0,0,
GPU,2,0.000,0.000,0.000,10582157,6794859,0,0,
GPU,2,0.000,0.000,0.000,10582157,6794859,0,0,
GPU,2,0.000,0.000,0.000,10582157,6794859,0,0,
GPU,2,0.000,0.000,0.000,10851519,7008272,0,0,
GPU,2,0.000,0.000,0.000,10851519,7008272,0,0,
GPU,2,0.000,0.000,0.000,10851519,7008272,0,0,
GPU,2,0.000,0.000,0.000,10851519,7008272,0,0,
GPU,2,0.000,0.000,0.000,10851519,7008272,0,0,
GPU,2,0.000,0.000,0.000,6869134,4327554,0,0,
GPU,2,0.000,0.000,0.000,6869134,4327554,0,0,
GPU,2,0.000,0.000,0.000,6869134,4327554,0,0,
GPU,2,0.000,0.000,0.000,10648032,6876854,0,0,
GPU,2,0.000,0.000,0.000,10648032,6876854,0,0,
GPU,2,0.000,0.000,0.000,10648032,6876854,0,0,
GPU,2,0.000,0.000,0.000,10699657,6798740,0,0,
GPU,2,0.000,0.000,0.000,10699657,6798740,0,0,
GPU,2,0.000,0.000,0.000,10699657,6798740,0,0,
GPU,2,0.000,0.000,0.000,10718189,6995028,0,0,
GPU,2,0.000,0.000,0.000,10718189,6995028,0,0,
GPU,2,0.000,0.000,0.000,10718189,6995028,0,0,
GPU,2,0.000,0.000,0.000,10718189,6995028,0,0,
GPU,2,0.000,0.000,0.000,10718189,6995028,0,0,
GPU,2,0.000,0.000,0.000,10718189,6995028,0,0,
GPU,2,0.000,0.000,0.000,10718189,6995028,0,0,
GPU,2,0.000,0.000,0.000,13127084,7761269,0,0,
GPU,2,0.000,0.000,0.000,13127084,7761269,0,0,
GPU,2,0.000,0.000,0.000,13127084,7761269,0,0,
GPU,2,0.000,0.000,0.000,5830770,3765706,0,0,
GPU,2,0.000,0.000,0.000,5830770,3765706,0,0,
GPU,2,0.000,0.000,0.000,5830770,3765706,0,0,
GPU,2,0.000,0.000,0.000,10830935,6882157,0,0,
GPU,2,0.000,0.000,0.000,10830935,6882157,0,0,
GPU,2,0.000,0.000,0.000,10830935,6882157,0,0,
GPU,2,0.000,0.000,0.000,10830935,6882157,0,0,
GPU,2,0.000,0.000,0.000,9078658,5768730,0,0,
GPU,2,0.000,0.000,0.000,9078658,5768730,0,0,
GPU,2,0.000,0.000,0.000,9078658,5768730,0,0,
GPU,2,0.000,0.000,0.000,9078658,5768730,0,0,
GPU,2,0.000,0.000,0.000,14464315,8338252,0,0,
GPU,2,0.000,0.000,0.000,14464315,8338252,0,0,
GPU,2,0.000,0.000,0.000,14464315,8338252,0,0,
GPU,2,0.000,0.000,0.000,10704205,6913132,0,0,
GPU,2,0.000,0.000,0.000,10704205,6913132,0,0,
GPU,2,0.000,0.000,0.000,10704205,6913132,0,0,
GPU,2,0.000,0.000,0.000,10847687,6892801,0,0,
GPU,2,0.000,0.000,0.000,10847687,6892801,0,0,
GPU,2,0.000,0.000,0.000,10847687,6892801,0,0,
GPU,2,0.000,0.000,0.000,10847687,6892801,0,0,
GPU,2,0.000,0.000,0.000,9377853,6021569,0,0,
GPU,2,0.000,0.000,0.000,9377853,6021569,0,0,
GPU,2,0.000,0.000,0.000,9377853,6021569,0,0,
GPU,2,0.000,0.000,0.000,13105943,7825851,0,0,
GPU,2,0.000,0.000,0.000,13105943,7825851,0,0,
GPU,2,0.000,0.000,0.000,13105943,7825851,0,0,
GPU,2,0.000,0.000,0.000,10447166,6708180,0,0,
GPU,2,0.000,0.000,0.000,10447166,6708180,0,0,
GPU,2,0.000,0.000,0.000,10447166,6708180,0,0,
GPU,2,0.000,0.000,0.000,10972230,6900062,0,0,
GPU,2,0.000,0.000,0.000,10972230,6900062,0,0,
GPU,2,0.000,0.000,0.000,10972230,6900062,0,0,
GPU,2,0.000,0.000,0.000,10972230,6900062,0,0,
GPU,2,0.000,0.000,0.000,8967248,5791348,0,0,
GPU,2,0.000,0.000,0.000,8967248,5791348,0,0,
GPU,2,0.000,0.000,0.000,8967248,5791348,0,0,
GPU,2,0.000,0.000,0.000,8967248,5791348,0,0,
GPU,2,0.000,0.000,0.000,12691316,7595560,0,0,
GPU,2,0.000,0.000,0.000,12691316,7595560,0,0,
GPU,2,0.000,0.000,0.000,12691316,7595560,0,0,
GPU,2,0.000,0.000,0.000,9760933,6202259,0,0,
GPU,2,0.000,0.000,0.000,9760933,6202259,0,0,
GPU,2,0.000,0.000,0.000,9760933,6202259,0,0,
GPU,2,0.000,0.000,0.000,10857655,7012236,0,0,
GPU,2,0.000,0.000,0.000,10857655,7012236,0,0,
GPU,2,0.000,0.000,0.000,10857655,7012236,0,0,
GPU,2,0.000,0.000,0.000,10857655,7012236,0,0,
GPU,2,0.000,0.000,0.000,8951048,5687645,0,0,
GPU,2,0.000,0.000,0.000,8951048,5687645,0,0,
GPU,2,0.000,0.000,0.000,8951048,5687645,0,0,
GPU,2,0.000,0.000,0.000,13653530,8026061,0,0,
GPU,2,0.000,0.000,0.000,13653530,8026061,0,0,
GPU,2,0.000,0.000,0.000,13653530,8026061,0,0,
GPU,2,0.000,0.000,0.000,10703310,6912554,0,0,
GPU,2,0.000,0.000,0.000,10703310,6912554,0,0,
GPU,2,0.000,0.000,0.000,10703310,6912554,0,0,
GPU,2,0.000,0.000,0.000,10738255,6895090,0,0,
GPU,2,0.000,0.000,0.000,10738255,6895090,0,0,
GPU,2,0.000,0.000,0.000,10738255,6895090,0,0,
GPU,2,0.000,0.000,0.000,10738255,6895090,0,0,
GPU,2,0.000,0.000,0.000,10338908,6569515,0,0,
GPU,2,0.000,0.000,0.000,10338908,6569515,0,0,
GPU,2,0.000,0.000,0.000,10338908,6569515,0,0,
GPU,2,0.000,0.000,0.000,10924363,6951867,0,0,
GPU,2,0.000,0.000,0.000,10924363,6951867,0,0,
GPU,2,0.000,0.000,0.000,10924363,6951867,0,0,
GPU,2,0.000,0.000,0.000,9433904,6029918,0,0,
GPU,2,0.000,0.000,0.000,9433904,6029918,0,0,
GPU,2,0.000,0.000,0.000,9433904,6029918,0,0,
GPU,2,0.000,0.000,0.000,10852055,6895577,0,0,
GPU,2,0.000,0.000,0.000,10852055,6895577,0,0,
GPU,2,0.000,0.000,0.000,10852055,6895577,0,0,
GPU,2,0.000,0.000,0.000,10852055,6895577,0,0,
GPU,2,0.000,0.000,0.000,9191009,5998343,0,0,
GPU,2,0.000,0.000,0.000,9191009,5998343,0,0,
GPU,2,0.000,0.000,0.000,9191009,5998343,0,0,
GPU,2,0.000,0.000,0.000,9191009,5998343,0,0,
GPU,2,0.000,0.000,0.000,11098138,7032484,0,0,
GPU,2,0.000,0.000,0.000,11098138,7032484,0,0,
GPU,2,0.000,0.000,0.000,11098138,7032484,0,0,
GPU,2,0.000,0.000,0.000,8988027,5711142,0,0,
GPU,2,0.000,0.000,0.000,8988027,5711142,0,0,
GPU,2,0.000,0.000,0.000,8988027,5711142,0,0,
GPU,2,0.000,0.000,0.000,10821397,6988819,0,0,
GPU,2,0.000,0.000,0.000,10821397,6988819,0,0,
GPU,2,0.000,0.000,0.000,10821397,6988819,0,0,
GPU,2,0.000,0.000,0.000,10821397,6988819,0,0,
GPU,2,0.000,0.000,0.000,9058045,5755633,0,0,
GPU,2,0.000,0.000,0.000,9058045,5755633,0,0,
GPU,2,0.000,0.000,0.000,9058045,5755633,0,0,
GPU,2,0.000,0.000,0.000,10850727,6905008,0,0,
GPU,2,0.000,0.000,0.000,10850727,6905008,0,0,
GPU,2,0.000,0.000,0.000,10850727,6905008,0,0,
GPU,2,0.000,0.000,0.000,8933037,5769253,0,0,
GPU,2,0.000,0.000,0.000,8933037,5769253,0,0,
GPU,2,0.000,0.000,0.000,8933037,5769253,0,0,
GPU,2,0.000,0.000,0.000,10853512,6896502,0,0,
GPU,2,0.000,0.000,0.000,10853512,6896502,0,0,
GPU,2,0.000,0.000,0.000,10853512,6896502,0,0,
GPU,2,0.000,0.000,0.000,10853512,6896502,0,0,
GPU,2,0.000,0.000,0.000,8995954,5749991,0,0,
GPU,2,0.000,0.000,0.000,8995954,5749991,0,0,
GPU,2,0.000,0.000,0.000,8995954,5749991,0,0,
GPU,2,0.000,0.000,0.000,8995954,5749991,0,0,
GPU,2,0.000,0.000,0.000,10902783,6938134,0,0,
GPU,2,0.000,0.000,0.000,10902783,6938134,0,0,
GPU,2,0.000,0.000,0.000,10902783,6938134,0,0,
GPU,2,0.000,0.000,0.000,8429605,5387995,0,0,
GPU,2,0.000,0.000,0.000,8429605,5387995,0,0,
GPU,2,0.000,0.000,0.000,8429605,5387995,0,0,
GPU,2,0.000,0.000,0.000,10823914,6877695,0,0,
GPU,2,0.000,0.000,0.000,10823914,6877695,0,0,
GPU,2,0.000,0.000,0.000,10823914,6877695,0,0,
GPU,2,0.000,0.000,0.000,10823914,6877695,0,0,
GPU,2,0.000,0.000,0.000,10823914,6877695,0,0,
GPU,2,0.000,0.000,0.000,11168462,6609906,0,0,
GPU,2,0.000,0.000,0.000,11168462,6609906,0,0,
GPU,2,0.000,0.000,0.000,11168462,6609906,0,0,
GPU,2,0.000,0.000,0.000,10787291,6894969,0,0,
GPU,2,0.000,0.000,0.000,10787291,6894969,0,0,
GPU,2,0.000,0.000,0.000,10787291,6894969,0,0,
GPU,2,0.000,0.000,0.000,10666444,6777636,0,0,
GPU,2,0.000,0.000,0.000,10666444,6777636,0,0,
GPU,2,0.000,0.000,0.000,10666444,6777636,0,0,
GPU,2,0.000,0.000,0.000,10867719,6905530,0,0,
GPU,2,0.000,0.000,0.000,10867719,6905530,0,0,
GPU,2,0.000,0.000,0.000,10867719,6905530,0,0,
GPU,2,0.000,0.000,0.000,10867719,6905530,0,0,
GPU,2,0.000,0.000,0.000,10346151,6681889,0,0,
GPU,2,0.000,0.000,0.000,10346151,6681889,0,0,
GPU,2,0.000,0.000,0.000,10346151,6681889,0,0,
GPU,2,0.000,0.000,0.000,13809629,8085901,0,0,
GPU,2,0.000,0.000,0.000,13809629,8085901,0,0,
GPU,2,0.000,0.000,0.000,13809629,8085901,0,0,
GPU,2,0.000,0.000,0.000,10668741,6779095,0,0,
GPU,2,0.000,0.000,0.000,10668741,6779095,0,0,
GPU,2,0.000,0.000,0.000,10668741,6779095,0,0,
GPU,2,0.000,0.000,0.000,10608582,6884293,0,0,
GPU,2,0.000,0.000,0.000,10608582,6884293,0,0,
GPU,2,0.000,0.000,0.000,10608582,6884293,0,0,
GPU,2,0.000,0.000,0.000,10608582,6884293,0,0,
GPU,2,0.000,0.000,0.000,9543336,6063995,0,0,
GPU,2,0.000,0.000,0.000,9543336,6063995,0,0,
GPU,2,0.000,0.000,0.000,9543336,6063995,0,0,
GPU,2,0.000,0.000,0.000,9543336,6063995,0,0,
GPU,2,0.000,0.000,0.000,10992483,7035189,0,0,
GPU,2,0.000,0.000,0.000,10992483,7035189,0,0,
GPU,2,0.000,0.000,0.000,10992483,7035189,0,0,
GPU,2,0.000,0.000,0.000,9100130,5722762,0,0,
GPU,2,0.000,0.000,0.000,9100130,5722762,0,0,
GPU,2,0.000,0.000,0.000,9100130,5722762,0,0,
GPU,2,0.000,0.000,0.000,10577991,6864441,0,0,
GPU,2,0.000,0.000,0.000,10577991,6864441,0,0,
GPU,2,0.000,0.000,0.000,10577991,6864441,0,0,
GPU,2,0.000,0.000,0.000,8863542,5691327,0,0,
GPU,2,0.000,0.000,0.000,8863542,5691327,0,0,
GPU,2,0.000,0.000,0.000,8863542,5691327,0,0,
GPU,2,0.000,0.000,0.000,8863542,5691327,0,0,
GPU,2,0.000,0.000,0.000,10979735,6917233,0,0,
GPU,2,0.000,0.000,0.000,10979735,6917233,0,0,
GPU,2,0.000,0.000,0.000,10979735,6917233,0,0,
GPU,2,0.000,0.000,0.000,8925901,5705215,0,0,
GPU,2,0.000,0.000,0.000,8925901,5705215,0,0,
GPU,2,0.000,0.000,0.000,8925901,5705215,0,0,
GPU,2,0.000,0.000,0.000,10739924,6896161,0,0,
GPU,2,0.000,0.000,0.000,10739924,6896161,0,0,
GPU,2,0.000,0.000,0.000,10739924,6896161,0,0,
GPU,2,0.000,0.000,0.000,10739924,6896161,0,0,
GPU,2,0.000,0.000,0.000,9177326,5831426,0,0,
GPU,2,0.000,0.000,0.000,9177326,5831426,0,0,
GPU,2,0.000,0.000,0.000,9177326,5831426,0,0,
GPU,2,0.000,0.000,0.000,9177326,5831426,0,0,
GPU,2,0.000,0.000,0.000,10888393,7038961,0,0,
GPU,2,0.000,0.000,0.000,10888393,7038961,0,0,
GPU,2,0.000,0.000,0.000,10888393,7038961,0,0,
GPU,2,0.000,0.000,0.000,8483794,5335170,0,0,
GPU,2,0.000,0.000,0.000,8483794,5335170,0,0,
GPU,2,0.000,0.000,0.000,8483794,5335170,0,0,
GPU,2,0.000,0.000,0.000,10847534,7005699,0,0,
GPU,2,0.000,0.000,0.000,10847534,7005699,0,0,
GPU,2,0.000,0.000,0.000,10847534,7005699,0,0,
GPU,2,0.000,0.000,0.000,10847534,7005699,0,0,
GPU,2,0.000,0.000,0.000,9231213,5865666,0,0,
GPU,2,0.000,0.000,0.000,9231213,5865666,0,0,
GPU,2,0.000,0.000,0.000,9231213,5865666,0,0,
GPU,2,0.000,0.000,0.000,13656871,8082638,0,0,
GPU,2,0.000,0.000,0.000,13656871,8082638,0,0,
GPU,2,0.000,0.000,0.000,13656871,8082638,0,0,
GPU,2,0.000,0.000,0.000,13656871,8082638,0,0,
GPU,2,0.000,0.000,0.000,10641761,6761952,0,0,
GPU,2,0.000,0.000,0.000,10641761,6761952,0,0,
GPU,2,0.000,0.000,0.000,10641761,6761952,0,0,
GPU,2,0.000,0.000,0.000,10865413,7017246,0,0,
GPU,2,0.000,0.000,0.000,10865413,7017246,0,0,
GPU,2,0.000,0.000,0.000,10865413,7017246,0,0,
GPU,2,0.000,0.000,0.000,10139619,6510703,0,0,
GPU,2,0.000,0.000,0.000,10139619,6510703,0,0,
GPU,2,0.000,0.000,0.000,10139619,6510703,0,0,
GPU,2,0.000,0.000,0.000,10795106,6829557,0,0,
GPU,2,0.000,0.000,0.000,10795106,6829557,0,0,
GPU,2,0.000,0.000,0.000,10795106,6829557,0,0,
GPU,2,0.000,0.000,0.000,9449283,6102662,0,0,
GPU,2,0.000,0.000,0.000,9449283,6102662,0,0,
GPU,2,0.000,0.000,0.000,9449283,6102662,0,0,
GPU,2,0.000,0.000,0.000,9449283,6102662,0,0,
GPU,2,0.000,0.000,0.000,10854740,6897282,0,0,
GPU,2,0.000,0.000,0.000,10854740,6897282,0,0,
GPU,2,0.000,0.000,0.000,10854740,6897282,0,0,
GPU,2,0.000,0.000,0.000,9285221,5962089,0,0,
GPU,2,0.000,0.000,0.000,9285221,5962089,0,0,
GPU,2,0.000,0.000,0.000,9285221,5962089,0,0,
GPU,2,0.000,0.000,0.000,10645594,6804400,0,0,
GPU,2,0.000,0.000,0.000,10645594,6804400,0,0,
GPU,2,0.000,0.000,0.000,10645594,6804400,0,0,
GPU,2,0.000,0.000,0.000,10823456,6990148,0,0,
GPU,2,0.000,0.000,0.000,10823456,6990148,0,0,
GPU,2,0.000,0.000,0.000,10823456,6990148,0,0,
GPU,2,0.000,0.000,0.000,10708086,6804096,0,0,
GPU,2,0.000,0.000,0.000,10708086,6804096,0,0,
GPU,2,0.000,0.000,0.000,10708086,6804096,0,0,
GPU,2,0.000,0.000,0.000,10867873,7018834,0,0,
GPU,2,0.000,0.000,0.000,10867873,7018834,0,0,
GPU,2,0.000,0.000,0.000,10867873,7018834,0,0,
GPU,2,0.000,0.000,0.000,10867873,7018834,0,0,
GPU,2,0.000,0.000,0.000,9393346,5977584,0,0,
GPU,2,0.000,0.000,0.000,9393346,5977584,0,0,
GPU,2,0.000,0.000,0.000,9393346,5977584,0,0,
GPU,2,0.000,0.000,0.000,10452961,6743846,0,0,
GPU,2,0.000,0.000,0.000,10452961,6743846,0,0,
GPU,2,0.000,0.000,0.000,10452961,6743846,0,0,
GPU,2,0.000,0.000,0.000,10709280,6804855,0,0,
GPU,2,0.000,0.000,0.000,10709280,6804855,0,0,
GPU,2,0.000,0.000,0.000,10709280,6804855,0,0,
GPU,2,0.000,0.000,0.000,10864721,7016799,0,0,
GPU,2,0.000,0.000,0.000,10864721,7016799,0,0,
GPU,2,0.000,0.000,0.000,10864721,7016799,0,0,
GPU,2,0.000,0.000,0.000,10864721,7016799,0,0,
GPU,2,0.000,0.000,0.000,12276061,7385598,0,0,
GPU,2,0.000,0.000,0.000,12276061,7385598,0,0,
GPU,2,0.000,0.000,0.000,12276061,7385598,0,0,
GPU,2,0.000,0.000,0.000,10764471,6880383,0,0,
GPU,2,0.000,0.000,0.000,10764471,6880383,0,0,
GPU,2,0.000,0.000,0.000,10764471,6880383,0,0,
GPU,2,0.000,0.000,0.000,10678531,6896551,0,0,
GPU,2,0.000,0.000,0.000,10678531,6896551,0,0,
GPU,2,0.000,0.000,0.000,10678531,6896551,0,0,
GPU,2,0.000,0.000,0.000,10678531,6896551,0,0,
GPU,2,0.000,0.000,0.000,10678531,6896551,0,0,
GPU,2,0.000,0.000,0.000,10678531,6896551,0,0,
GPU,2,0.000,0.000,0.000,5502043,3532890,0,0,
GPU,2,0.000,0.000,0.000,5502043,3532890,0,0,
GPU,2,0.000,0.000,0.000,5502043,3532890,0,0,
GPU,2,0.000,0.000,0.000,5502043,3532890,0,0,
GPU,2,0.000,0.000,0.000,10417938,6619731,0,0,
GPU,2,0.000,0.000,0.000,10417938,6619731,0,0,
GPU,2,0.000,0.000,0.000,10417938,6619731,0,0,
GPU,2,0.000,0.000,0.000,9198981,5941009,0,0,
GPU,2,0.000,0.000,0.000,9198981,5941009,0,0,
GPU,2,0.000,0.000,0.000,9198981,5941009,0,0,
GPU,2,0.000,0.000,0.000,10831852,6882739,0,0,
GPU,2,0.000,0.000,0.000,10831852,6882739,0,0,
GPU,2,0.000,0.000,0.000,10831852,6882739,0,0,
GPU,2,0.000,0.000,0.000,10858807,7012979,0,0,
GPU,2,0.000,0.000,0.000,10858807,7012979,0,0,
GPU,2,0.000,0.000,0.000,10858807,7012979,0,0,
GPU,2,0.000,0.000,0.000,10858807,7012979,0,0,
GPU,2,0.000,0.000,0.000,8717378,5547422,0,0,
GPU,2,0.000,0.000,0.000,8717378,5547422,0,0,
GPU,2,0.000,0.000,0.000,8717378,5547422,0,0,
GPU,2,0.000,0.000,0.000,9355357,5944550,0,0,
GPU,2,0.000,0.000,0.000,9355357,5944550,0,0,
GPU,2,0.000,0.000,0.000,9355357,5944550,0,0,
GPU,2,0.000,0.000,0.000,10845849,7004610,0,0,
GPU,2,0.000,0.000,0.000,10845849,7004610,0,0,
GPU,2,0.000,0.000,0.000,10845849,7004610,0,0,
GPU,2,0.000,0.000,0.000,10852516,6895869,0,0,
GPU,2,0.000,0.000,0.000,10852516,6895869,0,0,
GPU,2,0.000,0.000,0.000,10852516,6895869,0,0,
GPU,2,0.000,0.000,0.000,10852516,6895869,0,0,
GPU,2,0.000,0.000,0.000,10942282,6933723,0,0,
GPU,2,0.000,0.000,0.000,10942282,6933723,0,0,
GPU,2,0.000,0.000,0.000,10942282,6933723,0,0,
GPU,2,0.000,0.000,0.000,10826202,6991922,0,0,
GPU,2,0.000,0.000,0.000,10826202,6991922,0,0,
GPU,2,0.000,0.000,0.000,10826202,6991922,0,0,
GPU,2,0.000,0.000,0.000,10830728,6811076,0,0,
GPU,2,0.000,0.000,0.000,10830728,6811076,0,0,
GPU,2,0.000,0.000,0.000,10830728,6811076,0,0,
GPU,2,0.000,0.000,0.000,10725525,6886916,0,0,
GPU,2,0.000,0.000,0.000,10725525,6886916,0,0,
GPU,2,0.000,0.000,0.000,10725525,6886916,0,0,
GPU,2,0.000,0.000,0.000,9490479,6073907,0,0,
GPU,2,0.000,0.000,0.000,9490479,6073907,0,0,
GPU,2,0.000,0.000,0.000,9490479,6073907,0,0,
GPU,2,0.000,0.000,0.000,10426447,6726740,0,0,
GPU,2,0.000,0.000,0.000,10426447,6726740,0,0,
GPU,2,0.000,0.000,0.000,10426447,6726740,0,0,
GPU,2,0.000,0.000,0.000,10567884,6785694,0,0,
GPU,2,0.000,0.000,0.000,10567884,6785694,0,0,
GPU,2,0.000,0.000,0.000,10567884,6785694,0,0,
GPU,2,0.000,0.000,0.000,10863261,6902697,0,0,
GPU,2,0.000,0.000,0.000,10863261,6902697,0,0,
GPU,2,0.000,0.000,0.000,10863261,6902697,0,0,
GPU,2,0.000,0.000,0.000,10863261,6902697,0,0,
GPU,2,0.000,0.000,0.000,10641413,6736307,0,0,
GPU,2,0.000,0.000,0.000,10641413,6736307,0,0,
GPU,2,0.000,0.000,0.000,10641413,6736307,0,0,
GPU,2,0.000,0.000,0.000,10786167,6783053,0,0,
GPU,2,0.000,0.000,0.000,10786167,6783053,0,0,
GPU,2,0.000,0.000,0.000,10786167,6783053,0,0,
GPU,2,0.000,0.000,0.000,10697496,6908799,0,0,
GPU,2,0.000,0.000,0.000,10697496,6908799,0,0,
GPU,2,0.000,0.000,0.000,10697496,6908799,0,0,
GPU,2,0.000,0.000,0.000,10841868,6889103,0,0,
GPU,2,0.000,0.000,0.000,10841868,6889103,0,0,
GPU,2,0.000,0.000,0.000,10841868,6889103,0,0,
GPU,2,0.000,0.000,0.000,10841868,6889103,0,0,
GPU,2,0.000,0.000,0.000,10841868,6889103,0,0,
GPU,2,0.000,0.000,0.000,9588944,5882293,0,0,
GPU,2,0.000,0.000,0.000,9588944,5882293,0,0,
GPU,2,0.000,0.000,0.000,9588944,5882293,0,0,
GPU,2,0.000,0.000,0.000,10777403,6888649,0,0,
GPU,2,0.000,0.000,0.000,10777403,6888649,0,0,
GPU,2,0.000,0.000,0.000,10777403,6888649,0,0,
GPU,2,0.000,0.000,0.000,10701446,6799877,0,0,
GPU,2,0.000,0.000,0.000,10701446,6799877,0,0,
GPU,2,0.000,0.000,0.000,10701446,6799877,0,0,
GPU,2,0.000,0.000,0.000,10851672,7008371,0,0,
GPU,2,0.000,0.000,0.000,10851672,7008371,0,0,
GPU,2,0.000,0.000,0.000,10851672,7008371,0,0,
GPU,2,0.000,0.000,0.000,10851672,7008371,0,0,
GPU,2,0.000,0.000,0.000,12319147,7173174,0,0,
GPU,2,0.000,0.000,0.000,12319147,7173174,0,0,
GPU,2,0.000,0.000,0.000,12319147,7173174,0,0,
GPU,2,0.000,0.000,0.000,10649435,6877760,0,0,
GPU,2,0.000,0.000,0.000,10649435,6877760,0,0,
GPU,2,0.000,0.000,0.000,10649435,6877760,0,0,
GPU,2,0.000,0.000,0.000,10692506,6794197,0,0,
GPU,2,0.000,0.000,0.000,10692506,6794197,0,0,
GPU,2,0.000,0.000,0.000,10692506,6794197,0,0,
GPU,2,0.000,0.000,0.000,10963394,6894505,0,0,
GPU,2,0.000,0.000,0.000,10963394,6894505,0,0,
GPU,2,0.000,0.000,0.000,10963394,6894505,0,0,
GPU,2,0.000,0.000,0.000,10963394,6894505,0,0,
GPU,2,0.000,0.000,0.000,10963394,6894505,0,0,
GPU,2,0.000,0.000,0.000,10963394,6894505,0,0,
GPU,2,0.000,0.000,0.000,15743109,8705013,0,0,
GPU,2,0.000,0.000,0.000,15743109,8705013,0,0,
GPU,2,0.000,0.000,0.000,15743109,8705013,0,0,
GPU,2,0.000,0.000,0.000,10737214,6862962,0,0,
GPU,2,0.000,0.000,0.000,10737214,6862962,0,0,
GPU,2,0.000,0.000,0.000,10737214,6862962,0,0,
GPU,2,0.000,0.000,0.000,10603492,6808558,0,0,
GPU,2,0.000,0.000,0.000,10603492,6808558,0,0,
GPU,2,0.000,0.000,0.000,10603492,6808558,0,0,
GPU,2,0.000,0.000,0.000,10869872,7020126,0,0,
GPU,2,0.000,0.000,0.000,10869872,7020126,0,0,
GPU,2,0.000,0.000,0.000,10869872,7020126,0,0,
GPU,2,0.000,0.000,0.000,10869872,7020126,0,0,
GPU,2,0.000,0.000,0.000,9476371,5970113,0,0,
GPU,2,0.000,0.000,0.000,9476371,5970113,0,0,
GPU,2,0.000,0.000,0.000,9476371,5970113,0,0,
GPU,2,0.000,0.000,0.000,10585436,6869272,0,0,
GPU,2,0.000,0.000,0.000,10585436,6869272,0,0,
GPU,2,0.000,0.000,0.000,10585436,6869272,0,0,
GPU,2,0.000,0.000,0.000,10718397,6810648,0,0,
GPU,2,0.000,0.000,0.000,10718397,6810648,0,0,
GPU,2,0.000,0.000,0.000,10718397,6810648,0,0,
GPU,2,0.000,0.000,0.000,10845542,6891438,0,0,
GPU,2,0.000,0.000,0.000,10845542,6891438,0,0,
GPU,2,0.000,0.000,0.000,10845542,6891438,0,0,
GPU,2,0.000,0.000,0.000,10506214,6753995,0,0,
GPU,2,0.000,0.000,0.000,10506214,6753995,0,0,
GPU,2,0.000,0.000,0.000,10506214,6753995,0,0,
GPU,2,0.000,0.000,0.000,10506214,6753995,0,0,
GPU,2,0.000,0.000,0.000,10321649,6659128,0,0,
GPU,2,0.000,0.000,0.000,10321649,6659128,0,0,
GPU,2,0.000,0.000,0.000,10321649,6659128,0,0,
GPU,2,0.000,0.000,0.000,9585913,6256070,0,0,
GPU,2,0.000,0.000,0.000,9585913,6256070,0,0,
GPU,2,0.000,0.000,0.000,9585913,6256070,0,0,
GPU,2,0.000,0.000,0.000,10860496,6900940,0,0,
GPU,2,0.000,0.000,0.000,10860496,6900940,0,0,
GPU,2,0.000,0.000,0.000,10860496,6900940,0,0,
GPU,2,0.000,0.000,0.000,10860496,6900940,0,0,
GPU,2,0.000,0.000,0.000,8443946,5373420,0,0,
GPU,2,0.000,0.000,0.000,8443946,5373420,0,0,
GPU,2,0.000,0.000,0.000,8443946,5373420,0,0,
GPU,2,0.000,0.000,0.000,10336132,6668472,0,0,
GPU,2,0.000,0.000,0.000,10336132,6668472,0,0,
GPU,2,0.000,0.000,0.000,10336132,6668472,0,0,
GPU,2,0.000,0.000,0.000,10695931,6796373,0,0,
GPU,2,0.000,0.000,0.000,10695931,6796373,0,0,
GPU,2,0.000,0.000,0.000,10695931,6796373,0,0,
GPU,2,0.000,0.000,0.000,10858883,7013029,0,0,
GPU,2,0.000,0.000,0.000,10858883,7013029,0,0,
GPU,2,0.000,0.000,0.000,10858883,7013029,0,0,
GPU,2,0.000,0.000,0.000,10858883,7013029,0,0,
GPU,2,0.000,0.000,0.000,10858883,7013029,0,0,
GPU,2,0.000,0.000,0.000,11882388,7032434,0,0,
GPU,2,0.000,0.000,0.000,11882388,7032434,0,0,
GPU,2,0.000,0.000,0.000,11882388,7032434,0,0,
GPU,2,0.000,0.000,0.000,10293802,6641162,0,0,
GPU,2,0.000,0.000,0.000,10293802,6641162,0,0,
GPU,2,0.000,0.000,0.000,10293802,6641162,0,0,
GPU,2,0.000,0.000,0.000,10688860,6791880,0,0,
GPU,2,0.000,0.000,0.000,10688860,6791880,0,0,
GPU,2,0.000,0.000,0.000,10872796,6908756,0,0,
GPU,2,0.000,0.000,0.000,10872796,6908756,0,0,
GPU,2,0.000,0.000,0.000,10872796,6908756,0,0,
GPU,2,0.000,0.000,0.000,10872796,6908756,0,0,
GPU,2,0.000,0.000,0.000,10872796,6908756,0,0,
GPU,2,0.000,0.000,0.000,10872796,6908756,0,0,
GPU,2,0.000,0.000,0.000,10872796,6908756,0,0,
GPU,2,0.000,0.000,0.000,10872796,6908756,0,0,
GPU,2,0.000,0.000,0.000,10872796,6908756,0,0,
GPU,2,0.000,0.000,0.000,10872796,6908756,0,0,
GPU,2,0.000,0.000,0.000,10872796,6908756,0,0,
GPU,2,0.000,0.000,0.000,10872796,6908756,0,0,
GPU,2,0.000,0.000,0.000,2974254,2111720,0,0,
GPU,2,0.000,0.000,0.000,2974254,2111720,0,0,
GPU,2,0.000,0.000,0.000,18242063,11591311,0,0,
GPU,2,0.000,0.000,0.000,18242063,11591311,0,0,
GPU,2,0.000,0.000,0.000,13428451,8672541,0,0,
GPU,2,0.000,0.000,0.000,13428451,8672541,0,0,
GPU,2,0.000,0.000,0.000,13428451,8672541,0,0,
GPU,2,0.000,0.000,0.000,13771140,8675818,0,0,
GPU,2,0.000,0.000,0.000,13771140,8675818,0,0,
GPU,2,0.000,0.000,0.000,13142358,8487773,0,0,
GPU,2,0.000,0.000,0.000,13142358,8487773,0,0,
GPU,2,0.000,0.000,0.000,13142358,8487773,0,0,
GPU,2,0.000,0.000,0.000,13188171,8379984,0,0,
GPU,2,0.000,0.000,0.000,13188171,8379984,0,0,
GPU,2,0.000,0.000,0.000,13284739,8530200,0,0,
GPU,2,0.000,0.000,0.000,13284739,8530200,0,0,
GPU,2,0.000,0.000,0.000,13284739,8530200,0,0,
GPU,2,0.000,0.000,0.000,13424109,8669737,0,0,
GPU,2,0.000,0.000,0.000,13888652,8714448,0,0,
GPU,2,0.000,0.000,0.000,13888652,8714448,0,0,
GPU,2,0.000,0.000,0.000,13888652,8714448,0,0,
GPU,2,0.000,0.000,0.000,13888652,8714448,0,0,
GPU,2,0.000,0.000,0.000,13888652,8714448,0,0,
GPU,2,0.000,0.000,0.000,13888652,8714448,0,0,
GPU,2,0.000,0.000,0.000,13888652,8714448,0,0,
GPU,2,0.000,0.000,0.000,13888652,8714448,0,0,
