#Entity,SMACT,SMOCC,DRAMA,PCITX,PCIRX,NVLTX,NVLRX,
GPU,2,0.000,0.000,0.000,14278760,6923035,0,0,
GPU,2,0.000,0.000,0.000,14278760,6923035,0,0,
GPU,2,0.000,0.000,0.000,14278760,6923035,0,0,
GPU,2,0.000,0.000,0.000,14278760,6923035,0,0,
GPU,2,0.000,0.000,0.000,14278760,6923035,0,0,
GPU,2,0.000,0.000,0.000,14278760,6923035,0,0,
GPU,2,0.000,0.000,0.000,14278760,6923035,0,0,
GPU,2,0.000,0.000,0.000,14278760,6923035,0,0,
GPU,2,0.000,0.000,0.000,14278760,6923035,0,0,
GPU,2,0.000,0.000,0.000,14278760,6923035,0,0,
GPU,2,0.000,0.000,0.000,14278760,6923035,0,0,
GPU,2,0.000,0.000,0.000,14278760,6923035,0,0,
GPU,2,0.000,0.000,0.000,14278760,6923035,0,0,
GPU,2,0.000,0.000,0.000,14278760,6923035,0,0,
GPU,2,0.000,0.000,0.000,14278760,6923035,0,0,
GPU,2,0.000,0.000,0.000,14278760,6923035,0,0,
GPU,2,0.000,0.000,0.000,14278760,6923035,0,0,
GPU,2,0.000,0.000,0.000,14278760,6923035,0,0,
GPU,2,0.000,0.000,0.000,14278760,6923035,0,0,
GPU,2,0.000,0.000,0.000,14278760,6923035,0,0,
GPU,2,0.000,0.000,0.000,14278760,6923035,0,0,
GPU,2,0.000,0.000,0.000,14278760,6923035,0,0,
GPU,2,0.000,0.000,0.000,14278760,6923035,0,0,
GPU,2,0.000,0.000,0.000,14278760,6923035,0,0,
GPU,2,0.000,0.000,0.000,14278760,6923035,0,0,
GPU,2,0.000,0.000,0.000,14278760,6923035,0,0,
GPU,2,0.000,0.000,0.000,14278760,6923035,0,0,
GPU,2,0.000,0.000,0.000,14278760,6923035,0,0,
GPU,2,0.000,0.000,0.000,14278760,6923035,0,0,
GPU,2,0.000,0.000,0.000,14278760,6923035,0,0,
GPU,2,0.000,0.000,0.000,14278760,6923035,0,0,
GPU,2,0.000,0.000,0.000,14278760,6923035,0,0,
GPU,2,0.000,0.000,0.000,14278760,6923035,0,0,
GPU,2,0.000,0.000,0.000,14278760,6923035,0,0,
GPU,2,0.000,0.000,0.000,14278760,6923035,0,0,
GPU,2,0.000,0.000,0.000,14278760,6923035,0,0,
GPU,2,0.000,0.000,0.000,14278760,6923035,0,0,
GPU,2,0.000,0.000,0.000,14278760,6923035,0,0,
GPU,2,0.000,0.000,0.000,1878349,1418345,0,0,
GPU,2,0.000,0.000,0.000,16558405,10569195,0,0,
GPU,2,0.000,0.000,0.000,16558405,10569195,0,0,
GPU,2,0.000,0.000,0.000,16558405,10569195,0,0,
GPU,2,0.000,0.000,0.000,19174880,11824509,0,0,
GPU,2,0.000,0.000,0.000,19174880,11824509,0,0,
GPU,2,0.000,0.000,0.000,19174880,11824509,0,0,
GPU,2,0.000,0.000,0.000,19174880,11824509,0,0,
GPU,2,0.000,0.000,0.000,19174880,11824509,0,0,
GPU,2,0.000,0.000,0.000,19174880,11824509,0,0,
GPU,2,0.000,0.000,0.000,19174880,11824509,0,0,
GPU,2,0.000,0.000,0.000,19174880,11824509,0,0,
GPU,2,0.000,0.000,0.000,19174880,11824509,0,0,
GPU,2,0.000,0.000,0.000,19174880,11824509,0,0,
GPU,2,0.000,0.000,0.000,19174880,11824509,0,0,
GPU,2,0.000,0.000,0.000,19174880,11824509,0,0,
GPU,2,0.000,0.000,0.000,19174880,11824509,0,0,
GPU,2,0.000,0.000,0.000,19174880,11824509,0,0,
GPU,2,0.000,0.000,0.000,19174880,11824509,0,0,
GPU,2,0.000,0.000,0.000,19174880,11824509,0,0,
GPU,2,0.000,0.000,0.000,19174880,11824509,0,0,
GPU,2,0.000,0.000,0.000,19174880,11824509,0,0,
GPU,2,0.000,0.000,0.000,19174880,11824509,0,0,
GPU,2,0.000,0.000,0.000,19174880,11824509,0,0,
GPU,2,0.000,0.000,0.000,19174880,11824509,0,0,
GPU,2,0.000,0.000,0.000,19174880,11824509,0,0,
GPU,2,0.000,0.000,0.000,19174880,11824509,0,0,
GPU,2,0.000,0.000,0.000,19174880,11824509,0,0,
GPU,2,0.000,0.000,0.000,19174880,11824509,0,0,
GPU,2,0.000,0.000,0.000,19174880,11824509,0,0,
GPU,2,0.000,0.000,0.000,19174880,11824509,0,0,
GPU,2,0.000,0.000,0.000,19174880,11824509,0,0,
GPU,2,0.000,0.000,0.000,19174880,11824509,0,0,
GPU,2,0.000,0.000,0.000,19174880,11824509,0,0,
GPU,2,0.000,0.000,0.000,19174880,11824509,0,0,
GPU,2,0.000,0.000,0.000,19174880,11824509,0,0,
GPU,2,0.000,0.000,0.000,19174880,11824509,0,0,
GPU,2,0.000,0.000,0.000,19174880,11824509,0,0,
GPU,2,0.000,0.000,0.000,19174880,11824509,0,0,
GPU,2,0.000,0.000,0.000,19174880,11824509,0,0,
GPU,2,0.000,0.000,0.000,19174880,11824509,0,0,
GPU,2,0.000,0.000,0.000,19174880,11824509,0,0,
GPU,2,0.000,0.000,0.000,19174880,11824509,0,0,
GPU,2,0.000,0.000,0.000,19174880,11824509,0,0,
GPU,2,0.000,0.000,0.000,19174880,11824509,0,0,
GPU,2,0.000,0.000,0.000,19174880,11824509,0,0,
GPU,2,0.000,0.000,0.000,819404,622747,0,0,
GPU,2,0.000,0.000,0.000,819404,622747,0,0,
GPU,2,0.000,0.000,0.000,13283168,8619928,0,0,
GPU,2,0.000,0.000,0.000,13283168,8619928,0,0,
GPU,2,0.000,0.000,0.000,13283168,8619928,0,0,
GPU,2,0.000,0.000,0.000,9381673,6024022,0,0,
GPU,2,0.000,0.000,0.000,9381673,6024022,0,0,
GPU,2,0.000,0.000,0.000,9381673,6024022,0,0,
GPU,2,0.000,0.000,0.000,9381673,6024022,0,0,
GPU,2,0.000,0.000,0.000,8378036,5347682,0,0,
GPU,2,0.000,0.000,0.000,8378036,5347682,0,0,
GPU,2,0.000,0.000,0.000,8378036,5347682,0,0,
GPU,2,0.000,0.000,0.000,10692060,6905288,0,0,
GPU,2,0.000,0.000,0.000,10692060,6905288,0,0,
GPU,2,0.000,0.000,0.000,10692060,6905288,0,0,
GPU,2,0.000,0.000,0.000,10692060,6905288,0,0,
GPU,2,0.000,0.000,0.000,10344924,6634245,0,0,
GPU,2,0.000,0.000,0.000,10344924,6634245,0,0,
GPU,2,0.000,0.000,0.000,10344924,6634245,0,0,
GPU,2,0.000,0.000,0.000,8636797,5599682,0,0,
GPU,2,0.000,0.000,0.000,8636797,5599682,0,0,
GPU,2,0.000,0.000,0.000,8636797,5599682,0,0,
GPU,2,0.000,0.000,0.000,8636797,5599682,0,0,
GPU,2,0.000,0.000,0.000,7716144,4925198,0,0,
GPU,2,0.000,0.000,0.000,7716144,4925198,0,0,
GPU,2,0.000,0.000,0.000,7716144,4925198,0,0,
GPU,2,0.000,0.000,0.000,10710027,6916892,0,0,
GPU,2,0.000,0.000,0.000,10710027,6916892,0,0,
GPU,2,0.000,0.000,0.000,10710027,6916892,0,0,
GPU,2,0.000,0.000,0.000,10710027,6916892,0,0,
GPU,2,0.000,0.000,0.000,10586256,6869804,0,0,
GPU,2,0.000,0.000,0.000,10586256,6869804,0,0,
GPU,2,0.000,0.000,0.000,10586256,6869804,0,0,
GPU,2,0.000,0.000,0.000,9616130,6203955,0,0,
GPU,2,0.000,0.000,0.000,9616130,6203955,0,0,
GPU,2,0.000,0.000,0.000,9616130,6203955,0,0,
GPU,2,0.000,0.000,0.000,10426704,6655343,0,0,
GPU,2,0.000,0.000,0.000,10426704,6655343,0,0,
GPU,2,0.000,0.000,0.000,10426704,6655343,0,0,
GPU,2,0.000,0.000,0.000,10830425,6922540,0,0,
GPU,2,0.000,0.000,0.000,10830425,6922540,0,0,
GPU,2,0.000,0.000,0.000,10830425,6922540,0,0,
GPU,2,0.000,0.000,0.000,10830425,6922540,0,0,
GPU,2,0.000,0.000,0.000,10584244,6868499,0,0,
GPU,2,0.000,0.000,0.000,10584244,6868499,0,0,
GPU,2,0.000,0.000,0.000,10584244,6868499,0,0,
GPU,2,0.000,0.000,0.000,7351790,4766545,0,0,
GPU,2,0.000,0.000,0.000,7351790,4766545,0,0,
GPU,2,0.000,0.000,0.000,7351790,4766545,0,0,
GPU,2,0.000,0.000,0.000,10349504,6677099,0,0,
GPU,2,0.000,0.000,0.000,10349504,6677099,0,0,
GPU,2,0.000,0.000,0.000,10349504,6677099,0,0,
GPU,2,0.000,0.000,0.000,10349504,6677099,0,0,
GPU,2,0.000,0.000,0.000,10842228,6930084,0,0,
GPU,2,0.000,0.000,0.000,10842228,6930084,0,0,
GPU,2,0.000,0.000,0.000,10842228,6930084,0,0,
GPU,2,0.000,0.000,0.000,10593638,6761896,0,0,
GPU,2,0.000,0.000,0.000,10593638,6761896,0,0,
GPU,2,0.000,0.000,0.000,10593638,6761896,0,0,
GPU,2,0.000,0.000,0.000,10593638,6761896,0,0,
GPU,2,0.000,0.000,0.000,8157365,5288841,0,0,
GPU,2,0.000,0.000,0.000,8157365,5288841,0,0,
GPU,2,0.000,0.000,0.000,8157365,5288841,0,0,
GPU,2,0.000,0.000,0.000,9499610,6128781,0,0,
GPU,2,0.000,0.000,0.000,9499610,6128781,0,0,
GPU,2,0.000,0.000,0.000,9499610,6128781,0,0,
GPU,2,0.000,0.000,0.000,10933000,7028357,0,0,
GPU,2,0.000,0.000,0.000,10933000,7028357,0,0,
GPU,2,0.000,0.000,0.000,10933000,7028357,0,0,
GPU,2,0.000,0.000,0.000,10933000,7028357,0,0,
GPU,2,0.000,0.000,0.000,10585287,6756566,0,0,
GPU,2,0.000,0.000,0.000,10585287,6756566,0,0,
GPU,2,0.000,0.000,0.000,10585287,6756566,0,0,
GPU,2,0.000,0.000,0.000,8270388,5335734,0,0,
GPU,2,0.000,0.000,0.000,8270388,5335734,0,0,
GPU,2,0.000,0.000,0.000,8270388,5335734,0,0,
GPU,2,0.000,0.000,0.000,8270388,5335734,0,0,
GPU,2,0.000,0.000,0.000,8270388,5335734,0,0,
GPU,2,0.000,0.000,0.000,6751851,4356033,0,0,
GPU,2,0.000,0.000,0.000,6751851,4356033,0,0,
GPU,2,0.000,0.000,0.000,6751851,4356033,0,0,
GPU,2,0.000,0.000,0.000,10820533,7027769,0,0,
GPU,2,0.000,0.000,0.000,10820533,7027769,0,0,
GPU,2,0.000,0.000,0.000,10820533,7027769,0,0,
GPU,2,0.000,0.000,0.000,10574719,6749820,0,0,
GPU,2,0.000,0.000,0.000,10574719,6749820,0,0,
GPU,2,0.000,0.000,0.000,10574719,6749820,0,0,
GPU,2,0.000,0.000,0.000,10188082,6572956,0,0,
GPU,2,0.000,0.000,0.000,10188082,6572956,0,0,
GPU,2,0.000,0.000,0.000,10188082,6572956,0,0,
GPU,2,0.000,0.000,0.000,10322151,6659452,0,0,
GPU,2,0.000,0.000,0.000,10322151,6659452,0,0,
GPU,2,0.000,0.000,0.000,10322151,6659452,0,0,
GPU,2,0.000,0.000,0.000,10832466,6923844,0,0,
GPU,2,0.000,0.000,0.000,10832466,6923844,0,0,
GPU,2,0.000,0.000,0.000,10832466,6923844,0,0,
GPU,2,0.000,0.000,0.000,10832466,6923844,0,0,
GPU,2,0.000,0.000,0.000,10567734,6857785,0,0,
GPU,2,0.000,0.000,0.000,10567734,6857785,0,0,
GPU,2,0.000,0.000,0.000,10567734,6857785,0,0,
GPU,2,0.000,0.000,0.000,8293158,5350424,0,0,
GPU,2,0.000,0.000,0.000,8293158,5350424,0,0,
GPU,2,0.000,0.000,0.000,8293158,5350424,0,0,
GPU,2,0.000,0.000,0.000,10350152,6677517,0,0,
GPU,2,0.000,0.000,0.000,10350152,6677517,0,0,
GPU,2,0.000,0.000,0.000,10350152,6677517,0,0,
GPU,2,0.000,0.000,0.000,10840941,6929261,0,0,
GPU,2,0.000,0.000,0.000,10840941,6929261,0,0,
GPU,2,0.000,0.000,0.000,10840941,6929261,0,0,
GPU,2,0.000,0.000,0.000,10840941,6929261,0,0,
GPU,2,0.000,0.000,0.000,10458177,6747211,0,0,
GPU,2,0.000,0.000,0.000,10458177,6747211,0,0,
GPU,2,0.000,0.000,0.000,10458177,6747211,0,0,
GPU,2,0.000,0.000,0.000,10458177,6747211,0,0,
GPU,2,0.000,0.000,0.000,7334367,4681510,0,0,
GPU,2,0.000,0.000,0.000,7334367,4681510,0,0,
GPU,2,0.000,0.000,0.000,7334367,4681510,0,0,
GPU,2,0.000,0.000,0.000,10331324,6665370,0,0,
GPU,2,0.000,0.000,0.000,10331324,6665370,0,0,
GPU,2,0.000,0.000,0.000,10331324,6665370,0,0,
GPU,2,0.000,0.000,0.000,10743813,6938712,0,0,
GPU,2,0.000,0.000,0.000,10743813,6938712,0,0,
GPU,2,0.000,0.000,0.000,10743813,6938712,0,0,
GPU,2,0.000,0.000,0.000,10743813,6938712,0,0,
GPU,2,0.000,0.000,0.000,10599088,6878131,0,0,
GPU,2,0.000,0.000,0.000,10599088,6878131,0,0,
GPU,2,0.000,0.000,0.000,10599088,6878131,0,0,
GPU,2,0.000,0.000,0.000,7849798,5064386,0,0,
GPU,2,0.000,0.000,0.000,7849798,5064386,0,0,
GPU,2,0.000,0.000,0.000,7849798,5064386,0,0,
GPU,2,0.000,0.000,0.000,10459188,6676078,0,0,
GPU,2,0.000,0.000,0.000,10459188,6676078,0,0,
GPU,2,0.000,0.000,0.000,10459188,6676078,0,0,
GPU,2,0.000,0.000,0.000,10933610,6917182,0,0,
GPU,2,0.000,0.000,0.000,10933610,6917182,0,0,
GPU,2,0.000,0.000,0.000,10933610,6917182,0,0,
GPU,2,0.000,0.000,0.000,10933610,6917182,0,0,
GPU,2,0.000,0.000,0.000,10593787,6874691,0,0,
GPU,2,0.000,0.000,0.000,10593787,6874691,0,0,
GPU,2,0.000,0.000,0.000,10593787,6874691,0,0,
GPU,2,0.000,0.000,0.000,8150521,5258401,0,0,
GPU,2,0.000,0.000,0.000,8150521,5258401,0,0,
GPU,2,0.000,0.000,0.000,8150521,5258401,0,0,
GPU,2,0.000,0.000,0.000,8150521,5258401,0,0,
GPU,2,0.000,0.000,0.000,9135304,5831045,0,0,
GPU,2,0.000,0.000,0.000,9135304,5831045,0,0,
GPU,2,0.000,0.000,0.000,9135304,5831045,0,0,
GPU,2,0.000,0.000,0.000,10701073,6911110,0,0,
GPU,2,0.000,0.000,0.000,10701073,6911110,0,0,
GPU,2,0.000,0.000,0.000,10701073,6911110,0,0,
GPU,2,0.000,0.000,0.000,10701073,6911110,0,0,
GPU,2,0.000,0.000,0.000,10579182,6865213,0,0,
GPU,2,0.000,0.000,0.000,10579182,6865213,0,0,
GPU,2,0.000,0.000,0.000,10579182,6865213,0,0,
GPU,2,0.000,0.000,0.000,7919358,5109263,0,0,
GPU,2,0.000,0.000,0.000,7919358,5109263,0,0,
GPU,2,0.000,0.000,0.000,7919358,5109263,0,0,
GPU,2,0.000,0.000,0.000,10414791,6647739,0,0,
GPU,2,0.000,0.000,0.000,10414791,6647739,0,0,
GPU,2,0.000,0.000,0.000,10414791,6647739,0,0,
GPU,2,0.000,0.000,0.000,10715107,6920173,0,0,
GPU,2,0.000,0.000,0.000,10715107,6920173,0,0,
GPU,2,0.000,0.000,0.000,10715107,6920173,0,0,
GPU,2,0.000,0.000,0.000,10715107,6920173,0,0,
GPU,2,0.000,0.000,0.000,10588342,6871158,0,0,
GPU,2,0.000,0.000,0.000,10588342,6871158,0,0,
GPU,2,0.000,0.000,0.000,10588342,6871158,0,0,
GPU,2,0.000,0.000,0.000,10588342,6871158,0,0,
GPU,2,0.000,0.000,0.000,7840602,5004639,0,0,
GPU,2,0.000,0.000,0.000,7840602,5004639,0,0,
GPU,2,0.000,0.000,0.000,7840602,5004639,0,0,
GPU,2,0.000,0.000,0.000,10339939,6670928,0,0,
GPU,2,0.000,0.000,0.000,10339939,6670928,0,0,
GPU,2,0.000,0.000,0.000,10339939,6670928,0,0,
GPU,2,0.000,0.000,0.000,10717799,6921912,0,0,
GPU,2,0.000,0.000,0.000,10717799,6921912,0,0,
GPU,2,0.000,0.000,0.000,10717799,6921912,0,0,
GPU,2,0.000,0.000,0.000,10574793,6749868,0,0,
GPU,2,0.000,0.000,0.000,10574793,6749868,0,0,
GPU,2,0.000,0.000,0.000,10574793,6749868,0,0,
GPU,2,0.000,0.000,0.000,10574793,6749868,0,0,
GPU,2,0.000,0.000,0.000,7258687,4633204,0,0,
GPU,2,0.000,0.000,0.000,7258687,4633204,0,0,
GPU,2,0.000,0.000,0.000,7258687,4633204,0,0,
GPU,2,0.000,0.000,0.000,10336132,6668472,0,0,
GPU,2,0.000,0.000,0.000,10336132,6668472,0,0,
GPU,2,0.000,0.000,0.000,10336132,6668472,0,0,
GPU,2,0.000,0.000,0.000,10336132,6668472,0,0,
GPU,2,0.000,0.000,0.000,10717575,6921767,0,0,
GPU,2,0.000,0.000,0.000,10717575,6921767,0,0,
GPU,2,0.000,0.000,0.000,10717575,6921767,0,0,
GPU,2,0.000,0.000,0.000,10691200,6864875,0,0,
GPU,2,0.000,0.000,0.000,10691200,6864875,0,0,
GPU,2,0.000,0.000,0.000,10691200,6864875,0,0,
GPU,2,0.000,0.000,0.000,8341087,5381346,0,0,
GPU,2,0.000,0.000,0.000,8341087,5381346,0,0,
GPU,2,0.000,0.000,0.000,8341087,5381346,0,0,
GPU,2,0.000,0.000,0.000,8341087,5381346,0,0,
GPU,2,0.000,0.000,0.000,9207578,5940373,0,0,
GPU,2,0.000,0.000,0.000,9207578,5940373,0,0,
GPU,2,0.000,0.000,0.000,9207578,5940373,0,0,
GPU,2,0.000,0.000,0.000,10919296,7019547,0,0,
GPU,2,0.000,0.000,0.000,10919296,7019547,0,0,
GPU,2,0.000,0.000,0.000,10919296,7019547,0,0,
GPU,2,0.000,0.000,0.000,10919296,7019547,0,0,
GPU,2,0.000,0.000,0.000,10584170,6755853,0,0,
GPU,2,0.000,0.000,0.000,10584170,6755853,0,0,
GPU,2,0.000,0.000,0.000,10584170,6755853,0,0,
GPU,2,0.000,0.000,0.000,8432505,5440326,0,0,
GPU,2,0.000,0.000,0.000,8432505,5440326,0,0,
GPU,2,0.000,0.000,0.000,8432505,5440326,0,0,
GPU,2,0.000,0.000,0.000,9227276,5889751,0,0,
GPU,2,0.000,0.000,0.000,9227276,5889751,0,0,
GPU,2,0.000,0.000,0.000,9227276,5889751,0,0,
GPU,2,0.000,0.000,0.000,9227276,5889751,0,0,
GPU,2,0.000,0.000,0.000,10704280,7024683,0,0,
GPU,2,0.000,0.000,0.000,10704280,7024683,0,0,
GPU,2,0.000,0.000,0.000,10704280,7024683,0,0,
GPU,2,0.000,0.000,0.000,10597669,6764469,0,0,
GPU,2,0.000,0.000,0.000,10597669,6764469,0,0,
GPU,2,0.000,0.000,0.000,10597669,6764469,0,0,
GPU,2,0.000,0.000,0.000,10597669,6764469,0,0,
GPU,2,0.000,0.000,0.000,8056481,5142434,0,0,
GPU,2,0.000,0.000,0.000,8056481,5142434,0,0,
GPU,2,0.000,0.000,0.000,8056481,5142434,0,0,
GPU,2,0.000,0.000,0.000,10302426,6646726,0,0,
GPU,2,0.000,0.000,0.000,10302426,6646726,0,0,
GPU,2,0.000,0.000,0.000,10302426,6646726,0,0,
GPU,2,0.000,0.000,0.000,10838670,6927809,0,0,
GPU,2,0.000,0.000,0.000,10838670,6927809,0,0,
GPU,2,0.000,0.000,0.000,10838670,6927809,0,0,
GPU,2,0.000,0.000,0.000,10463104,6862896,0,0,
GPU,2,0.000,0.000,0.000,10463104,6862896,0,0,
GPU,2,0.000,0.000,0.000,10463104,6862896,0,0,
GPU,2,0.000,0.000,0.000,10463104,6862896,0,0,
GPU,2,0.000,0.000,0.000,8686461,5544549,0,0,
GPU,2,0.000,0.000,0.000,8686461,5544549,0,0,
GPU,2,0.000,0.000,0.000,8686461,5544549,0,0,
GPU,2,0.000,0.000,0.000,9712159,6265909,0,0,
GPU,2,0.000,0.000,0.000,9712159,6265909,0,0,
GPU,2,0.000,0.000,0.000,9712159,6265909,0,0,
GPU,2,0.000,0.000,0.000,10836475,6926406,0,0,
GPU,2,0.000,0.000,0.000,10836475,6926406,0,0,
GPU,2,0.000,0.000,0.000,10836475,6926406,0,0,
GPU,2,0.000,0.000,0.000,10672283,6852729,0,0,
GPU,2,0.000,0.000,0.000,10672283,6852729,0,0,
GPU,2,0.000,0.000,0.000,10672283,6852729,0,0,
GPU,2,0.000,0.000,0.000,10502837,6776024,0,0,
GPU,2,0.000,0.000,0.000,10502837,6776024,0,0,
GPU,2,0.000,0.000,0.000,10502837,6776024,0,0,
GPU,2,0.000,0.000,0.000,10058767,6450731,0,0,
GPU,2,0.000,0.000,0.000,10058767,6450731,0,0,
GPU,2,0.000,0.000,0.000,10058767,6450731,0,0,
GPU,2,0.000,0.000,0.000,10058767,6450731,0,0,
GPU,2,0.000,0.000,0.000,10477842,6687984,0,0,
GPU,2,0.000,0.000,0.000,10477842,6687984,0,0,
GPU,2,0.000,0.000,0.000,10477842,6687984,0,0,
GPU,2,0.000,0.000,0.000,13170031,7845976,0,0,
GPU,2,0.000,0.000,0.000,13170031,7845976,0,0,
GPU,2,0.000,0.000,0.000,13170031,7845976,0,0,
GPU,2,0.000,0.000,0.000,10632281,6786562,0,0,
GPU,2,0.000,0.000,0.000,10632281,6786562,0,0,
GPU,2,0.000,0.000,0.000,10632281,6786562,0,0,
GPU,2,0.000,0.000,0.000,9962912,6459470,0,0,
GPU,2,0.000,0.000,0.000,9962912,6459470,0,0,
GPU,2,0.000,0.000,0.000,9962912,6459470,0,0,
GPU,2,0.000,0.000,0.000,10372807,6692133,0,0,
GPU,2,0.000,0.000,0.000,10372807,6692133,0,0,
GPU,2,0.000,0.000,0.000,10372807,6692133,0,0,
GPU,2,0.000,0.000,0.000,10931323,7027279,0,0,
GPU,2,0.000,0.000,0.000,10931323,7027279,0,0,
GPU,2,0.000,0.000,0.000,10931323,7027279,0,0,
GPU,2,0.000,0.000,0.000,10931323,7027279,0,0,
GPU,2,0.000,0.000,0.000,10587075,6870336,0,0,
GPU,2,0.000,0.000,0.000,10587075,6870336,0,0,
GPU,2,0.000,0.000,0.000,10587075,6870336,0,0,
GPU,2,0.000,0.000,0.000,10033850,6473452,0,0,
GPU,2,0.000,0.000,0.000,10033850,6473452,0,0,
GPU,2,0.000,0.000,0.000,10033850,6473452,0,0,
GPU,2,0.000,0.000,0.000,10314924,6654789,0,0,
GPU,2,0.000,0.000,0.000,10314924,6654789,0,0,
GPU,2,0.000,0.000,0.000,10314924,6654789,0,0,
GPU,2,0.000,0.000,0.000,10832920,6924134,0,0,
GPU,2,0.000,0.000,0.000,10832920,6924134,0,0,
GPU,2,0.000,0.000,0.000,10832920,6924134,0,0,
GPU,2,0.000,0.000,0.000,10832920,6924134,0,0,
GPU,2,0.000,0.000,0.000,10567066,6857351,0,0,
GPU,2,0.000,0.000,0.000,10567066,6857351,0,0,
GPU,2,0.000,0.000,0.000,10567066,6857351,0,0,
GPU,2,0.000,0.000,0.000,7958879,5134760,0,0,
GPU,2,0.000,0.000,0.000,7958879,5134760,0,0,
GPU,2,0.000,0.000,0.000,7958879,5134760,0,0,
GPU,2,0.000,0.000,0.000,10377853,6624161,0,0,
GPU,2,0.000,0.000,0.000,10377853,6624161,0,0,
GPU,2,0.000,0.000,0.000,10377853,6624161,0,0,
GPU,2,0.000,0.000,0.000,10815255,6912843,0,0,
GPU,2,0.000,0.000,0.000,10815255,6912843,0,0,
GPU,2,0.000,0.000,0.000,10815255,6912843,0,0,
GPU,2,0.000,0.000,0.000,10419146,6834063,0,0,
GPU,2,0.000,0.000,0.000,10419146,6834063,0,0,
GPU,2,0.000,0.000,0.000,10419146,6834063,0,0,
GPU,2,0.000,0.000,0.000,10419146,6834063,0,0,
GPU,2,0.000,0.000,0.000,8710054,5559609,0,0,
GPU,2,0.000,0.000,0.000,8710054,5559609,0,0,
GPU,2,0.000,0.000,0.000,8710054,5559609,0,0,
GPU,2,0.000,0.000,0.000,9941805,6414068,0,0,
GPU,2,0.000,0.000,0.000,9941805,6414068,0,0,
GPU,2,0.000,0.000,0.000,9941805,6414068,0,0,
GPU,2,0.000,0.000,0.000,10831257,6923071,0,0,
GPU,2,0.000,0.000,0.000,10831257,6923071,0,0,
GPU,2,0.000,0.000,0.000,10831257,6923071,0,0,
GPU,2,0.000,0.000,0.000,10831257,6923071,0,0,
GPU,2,0.000,0.000,0.000,10831257,6923071,0,0,
GPU,2,0.000,0.000,0.000,10111128,6453911,0,0,
GPU,2,0.000,0.000,0.000,10111128,6453911,0,0,
GPU,2,0.000,0.000,0.000,10111128,6453911,0,0,
GPU,2,0.000,0.000,0.000,9842419,7326312,0,0,
GPU,2,0.000,0.000,0.000,9842419,7326312,0,0,
GPU,2,0.000,0.000,0.000,9842419,7326312,0,0,
GPU,2,0.000,0.000,0.000,10335486,6668055,0,0,
GPU,2,0.000,0.000,0.000,10335486,6668055,0,0,
GPU,2,0.000,0.000,0.000,10335486,6668055,0,0,
GPU,2,0.000,0.000,0.000,10737504,6934638,0,0,
GPU,2,0.000,0.000,0.000,10737504,6934638,0,0,
GPU,2,0.000,0.000,0.000,10737504,6934638,0,0,
GPU,2,0.000,0.000,0.000,10737504,6934638,0,0,
GPU,2,0.000,0.000,0.000,10587895,6758231,0,0,
GPU,2,0.000,0.000,0.000,10587895,6758231,0,0,
GPU,2,0.000,0.000,0.000,10587895,6758231,0,0,
GPU,2,0.000,0.000,0.000,8414080,5370689,0,0,
GPU,2,0.000,0.000,0.000,8414080,5370689,0,0,
GPU,2,0.000,0.000,0.000,8414080,5370689,0,0,
GPU,2,0.000,0.000,0.000,8414080,5370689,0,0,
GPU,2,0.000,0.000,0.000,10003092,6453607,0,0,
GPU,2,0.000,0.000,0.000,10003092,6453607,0,0,
GPU,2,0.000,0.000,0.000,10003092,6453607,0,0,
GPU,2,0.000,0.000,0.000,10608894,6812027,0,0,
GPU,2,0.000,0.000,0.000,10608894,6812027,0,0,
GPU,2,0.000,0.000,0.000,10608894,6812027,0,0,
GPU,2,0.000,0.000,0.000,10569294,6858797,0,0,
GPU,2,0.000,0.000,0.000,10569294,6858797,0,0,
GPU,2,0.000,0.000,0.000,10569294,6858797,0,0,
GPU,2,0.000,0.000,0.000,10504023,6776789,0,0,
GPU,2,0.000,0.000,0.000,10504023,6776789,0,0,
GPU,2,0.000,0.000,0.000,10504023,6776789,0,0,
GPU,2,0.000,0.000,0.000,10504023,6776789,0,0,
GPU,2,0.000,0.000,0.000,7709740,4998623,0,0,
GPU,2,0.000,0.000,0.000,7709740,4998623,0,0,
GPU,2,0.000,0.000,0.000,7709740,4998623,0,0,
GPU,2,0.000,0.000,0.000,10813522,6911736,0,0,
GPU,2,0.000,0.000,0.000,10813522,6911736,0,0,
GPU,2,0.000,0.000,0.000,10813522,6911736,0,0,
GPU,2,0.000,0.000,0.000,10572637,6748492,0,0,
GPU,2,0.000,0.000,0.000,10572637,6748492,0,0,
GPU,2,0.000,0.000,0.000,10572637,6748492,0,0,
GPU,2,0.000,0.000,0.000,10514712,6783685,0,0,
GPU,2,0.000,0.000,0.000,10514712,6783685,0,0,
GPU,2,0.000,0.000,0.000,10514712,6783685,0,0,
GPU,2,0.000,0.000,0.000,10198696,6579804,0,0,
GPU,2,0.000,0.000,0.000,10198696,6579804,0,0,
GPU,2,0.000,0.000,0.000,10198696,6579804,0,0,
GPU,2,0.000,0.000,0.000,10198696,6579804,0,0,
GPU,2,0.000,0.000,0.000,10349216,6676913,0,0,
GPU,2,0.000,0.000,0.000,10349216,6676913,0,0,
GPU,2,0.000,0.000,0.000,10349216,6676913,0,0,
GPU,2,0.000,0.000,0.000,12419572,7568177,0,0,
GPU,2,0.000,0.000,0.000,12419572,7568177,0,0,
GPU,2,0.000,0.000,0.000,12419572,7568177,0,0,
GPU,2,0.000,0.000,0.000,10622519,6780331,0,0,
GPU,2,0.000,0.000,0.000,10622519,6780331,0,0,
GPU,2,0.000,0.000,0.000,10622519,6780331,0,0,
GPU,2,0.000,0.000,0.000,10313378,6583007,0,0,
GPU,2,0.000,0.000,0.000,10313378,6583007,0,0,
GPU,2,0.000,0.000,0.000,10313378,6583007,0,0,
GPU,2,0.000,0.000,0.000,10352600,6679097,0,0,
GPU,2,0.000,0.000,0.000,10352600,6679097,0,0,
GPU,2,0.000,0.000,0.000,10352600,6679097,0,0,
GPU,2,0.000,0.000,0.000,10736678,6934105,0,0,
GPU,2,0.000,0.000,0.000,10736678,6934105,0,0,
GPU,2,0.000,0.000,0.000,10736678,6934105,0,0,
GPU,2,0.000,0.000,0.000,10692478,6865696,0,0,
GPU,2,0.000,0.000,0.000,10692478,6865696,0,0,
GPU,2,0.000,0.000,0.000,10692478,6865696,0,0,
GPU,2,0.000,0.000,0.000,10692478,6865696,0,0,
GPU,2,0.000,0.000,0.000,9305699,6003677,0,0,
GPU,2,0.000,0.000,0.000,9305699,6003677,0,0,
GPU,2,0.000,0.000,0.000,9305699,6003677,0,0,
GPU,2,0.000,0.000,0.000,10357284,6682119,0,0,
GPU,2,0.000,0.000,0.000,10357284,6682119,0,0,
GPU,2,0.000,0.000,0.000,10357284,6682119,0,0,
GPU,2,0.000,0.000,0.000,10741033,6936917,0,0,
GPU,2,0.000,0.000,0.000,10741033,6936917,0,0,
GPU,2,0.000,0.000,0.000,10741033,6936917,0,0,
GPU,2,0.000,0.000,0.000,10741033,6936917,0,0,
GPU,2,0.000,0.000,0.000,10567363,6745125,0,0,
GPU,2,0.000,0.000,0.000,10567363,6745125,0,0,
GPU,2,0.000,0.000,0.000,10567363,6745125,0,0,
GPU,2,0.000,0.000,0.000,10567363,6745125,0,0,
GPU,2,0.000,0.000,0.000,12759617,6730347,0,0,
GPU,2,0.000,0.000,0.000,12759617,6730347,0,0,
GPU,2,0.000,0.000,0.000,12759617,6730347,0,0,
GPU,2,0.000,0.000,0.000,10403984,6751521,0,0,
GPU,2,0.000,0.000,0.000,10403984,6751521,0,0,
GPU,2,0.000,0.000,0.000,10403984,6751521,0,0,
GPU,2,0.000,0.000,0.000,10594475,6802768,0,0,
GPU,2,0.000,0.000,0.000,10594475,6802768,0,0,
GPU,2,0.000,0.000,0.000,10594475,6802768,0,0,
GPU,2,0.000,0.000,0.000,10594475,6802768,0,0,
GPU,2,0.000,0.000,0.000,10585362,6756614,0,0,
GPU,2,0.000,0.000,0.000,10585362,6756614,0,0,
GPU,2,0.000,0.000,0.000,10585362,6756614,0,0,
GPU,2,0.000,0.000,0.000,9133373,5892498,0,0,
GPU,2,0.000,0.000,0.000,9133373,5892498,0,0,
GPU,2,0.000,0.000,0.000,9133373,5892498,0,0,
GPU,2,0.000,0.000,0.000,10358293,6794149,0,0,
GPU,2,0.000,0.000,0.000,10358293,6794149,0,0,
GPU,2,0.000,0.000,0.000,10358293,6794149,0,0,
GPU,2,0.000,0.000,0.000,10824986,6919063,0,0,
GPU,2,0.000,0.000,0.000,10824986,6919063,0,0,
GPU,2,0.000,0.000,0.000,10824986,6919063,0,0,
GPU,2,0.000,0.000,0.000,10824986,6919063,0,0,
GPU,2,0.000,0.000,0.000,10589908,6759516,0,0,
GPU,2,0.000,0.000,0.000,10589908,6759516,0,0,
GPU,2,0.000,0.000,0.000,10589908,6759516,0,0,
GPU,2,0.000,0.000,0.000,7974789,5145025,0,0,
GPU,2,0.000,0.000,0.000,7974789,5145025,0,0,
GPU,2,0.000,0.000,0.000,7974789,5145025,0,0,
GPU,2,0.000,0.000,0.000,10449669,6670001,0,0,
GPU,2,0.000,0.000,0.000,10449669,6670001,0,0,
GPU,2,0.000,0.000,0.000,10449669,6670001,0,0,
GPU,2,0.000,0.000,0.000,10727680,6928293,0,0,
GPU,2,0.000,0.000,0.000,10727680,6928293,0,0,
GPU,2,0.000,0.000,0.000,10727680,6928293,0,0,
GPU,2,0.000,0.000,0.000,10609106,6884633,0,0,
GPU,2,0.000,0.000,0.000,10609106,6884633,0,0,
GPU,2,0.000,0.000,0.000,10609106,6884633,0,0,
GPU,2,0.000,0.000,0.000,10609106,6884633,0,0,
GPU,2,0.000,0.000,0.000,8462527,5459694,0,0,
GPU,2,0.000,0.000,0.000,8462527,5459694,0,0,
GPU,2,0.000,0.000,0.000,8462527,5459694,0,0,
GPU,2,0.000,0.000,0.000,10049222,6444609,0,0,
GPU,2,0.000,0.000,0.000,10049222,6444609,0,0,
GPU,2,0.000,0.000,0.000,10049222,6444609,0,0,
GPU,2,0.000,0.000,0.000,10836475,6926406,0,0,
GPU,2,0.000,0.000,0.000,10836475,6926406,0,0,
GPU,2,0.000,0.000,0.000,10836475,6926406,0,0,
GPU,2,0.000,0.000,0.000,10836475,6926406,0,0,
GPU,2,0.000,0.000,0.000,10836475,6926406,0,0,
GPU,2,0.000,0.000,0.000,10836475,6926406,0,0,
GPU,2,0.000,0.000,0.000,10578140,6864537,0,0,
GPU,2,0.000,0.000,0.000,10578140,6864537,0,0,
GPU,2,0.000,0.000,0.000,10578140,6864537,0,0,
GPU,2,0.000,0.000,0.000,6153438,3969960,0,0,
GPU,2,0.000,0.000,0.000,6153438,3969960,0,0,
GPU,2,0.000,0.000,0.000,6153438,3969960,0,0,
GPU,2,0.000,0.000,0.000,10340298,6671160,0,0,
GPU,2,0.000,0.000,0.000,10340298,6671160,0,0,
GPU,2,0.000,0.000,0.000,10340298,6671160,0,0,
GPU,2,0.000,0.000,0.000,10854285,6937790,0,0,
GPU,2,0.000,0.000,0.000,10854285,6937790,0,0,
GPU,2,0.000,0.000,0.000,10854285,6937790,0,0,
GPU,2,0.000,0.000,0.000,10606338,6770003,0,0,
GPU,2,0.000,0.000,0.000,10606338,6770003,0,0,
GPU,2,0.000,0.000,0.000,10606338,6770003,0,0,
GPU,2,0.000,0.000,0.000,9269468,5980302,0,0,
GPU,2,0.000,0.000,0.000,9269468,5980302,0,0,
GPU,2,0.000,0.000,0.000,9269468,5980302,0,0,
GPU,2,0.000,0.000,0.000,10003366,6485699,0,0,
GPU,2,0.000,0.000,0.000,10003366,6485699,0,0,
GPU,2,0.000,0.000,0.000,10003366,6485699,0,0,
GPU,2,0.000,0.000,0.000,10003366,6485699,0,0,
GPU,2,0.000,0.000,0.000,11413926,7080861,0,0,
GPU,2,0.000,0.000,0.000,11413926,7080861,0,0,
GPU,2,0.000,0.000,0.000,11413926,7080861,0,0,
GPU,2,0.000,0.000,0.000,10597071,6876823,0,0,
GPU,2,0.000,0.000,0.000,10597071,6876823,0,0,
GPU,2,0.000,0.000,0.000,10597071,6876823,0,0,
GPU,2,0.000,0.000,0.000,9138024,5832781,0,0,
GPU,2,0.000,0.000,0.000,9138024,5832781,0,0,
GPU,2,0.000,0.000,0.000,9138024,5832781,0,0,
GPU,2,0.000,0.000,0.000,9138024,5832781,0,0,
GPU,2,0.000,0.000,0.000,8449792,5451478,0,0,
GPU,2,0.000,0.000,0.000,8449792,5451478,0,0,
GPU,2,0.000,0.000,0.000,8449792,5451478,0,0,
GPU,2,0.000,0.000,0.000,10703534,6912699,0,0,
GPU,2,0.000,0.000,0.000,10703534,6912699,0,0,
GPU,2,0.000,0.000,0.000,10703534,6912699,0,0,
GPU,2,0.000,0.000,0.000,10605291,6882157,0,0,
GPU,2,0.000,0.000,0.000,10605291,6882157,0,0,
GPU,2,0.000,0.000,0.000,10605291,6882157,0,0,
GPU,2,0.000,0.000,0.000,10605291,6882157,0,0,
GPU,2,0.000,0.000,0.000,8845029,5551667,0,0,
GPU,2,0.000,0.000,0.000,8845029,5551667,0,0,
GPU,2,0.000,0.000,0.000,8845029,5551667,0,0,
GPU,2,0.000,0.000,0.000,9808962,6433835,0,0,
GPU,2,0.000,0.000,0.000,9808962,6433835,0,0,
GPU,2,0.000,0.000,0.000,9808962,6433835,0,0,
GPU,2,0.000,0.000,0.000,10704653,6913421,0,0,
GPU,2,0.000,0.000,0.000,10704653,6913421,0,0,
GPU,2,0.000,0.000,0.000,10704653,6913421,0,0,
GPU,2,0.000,0.000,0.000,10603945,6768475,0,0,
GPU,2,0.000,0.000,0.000,10603945,6768475,0,0,
GPU,2,0.000,0.000,0.000,10603945,6768475,0,0,
GPU,2,0.000,0.000,0.000,10603945,6768475,0,0,
GPU,2,0.000,0.000,0.000,10614197,6775019,0,0,
GPU,2,0.000,0.000,0.000,10614197,6775019,0,0,
GPU,2,0.000,0.000,0.000,10614197,6775019,0,0,
GPU,2,0.000,0.000,0.000,10206041,6584542,0,0,
GPU,2,0.000,0.000,0.000,10206041,6584542,0,0,
GPU,2,0.000,0.000,0.000,10206041,6584542,0,0,
GPU,2,0.000,0.000,0.000,10356852,6681840,0,0,
GPU,2,0.000,0.000,0.000,10356852,6681840,0,0,
GPU,2,0.000,0.000,0.000,10356852,6681840,0,0,
GPU,2,0.000,0.000,0.000,13183605,7815994,0,0,
GPU,2,0.000,0.000,0.000,13183605,7815994,0,0,
GPU,2,0.000,0.000,0.000,13183605,7815994,0,0,
GPU,2,0.000,0.000,0.000,10625445,6895236,0,0,
GPU,2,0.000,0.000,0.000,10625445,6895236,0,0,
GPU,2,0.000,0.000,0.000,10625445,6895236,0,0,
GPU,2,0.000,0.000,0.000,10625445,6895236,0,0,
GPU,2,0.000,0.000,0.000,10204781,6474001,0,0,
GPU,2,0.000,0.000,0.000,10204781,6474001,0,0,
GPU,2,0.000,0.000,0.000,10204781,6474001,0,0,
GPU,2,0.000,0.000,0.000,10354906,6791927,0,0,
GPU,2,0.000,0.000,0.000,10354906,6791927,0,0,
GPU,2,0.000,0.000,0.000,10354906,6791927,0,0,
GPU,2,0.000,0.000,0.000,10743212,6938324,0,0,
GPU,2,0.000,0.000,0.000,10743212,6938324,0,0,
GPU,2,0.000,0.000,0.000,10743212,6938324,0,0,
GPU,2,0.000,0.000,0.000,10691952,6752811,0,0,
GPU,2,0.000,0.000,0.000,10691952,6752811,0,0,
GPU,2,0.000,0.000,0.000,10691952,6752811,0,0,
GPU,2,0.000,0.000,0.000,10691952,6752811,0,0,
GPU,2,0.000,0.000,0.000,8660024,5587112,0,0,
GPU,2,0.000,0.000,0.000,8660024,5587112,0,0,
GPU,2,0.000,0.000,0.000,8660024,5587112,0,0,
GPU,2,0.000,0.000,0.000,10120599,6561707,0,0,
GPU,2,0.000,0.000,0.000,10120599,6561707,0,0,
GPU,2,0.000,0.000,0.000,10120599,6561707,0,0,
GPU,2,0.000,0.000,0.000,10927819,7025026,0,0,
GPU,2,0.000,0.000,0.000,10927819,7025026,0,0,
GPU,2,0.000,0.000,0.000,10927819,7025026,0,0,
GPU,2,0.000,0.000,0.000,10483745,6763707,0,0,
GPU,2,0.000,0.000,0.000,10483745,6763707,0,0,
GPU,2,0.000,0.000,0.000,10483745,6763707,0,0,
GPU,2,0.000,0.000,0.000,9374513,5983731,0,0,
GPU,2,0.000,0.000,0.000,9374513,5983731,0,0,
GPU,2,0.000,0.000,0.000,9374513,5983731,0,0,
GPU,2,0.000,0.000,0.000,9374513,5983731,0,0,
GPU,2,0.000,0.000,0.000,9609485,6199668,0,0,
GPU,2,0.000,0.000,0.000,9609485,6199668,0,0,
GPU,2,0.000,0.000,0.000,9609485,6199668,0,0,
GPU,2,0.000,0.000,0.000,10708534,6915928,0,0,
GPU,2,0.000,0.000,0.000,10708534,6915928,0,0,
GPU,2,0.000,0.000,0.000,10708534,6915928,0,0,
GPU,2,0.000,0.000,0.000,10590430,6872513,0,0,
GPU,2,0.000,0.000,0.000,10590430,6872513,0,0,
GPU,2,0.000,0.000,0.000,10590430,6872513,0,0,
GPU,2,0.000,0.000,0.000,8859148,5654775,0,0,
GPU,2,0.000,0.000,0.000,8859148,5654775,0,0,
GPU,2,0.000,0.000,0.000,8859148,5654775,0,0,
GPU,2,0.000,0.000,0.000,8859148,5654775,0,0,
GPU,2,0.000,0.000,0.000,9764548,6299708,0,0,
GPU,2,0.000,0.000,0.000,9764548,6299708,0,0,
GPU,2,0.000,0.000,0.000,9764548,6299708,0,0,
GPU,2,0.000,0.000,0.000,10830954,6922878,0,0,
GPU,2,0.000,0.000,0.000,10830954,6922878,0,0,
GPU,2,0.000,0.000,0.000,10830954,6922878,0,0,
GPU,2,0.000,0.000,0.000,10478578,6873045,0,0,
GPU,2,0.000,0.000,0.000,10478578,6873045,0,0,
GPU,2,0.000,0.000,0.000,10478578,6873045,0,0,
GPU,2,0.000,0.000,0.000,10635965,6788914,0,0,
GPU,2,0.000,0.000,0.000,10635965,6788914,0,0,
GPU,2,0.000,0.000,0.000,10635965,6788914,0,0,
GPU,2,0.000,0.000,0.000,10207161,6585265,0,0,
GPU,2,0.000,0.000,0.000,10207161,6585265,0,0,
GPU,2,0.000,0.000,0.000,10207161,6585265,0,0,
GPU,2,0.000,0.000,0.000,10207161,6585265,0,0,
GPU,2,0.000,0.000,0.000,10363704,6686261,0,0,
GPU,2,0.000,0.000,0.000,10363704,6686261,0,0,
GPU,2,0.000,0.000,0.000,10363704,6686261,0,0,
GPU,2,0.000,0.000,0.000,13152563,7797591,0,0,
GPU,2,0.000,0.000,0.000,13152563,7797591,0,0,
GPU,2,0.000,0.000,0.000,13152563,7797591,0,0,
GPU,2,0.000,0.000,0.000,10493357,6769907,0,0,
GPU,2,0.000,0.000,0.000,10493357,6769907,0,0,
GPU,2,0.000,0.000,0.000,10493357,6769907,0,0,
GPU,2,0.000,0.000,0.000,10169839,6561186,0,0,
GPU,2,0.000,0.000,0.000,10169839,6561186,0,0,
GPU,2,0.000,0.000,0.000,10169839,6561186,0,0,
GPU,2,0.000,0.000,0.000,10339508,6670650,0,0,
GPU,2,0.000,0.000,0.000,10339508,6670650,0,0,
GPU,2,0.000,0.000,0.000,10339508,6670650,0,0,
GPU,2,0.000,0.000,0.000,10706369,6914530,0,0,
GPU,2,0.000,0.000,0.000,10706369,6914530,0,0,
GPU,2,0.000,0.000,0.000,10706369,6914530,0,0,
GPU,2,0.000,0.000,0.000,10706369,6914530,0,0,
GPU,2,0.000,0.000,0.000,10577396,6751529,0,0,
GPU,2,0.000,0.000,0.000,10577396,6751529,0,0,
GPU,2,0.000,0.000,0.000,10577396,6751529,0,0,
GPU,2,0.000,0.000,0.000,8771674,5598940,0,0,
GPU,2,0.000,0.000,0.000,8771674,5598940,0,0,
GPU,2,0.000,0.000,0.000,8771674,5598940,0,0,
GPU,2,0.000,0.000,0.000,10229183,6671206,0,0,
GPU,2,0.000,0.000,0.000,10229183,6671206,0,0,
GPU,2,0.000,0.000,0.000,10229183,6671206,0,0,
GPU,2,0.000,0.000,0.000,10826043,6919739,0,0,
GPU,2,0.000,0.000,0.000,10826043,6919739,0,0,
GPU,2,0.000,0.000,0.000,10826043,6919739,0,0,
GPU,2,0.000,0.000,0.000,10594235,6874982,0,0,
GPU,2,0.000,0.000,0.000,10594235,6874982,0,0,
GPU,2,0.000,0.000,0.000,10594235,6874982,0,0,
GPU,2,0.000,0.000,0.000,10594235,6874982,0,0,
GPU,2,0.000,0.000,0.000,9491773,6058578,0,0,
GPU,2,0.000,0.000,0.000,9491773,6058578,0,0,
GPU,2,0.000,0.000,0.000,9491773,6058578,0,0,
GPU,2,0.000,0.000,0.000,9608989,6199347,0,0,
GPU,2,0.000,0.000,0.000,9608989,6199347,0,0,
GPU,2,0.000,0.000,0.000,9608989,6199347,0,0,
GPU,2,0.000,0.000,0.000,10685663,6901157,0,0,
GPU,2,0.000,0.000,0.000,10685663,6901157,0,0,
GPU,2,0.000,0.000,0.000,10685663,6901157,0,0,
GPU,2,0.000,0.000,0.000,10716148,6880895,0,0,
GPU,2,0.000,0.000,0.000,10716148,6880895,0,0,
GPU,2,0.000,0.000,0.000,10716148,6880895,0,0,
GPU,2,0.000,0.000,0.000,10716148,6880895,0,0,
GPU,2,0.000,0.000,0.000,8606080,5552310,0,0,
GPU,2,0.000,0.000,0.000,8606080,5552310,0,0,
GPU,2,0.000,0.000,0.000,8606080,5552310,0,0,
GPU,2,0.000,0.000,0.000,9980347,6438934,0,0,
GPU,2,0.000,0.000,0.000,9980347,6438934,0,0,
GPU,2,0.000,0.000,0.000,9980347,6438934,0,0,
GPU,2,0.000,0.000,0.000,10939484,6920898,0,0,
GPU,2,0.000,0.000,0.000,10939484,6920898,0,0,
GPU,2,0.000,0.000,0.000,10939484,6920898,0,0,
GPU,2,0.000,0.000,0.000,10466563,6752621,0,0,
GPU,2,0.000,0.000,0.000,10466563,6752621,0,0,
GPU,2,0.000,0.000,0.000,10466563,6752621,0,0,
GPU,2,0.000,0.000,0.000,10608433,6771340,0,0,
GPU,2,0.000,0.000,0.000,10608433,6771340,0,0,
GPU,2,0.000,0.000,0.000,10608433,6771340,0,0,
GPU,2,0.000,0.000,0.000,10202962,6582556,0,0,
GPU,2,0.000,0.000,0.000,10202962,6582556,0,0,
GPU,2,0.000,0.000,0.000,10202962,6582556,0,0,
GPU,2,0.000,0.000,0.000,10202962,6582556,0,0,
GPU,2,0.000,0.000,0.000,10217751,6663751,0,0,
GPU,2,0.000,0.000,0.000,10217751,6663751,0,0,
GPU,2,0.000,0.000,0.000,10217751,6663751,0,0,
GPU,2,0.000,0.000,0.000,13166479,7805841,0,0,
GPU,2,0.000,0.000,0.000,13166479,7805841,0,0,
GPU,2,0.000,0.000,0.000,13166479,7805841,0,0,
GPU,2,0.000,0.000,0.000,10620943,6779325,0,0,
GPU,2,0.000,0.000,0.000,10620943,6779325,0,0,
GPU,2,0.000,0.000,0.000,10620943,6779325,0,0,
GPU,2,0.000,0.000,0.000,10185920,6571561,0,0,
GPU,2,0.000,0.000,0.000,10185920,6571561,0,0,
GPU,2,0.000,0.000,0.000,10185920,6571561,0,0,
GPU,2,0.000,0.000,0.000,10185920,6571561,0,0,
GPU,2,0.000,0.000,0.000,10235229,6675149,0,0,
GPU,2,0.000,0.000,0.000,10235229,6675149,0,0,
GPU,2,0.000,0.000,0.000,10235229,6675149,0,0,
GPU,2,0.000,0.000,0.000,10733077,6931779,0,0,
GPU,2,0.000,0.000,0.000,10733077,6931779,0,0,
GPU,2,0.000,0.000,0.000,10733077,6931779,0,0,
GPU,2,0.000,0.000,0.000,10588492,6758611,0,0,
GPU,2,0.000,0.000,0.000,10588492,6758611,0,0,
GPU,2,0.000,0.000,0.000,10588492,6758611,0,0,
GPU,2,0.000,0.000,0.000,8654785,5583732,0,0,
GPU,2,0.000,0.000,0.000,8654785,5583732,0,0,
GPU,2,0.000,0.000,0.000,8654785,5583732,0,0,
GPU,2,0.000,0.000,0.000,10464282,6679329,0,0,
GPU,2,0.000,0.000,0.000,10464282,6679329,0,0,
GPU,2,0.000,0.000,0.000,10464282,6679329,0,0,
GPU,2,0.000,0.000,0.000,10464282,6679329,0,0,
GPU,2,0.000,0.000,0.000,10812317,6910965,0,0,
GPU,2,0.000,0.000,0.000,10812317,6910965,0,0,
GPU,2,0.000,0.000,0.000,10812317,6910965,0,0,
GPU,2,0.000,0.000,0.000,10596773,6876629,0,0,
GPU,2,0.000,0.000,0.000,10596773,6876629,0,0,
GPU,2,0.000,0.000,0.000,10596773,6876629,0,0,
GPU,2,0.000,0.000,0.000,8495474,5474861,0,0,
GPU,2,0.000,0.000,0.000,8495474,5474861,0,0,
GPU,2,0.000,0.000,0.000,8495474,5474861,0,0,
GPU,2,0.000,0.000,0.000,10328180,6592455,0,0,
GPU,2,0.000,0.000,0.000,10328180,6592455,0,0,
GPU,2,0.000,0.000,0.000,10328180,6592455,0,0,
GPU,2,0.000,0.000,0.000,10328180,6592455,0,0,
GPU,2,0.000,0.000,0.000,10812392,7022481,0,0,
GPU,2,0.000,0.000,0.000,10812392,7022481,0,0,
GPU,2,0.000,0.000,0.000,10812392,7022481,0,0,
GPU,2,0.000,0.000,0.000,10583797,6755615,0,0,
GPU,2,0.000,0.000,0.000,10583797,6755615,0,0,
GPU,2,0.000,0.000,0.000,10583797,6755615,0,0,
GPU,2,0.000,0.000,0.000,8542739,5511444,0,0,
GPU,2,0.000,0.000,0.000,8542739,5511444,0,0,
GPU,2,0.000,0.000,0.000,8542739,5511444,0,0,
GPU,2,0.000,0.000,0.000,8542739,5511444,0,0,
GPU,2,0.000,0.000,0.000,8542739,5511444,0,0,
GPU,2,0.000,0.000,0.000,8542739,5511444,0,0,
GPU,2,0.000,0.000,0.000,6227414,3884992,0,0,
GPU,2,0.000,0.000,0.000,6227414,3884992,0,0,
GPU,2,0.000,0.000,0.000,6227414,3884992,0,0,
GPU,2,0.000,0.000,0.000,10577694,6864248,0,0,
GPU,2,0.000,0.000,0.000,10577694,6864248,0,0,
GPU,2,0.000,0.000,0.000,10577694,6864248,0,0,
GPU,2,0.000,0.000,0.000,10577694,6864248,0,0,
GPU,2,0.000,0.000,0.000,10507138,6778799,0,0,
GPU,2,0.000,0.000,0.000,10507138,6778799,0,0,
GPU,2,0.000,0.000,0.000,10507138,6778799,0,0,
GPU,2,0.000,0.000,0.000,10216552,6591324,0,0,
GPU,2,0.000,0.000,0.000,10216552,6591324,0,0,
GPU,2,0.000,0.000,0.000,10216552,6591324,0,0,
GPU,2,0.000,0.000,0.000,10341951,6561023,0,0,
GPU,2,0.000,0.000,0.000,10341951,6561023,0,0,
GPU,2,0.000,0.000,0.000,10341951,6561023,0,0,
GPU,2,0.000,0.000,0.000,10715107,6920173,0,0,
GPU,2,0.000,0.000,0.000,10715107,6920173,0,0,
GPU,2,0.000,0.000,0.000,10715107,6920173,0,0,
GPU,2,0.000,0.000,0.000,10599835,6878616,0,0,
GPU,2,0.000,0.000,0.000,10599835,6878616,0,0,
GPU,2,0.000,0.000,0.000,10599835,6878616,0,0,
GPU,2,0.000,0.000,0.000,10599835,6878616,0,0,
GPU,2,0.000,0.000,0.000,8044286,5189862,0,0,
GPU,2,0.000,0.000,0.000,8044286,5189862,0,0,
GPU,2,0.000,0.000,0.000,8044286,5189862,0,0,
GPU,2,0.000,0.000,0.000,10080699,6434488,0,0,
GPU,2,0.000,0.000,0.000,10080699,6434488,0,0,
GPU,2,0.000,0.000,0.000,10080699,6434488,0,0,
GPU,2,0.000,0.000,0.000,10748775,6941917,0,0,
GPU,2,0.000,0.000,0.000,10748775,6941917,0,0,
GPU,2,0.000,0.000,0.000,10748775,6941917,0,0,
GPU,2,0.000,0.000,0.000,10748775,6941917,0,0,
GPU,2,0.000,0.000,0.000,10592668,6761277,0,0,
GPU,2,0.000,0.000,0.000,10592668,6761277,0,0,
GPU,2,0.000,0.000,0.000,10592668,6761277,0,0,
GPU,2,0.000,0.000,0.000,8472018,5465818,0,0,
GPU,2,0.000,0.000,0.000,8472018,5465818,0,0,
GPU,2,0.000,0.000,0.000,8472018,5465818,0,0,
GPU,2,0.000,0.000,0.000,8472018,5465818,0,0,
GPU,2,0.000,0.000,0.000,8969144,5724985,0,0,
GPU,2,0.000,0.000,0.000,8969144,5724985,0,0,
GPU,2,0.000,0.000,0.000,8969144,5724985,0,0,
GPU,2,0.000,0.000,0.000,8969144,5724985,0,0,
GPU,2,0.000,0.000,0.000,8969144,5724985,0,0,
GPU,2,0.000,0.000,0.000,8969144,5724985,0,0,
GPU,2,0.000,0.000,0.000,8969144,5724985,0,0,
GPU,2,0.000,0.000,0.000,10912077,7237602,0,0,
GPU,2,0.000,0.000,0.000,10912077,7237602,0,0,
GPU,2,0.000,0.000,0.000,10912077,7237602,0,0,
GPU,2,0.000,0.000,0.000,10912077,7237602,0,0,
GPU,2,0.000,0.000,0.000,12301609,9489812,8237,8237,
GPU,2,0.000,0.000,0.000,12301609,9489812,8237,8237,
GPU,2,0.000,0.000,0.000,12301609,9489812,8237,8237,
GPU,2,0.000,0.000,0.000,10175302,6525465,0,0,
GPU,2,0.000,0.000,0.000,10175302,6525465,0,0,
GPU,2,0.000,0.000,0.000,10175302,6525465,0,0,
GPU,2,0.000,0.000,0.000,12707266,7760162,0,0,
GPU,2,0.000,0.000,0.000,12707266,7760162,0,0,
GPU,2,0.000,0.000,0.000,12707266,7760162,0,0,
GPU,2,0.000,0.000,0.000,12707266,7760162,0,0,
GPU,2,0.000,0.000,0.000,10492691,6769478,0,0,
GPU,2,0.000,0.000,0.000,10492691,6769478,0,0,
GPU,2,0.000,0.000,0.000,10492691,6769478,0,0,
GPU,2,0.000,0.000,0.000,9070737,5852088,0,0,
GPU,2,0.000,0.000,0.000,9070737,5852088,0,0,
GPU,2,0.000,0.000,0.000,9070737,5852088,0,0,
GPU,2,0.000,0.000,0.000,10563478,7005253,20848,20848,
GPU,2,0.000,0.000,0.000,10563478,7005253,20848,20848,
GPU,2,0.000,0.000,0.000,10563478,7005253,20848,20848,
GPU,2,0.000,0.000,0.000,10563478,7005253,20848,20848,
GPU,2,0.000,0.000,0.000,12540251,7582477,0,0,
GPU,2,0.000,0.000,0.000,12540251,7582477,0,0,
GPU,2,0.000,0.000,0.000,12540251,7582477,0,0,
GPU,2,0.000,0.000,0.000,10500762,6774685,0,0,
GPU,2,0.000,0.000,0.000,10500762,6774685,0,0,
GPU,2,0.000,0.000,0.000,10500762,6774685,0,0,
GPU,2,0.000,0.000,0.000,9742938,6285766,0,0,
GPU,2,0.000,0.000,0.000,9742938,6285766,0,0,
GPU,2,0.000,0.000,0.000,9742938,6285766,0,0,
GPU,2,0.000,0.000,0.000,10353248,6679515,0,0,
GPU,2,0.000,0.000,0.000,10353248,6679515,0,0,
GPU,2,0.000,0.000,0.000,10353248,6679515,0,0,
GPU,2,0.000,0.000,0.000,10824458,6918725,0,0,
GPU,2,0.000,0.000,0.000,10824458,6918725,0,0,
GPU,2,0.000,0.000,0.000,10824458,6918725,0,0,
GPU,2,0.000,0.000,0.000,10824458,6918725,0,0,
GPU,2,0.000,0.000,0.000,10695337,7205280,21109,21109,
GPU,2,0.000,0.000,0.000,10695337,7205280,21109,21109,
GPU,2,0.000,0.000,0.000,10695337,7205280,21109,21109,
GPU,2,0.000,0.000,0.000,8651434,5522192,0,0,
GPU,2,0.000,0.000,0.000,8651434,5522192,0,0,
GPU,2,0.000,0.000,0.000,8651434,5522192,0,0,
GPU,2,0.000,0.000,0.000,8651434,5522192,0,0,
GPU,2,0.000,0.000,0.000,8836471,5700949,0,0,
GPU,2,0.000,0.000,0.000,8836471,5700949,0,0,
GPU,2,0.000,0.000,0.000,8836471,5700949,0,0,
GPU,2,0.000,0.000,0.000,10713687,6919256,0,0,
GPU,2,0.000,0.000,0.000,10713687,6919256,0,0,
GPU,2,0.000,0.000,0.000,10713687,6919256,0,0,
GPU,2,0.000,0.000,0.000,10713687,6919256,0,0,
GPU,2,0.000,0.000,0.000,10585958,6869611,0,0,
GPU,2,0.000,0.000,0.000,10585958,6869611,0,0,
GPU,2,0.000,0.000,0.000,10585958,6869611,0,0,
GPU,2,0.000,0.000,0.000,8305239,5595108,16391,16391,
GPU,2,0.000,0.000,0.000,8305239,5595108,16391,16391,
GPU,2,0.000,0.000,0.000,8305239,5595108,16391,16391,
GPU,2,0.000,0.000,0.000,9306107,6003940,0,0,
GPU,2,0.000,0.000,0.000,9306107,6003940,0,0,
GPU,2,0.000,0.000,0.000,9306107,6003940,0,0,
GPU,2,0.000,0.000,0.000,10916103,6906106,0,0,
GPU,2,0.000,0.000,0.000,10916103,6906106,0,0,
GPU,2,0.000,0.000,0.000,10916103,6906106,0,0,
GPU,2,0.000,0.000,0.000,10916103,6906106,0,0,
GPU,2,0.000,0.000,0.000,10478578,6873045,0,0,
GPU,2,0.000,0.000,0.000,10478578,6873045,0,0,
GPU,2,0.000,0.000,0.000,10478578,6873045,0,0,
GPU,2,0.000,0.000,0.000,8191862,5432497,16168,16168,
GPU,2,0.000,0.000,0.000,8191862,5432497,16168,16168,
GPU,2,0.000,0.000,0.000,8191862,5432497,16168,16168,
GPU,2,0.000,0.000,0.000,8191862,5432497,16168,16168,
GPU,2,0.000,0.000,0.000,8836471,5700949,0,0,
GPU,2,0.000,0.000,0.000,8836471,5700949,0,0,
GPU,2,0.000,0.000,0.000,8836471,5700949,0,0,
GPU,2,0.000,0.000,0.000,10820760,6916362,0,0,
GPU,2,0.000,0.000,0.000,10820760,6916362,0,0,
GPU,2,0.000,0.000,0.000,10820760,6916362,0,0,
GPU,2,0.000,0.000,0.000,10820760,6916362,0,0,
GPU,2,0.000,0.000,0.000,10820760,6916362,0,0,
GPU,2,0.000,0.000,0.000,10589312,6871787,0,0,
GPU,2,0.000,0.000,0.000,10589312,6871787,0,0,
GPU,2,0.000,0.000,0.000,10589312,6871787,0,0,
GPU,2,0.000,0.000,0.000,6838612,4412008,0,0,
GPU,2,0.000,0.000,0.000,6838612,4412008,0,0,
GPU,2,0.000,0.000,0.000,6838612,4412008,0,0,
GPU,2,0.000,0.000,0.000,10520268,7087338,20763,20763,
GPU,2,0.000,0.000,0.000,10520268,7087338,20763,20763,
GPU,2,0.000,0.000,0.000,10520268,7087338,20763,20763,
GPU,2,0.000,0.000,0.000,12524311,7514586,0,0,
GPU,2,0.000,0.000,0.000,12524311,7514586,0,0,
GPU,2,0.000,0.000,0.000,12524311,7514586,0,0,
GPU,2,0.000,0.000,0.000,12524311,7514586,0,0,
GPU,2,0.000,0.000,0.000,10516272,6784692,0,0,
GPU,2,0.000,0.000,0.000,10516272,6784692,0,0,
GPU,2,0.000,0.000,0.000,10516272,6784692,0,0,
GPU,2,0.000,0.000,0.000,10301299,6575297,0,0,
GPU,2,0.000,0.000,0.000,10301299,6575297,0,0,
GPU,2,0.000,0.000,0.000,10301299,6575297,0,0,
GPU,2,0.000,0.000,0.000,10301299,6575297,0,0,
GPU,2,0.000,0.000,0.000,10343748,6673386,0,0,
GPU,2,0.000,0.000,0.000,10343748,6673386,0,0,
GPU,2,0.000,0.000,0.000,10343748,6673386,0,0,
GPU,2,0.000,0.000,0.000,10343748,6673386,0,0,
GPU,2,0.000,0.000,0.000,7934957,4989405,11271,11271,
GPU,2,0.000,0.000,0.000,7934957,4989405,11271,11271,
GPU,2,0.000,0.000,0.000,7934957,4989405,11271,11271,
GPU,2,0.000,0.000,0.000,9484170,6118819,0,0,
GPU,2,0.000,0.000,0.000,9484170,6118819,0,0,
GPU,2,0.000,0.000,0.000,9484170,6118819,0,0,
GPU,2,0.000,0.000,0.000,9484170,6118819,0,0,
GPU,2,0.000,0.000,0.000,8566198,5526579,0,0,
GPU,2,0.000,0.000,0.000,8566198,5526579,0,0,
GPU,2,0.000,0.000,0.000,8566198,5526579,0,0,
GPU,2,0.000,0.000,0.000,10822269,6917326,0,0,
GPU,2,0.000,0.000,0.000,10822269,6917326,0,0,
GPU,2,0.000,0.000,0.000,10822269,6917326,0,0,
GPU,2,0.000,0.000,0.000,10570259,6859423,0,0,
GPU,2,0.000,0.000,0.000,10570259,6859423,0,0,
GPU,2,0.000,0.000,0.000,10570259,6859423,0,0,
GPU,2,0.000,0.000,0.000,10179770,6822612,20305,20305,
GPU,2,0.000,0.000,0.000,10179770,6822612,20305,20305,
GPU,2,0.000,0.000,0.000,10179770,6822612,20305,20305,
GPU,2,0.000,0.000,0.000,10179770,6822612,20305,20305,
GPU,2,0.000,0.000,0.000,10179770,6822612,20305,20305,
GPU,2,0.000,0.000,0.000,6483066,4182623,0,0,
GPU,2,0.000,0.000,0.000,6483066,4182623,0,0,
GPU,2,0.000,0.000,0.000,6483066,4182623,0,0,
GPU,2,0.000,0.000,0.000,10743184,6796708,0,0,
GPU,2,0.000,0.000,0.000,10743184,6796708,0,0,
GPU,2,0.000,0.000,0.000,10743184,6796708,0,0,
GPU,2,0.000,0.000,0.000,10743184,6796708,0,0,
GPU,2,0.000,0.000,0.000,10585883,6869562,0,0,
GPU,2,0.000,0.000,0.000,10585883,6869562,0,0,
GPU,2,0.000,0.000,0.000,10585883,6869562,0,0,
GPU,2,0.000,0.000,0.000,8106461,5433054,16169,16169,
GPU,2,0.000,0.000,0.000,8106461,5433054,16169,16169,
GPU,2,0.000,0.000,0.000,8106461,5433054,16169,16169,
GPU,2,0.000,0.000,0.000,8106461,5433054,16169,16169,
GPU,2,0.000,0.000,0.000,9613924,6233203,0,0,
GPU,2,0.000,0.000,0.000,9613924,6233203,0,0,
GPU,2,0.000,0.000,0.000,9613924,6233203,0,0,
GPU,2,0.000,0.000,0.000,10813899,7023460,0,0,
GPU,2,0.000,0.000,0.000,10813899,7023460,0,0,
GPU,2,0.000,0.000,0.000,10813899,7023460,0,0,
GPU,2,0.000,0.000,0.000,10813899,7023460,0,0,
GPU,2,0.000,0.000,0.000,10813899,7023460,0,0,
GPU,2,0.000,0.000,0.000,10448072,6668982,0,0,
GPU,2,0.000,0.000,0.000,10448072,6668982,0,0,
GPU,2,0.000,0.000,0.000,10448072,6668982,0,0,
GPU,2,0.000,0.000,0.000,6227166,4017526,0,0,
GPU,2,0.000,0.000,0.000,6227166,4017526,0,0,
GPU,2,0.000,0.000,0.000,6227166,4017526,0,0,
GPU,2,0.000,0.000,0.000,10766586,7142190,19987,19987,
GPU,2,0.000,0.000,0.000,10766586,7142190,19987,19987,
GPU,2,0.000,0.000,0.000,10766586,7142190,19987,19987,
GPU,2,0.000,0.000,0.000,10663448,6847056,0,0,
GPU,2,0.000,0.000,0.000,10663448,6847056,0,0,
GPU,2,0.000,0.000,0.000,10663448,6847056,0,0,
GPU,2,0.000,0.000,0.000,10476954,6759325,0,0,
GPU,2,0.000,0.000,0.000,10476954,6759325,0,0,
GPU,2,0.000,0.000,0.000,10476954,6759325,0,0,
GPU,2,0.000,0.000,0.000,10175820,6565045,0,0,
GPU,2,0.000,0.000,0.000,10175820,6565045,0,0,
GPU,2,0.000,0.000,0.000,10175820,6565045,0,0,
GPU,2,0.000,0.000,0.000,10321435,6658990,0,0,
GPU,2,0.000,0.000,0.000,10321435,6658990,0,0,
GPU,2,0.000,0.000,0.000,10321435,6658990,0,0,
GPU,2,0.000,0.000,0.000,10844653,6931633,0,0,
GPU,2,0.000,0.000,0.000,10844653,6931633,0,0,
GPU,2,0.000,0.000,0.000,10844653,6931633,0,0,
GPU,2,0.000,0.000,0.000,10844653,6931633,0,0,
GPU,2,0.000,0.000,0.000,10702491,7210099,21123,21123,
GPU,2,0.000,0.000,0.000,10702491,7210099,21123,21123,
GPU,2,0.000,0.000,0.000,10702491,7210099,21123,21123,
GPU,2,0.000,0.000,0.000,8598074,5547144,0,0,
GPU,2,0.000,0.000,0.000,8598074,5547144,0,0,
GPU,2,0.000,0.000,0.000,8598074,5547144,0,0,
GPU,2,0.000,0.000,0.000,9998051,6450355,0,0,
GPU,2,0.000,0.000,0.000,9998051,6450355,0,0,
GPU,2,0.000,0.000,0.000,9998051,6450355,0,0,
GPU,2,0.000,0.000,0.000,9998051,6450355,0,0,
GPU,2,0.000,0.000,0.000,10852160,6936432,0,0,
GPU,2,0.000,0.000,0.000,10852160,6936432,0,0,
GPU,2,0.000,0.000,0.000,10852160,6936432,0,0,
GPU,2,0.000,0.000,0.000,10603721,6768332,0,0,
GPU,2,0.000,0.000,0.000,10603721,6768332,0,0,
GPU,2,0.000,0.000,0.000,10603721,6768332,0,0,
GPU,2,0.000,0.000,0.000,10455408,7118575,20855,20855,
GPU,2,0.000,0.000,0.000,10455408,7118575,20855,20855,
GPU,2,0.000,0.000,0.000,10455408,7118575,20855,20855,
GPU,2,0.000,0.000,0.000,10365076,6687146,0,0,
GPU,2,0.000,0.000,0.000,10365076,6687146,0,0,
GPU,2,0.000,0.000,0.000,10365076,6687146,0,0,
GPU,2,0.000,0.000,0.000,10688705,6831955,0,0,
GPU,2,0.000,0.000,0.000,10688705,6831955,0,0,
GPU,2,0.000,0.000,0.000,10688705,6831955,0,0,
GPU,2,0.000,0.000,0.000,10569665,6859038,0,0,
GPU,2,0.000,0.000,0.000,10569665,6859038,0,0,
GPU,2,0.000,0.000,0.000,10569665,6859038,0,0,
GPU,2,0.000,0.000,0.000,10569665,6859038,0,0,
GPU,2,0.000,0.000,0.000,9115482,5818393,0,0,
GPU,2,0.000,0.000,0.000,9115482,5818393,0,0,
GPU,2,0.000,0.000,0.000,9115482,5818393,0,0,
GPU,2,0.000,0.000,0.000,10441181,6997813,20826,20826,
GPU,2,0.000,0.000,0.000,10441181,6997813,20826,20826,
GPU,2,0.000,0.000,0.000,10441181,6997813,20826,20826,
GPU,2,0.000,0.000,0.000,11245314,7080383,0,0,
GPU,2,0.000,0.000,0.000,11245314,7080383,0,0,
GPU,2,0.000,0.000,0.000,11245314,7080383,0,0,
GPU,2,0.000,0.000,0.000,10582085,6754522,0,0,
GPU,2,0.000,0.000,0.000,10582085,6754522,0,0,
GPU,2,0.000,0.000,0.000,10582085,6754522,0,0,
GPU,2,0.000,0.000,0.000,10478578,6873045,0,0,
GPU,2,0.000,0.000,0.000,10478578,6873045,0,0,
GPU,2,0.000,0.000,0.000,10478578,6873045,0,0,
GPU,2,0.000,0.000,0.000,10253683,6544904,0,0,
GPU,2,0.000,0.000,0.000,10253683,6544904,0,0,
GPU,2,0.000,0.000,0.000,10253683,6544904,0,0,
GPU,2,0.000,0.000,0.000,10459334,7121249,20863,20863,
GPU,2,0.000,0.000,0.000,10459334,7121249,20863,20863,
GPU,2,0.000,0.000,0.000,10459334,7121249,20863,20863,
GPU,2,0.000,0.000,0.000,10459334,7121249,20863,20863,
GPU,2,0.000,0.000,0.000,10710774,6805804,0,0,
GPU,2,0.000,0.000,0.000,10710774,6805804,0,0,
GPU,2,0.000,0.000,0.000,10710774,6805804,0,0,
GPU,2,0.000,0.000,0.000,10585660,6869417,0,0,
GPU,2,0.000,0.000,0.000,10585660,6869417,0,0,
GPU,2,0.000,0.000,0.000,10585660,6869417,0,0,
GPU,2,0.000,0.000,0.000,8815270,5687271,0,0,
GPU,2,0.000,0.000,0.000,8815270,5687271,0,0,
GPU,2,0.000,0.000,0.000,8815270,5687271,0,0,
GPU,2,0.000,0.000,0.000,10025130,6467825,0,0,
GPU,2,0.000,0.000,0.000,10025130,6467825,0,0,
GPU,2,0.000,0.000,0.000,10025130,6467825,0,0,
GPU,2,0.000,0.000,0.000,10025130,6467825,0,0,
GPU,2,0.000,0.000,0.000,10725957,6927180,0,0,
GPU,2,0.000,0.000,0.000,10725957,6927180,0,0,
GPU,2,0.000,0.000,0.000,10725957,6927180,0,0,
GPU,2,0.000,0.000,0.000,10693230,7203860,21105,21105,
GPU,2,0.000,0.000,0.000,10693230,7203860,21105,21105,
GPU,2,0.000,0.000,0.000,10693230,7203860,21105,21105,
GPU,2,0.000,0.000,0.000,9928737,6405636,0,0,
GPU,2,0.000,0.000,0.000,9928737,6405636,0,0,
GPU,2,0.000,0.000,0.000,9928737,6405636,0,0,
GPU,2,0.000,0.000,0.000,10462172,6677982,0,0,
GPU,2,0.000,0.000,0.000,10462172,6677982,0,0,
GPU,2,0.000,0.000,0.000,10462172,6677982,0,0,
GPU,2,0.000,0.000,0.000,10578949,6832238,0,0,
GPU,2,0.000,0.000,0.000,10578949,6832238,0,0,
GPU,2,0.000,0.000,0.000,10578949,6832238,0,0,
GPU,2,0.000,0.000,0.000,10601179,6766710,0,0,
GPU,2,0.000,0.000,0.000,10601179,6766710,0,0,
GPU,2,0.000,0.000,0.000,10601179,6766710,0,0,
GPU,2,0.000,0.000,0.000,10601179,6766710,0,0,
GPU,2,0.000,0.000,0.000,9001945,6128983,17956,17956,
GPU,2,0.000,0.000,0.000,9001945,6128983,17956,17956,
GPU,2,0.000,0.000,0.000,9001945,6128983,17956,17956,
GPU,2,0.000,0.000,0.000,10463846,6679050,0,0,
GPU,2,0.000,0.000,0.000,10463846,6679050,0,0,
GPU,2,0.000,0.000,0.000,10463846,6679050,0,0,
GPU,2,0.000,0.000,0.000,12463299,7573851,0,0,
GPU,2,0.000,0.000,0.000,12463299,7573851,0,0,
GPU,2,0.000,0.000,0.000,12463299,7573851,0,0,
GPU,2,0.000,0.000,0.000,12463299,7573851,0,0,
GPU,2,0.000,0.000,0.000,10585362,6756614,0,0,
GPU,2,0.000,0.000,0.000,10585362,6756614,0,0,
GPU,2,0.000,0.000,0.000,10585362,6756614,0,0,
GPU,2,0.000,0.000,0.000,9034334,5828602,0,0,
GPU,2,0.000,0.000,0.000,9034334,5828602,0,0,
GPU,2,0.000,0.000,0.000,9034334,5828602,0,0,
GPU,2,0.000,0.000,0.000,10451557,7115953,20847,20847,
GPU,2,0.000,0.000,0.000,10451557,7115953,20847,20847,
GPU,2,0.000,0.000,0.000,10451557,7115953,20847,20847,
GPU,2,0.000,0.000,0.000,10451557,7115953,20847,20847,
GPU,2,0.000,0.000,0.000,12903597,7742158,0,0,
GPU,2,0.000,0.000,0.000,12903597,7742158,0,0,
GPU,2,0.000,0.000,0.000,12903597,7742158,0,0,
GPU,2,0.000,0.000,0.000,10588566,6758659,0,0,
GPU,2,0.000,0.000,0.000,10588566,6758659,0,0,
GPU,2,0.000,0.000,0.000,10588566,6758659,0,0,
GPU,2,0.000,0.000,0.000,10588566,6758659,0,0,
GPU,2,0.000,0.000,0.000,8803558,5619292,0,0,
GPU,2,0.000,0.000,0.000,8803558,5619292,0,0,
GPU,2,0.000,0.000,0.000,8803558,5619292,0,0,
GPU,2,0.000,0.000,0.000,10290669,6639141,0,0,
GPU,2,0.000,0.000,0.000,10290669,6639141,0,0,
GPU,2,0.000,0.000,0.000,10290669,6639141,0,0,
GPU,2,0.000,0.000,0.000,11557338,7532908,19348,19348,
GPU,2,0.000,0.000,0.000,11557338,7532908,19348,19348,
GPU,2,0.000,0.000,0.000,11557338,7532908,19348,19348,
GPU,2,0.000,0.000,0.000,10592146,6873626,0,0,
GPU,2,0.000,0.000,0.000,10592146,6873626,0,0,
GPU,2,0.000,0.000,0.000,10592146,6873626,0,0,
GPU,2,0.000,0.000,0.000,10520361,6787330,0,0,
GPU,2,0.000,0.000,0.000,10520361,6787330,0,0,
GPU,2,0.000,0.000,0.000,10520361,6787330,0,0,
GPU,2,0.000,0.000,0.000,10305393,6577910,0,0,
GPU,2,0.000,0.000,0.000,10305393,6577910,0,0,
GPU,2,0.000,0.000,0.000,10305393,6577910,0,0,
GPU,2,0.000,0.000,0.000,10290029,6638728,0,0,
GPU,2,0.000,0.000,0.000,10290029,6638728,0,0,
GPU,2,0.000,0.000,0.000,10290029,6638728,0,0,
GPU,2,0.000,0.000,0.000,10290029,6638728,0,0,
GPU,2,0.000,0.000,0.000,10713837,6807750,0,0,
GPU,2,0.000,0.000,0.000,10713837,6807750,0,0,
GPU,2,0.000,0.000,0.000,10713837,6807750,0,0,
GPU,2,0.000,0.000,0.000,10675356,7191819,21069,21069,
GPU,2,0.000,0.000,0.000,10675356,7191819,21069,21069,
GPU,2,0.000,0.000,0.000,10675356,7191819,21069,21069,
GPU,2,0.000,0.000,0.000,8942253,5769196,0,0,
GPU,2,0.000,0.000,0.000,8942253,5769196,0,0,
GPU,2,0.000,0.000,0.000,8942253,5769196,0,0,
GPU,2,0.000,0.000,0.000,8942253,5769196,0,0,
GPU,2,0.000,0.000,0.000,9675572,6175897,0,0,
GPU,2,0.000,0.000,0.000,9675572,6175897,0,0,
GPU,2,0.000,0.000,0.000,9675572,6175897,0,0,
GPU,2,0.000,0.000,0.000,10518144,6825604,0,0,
GPU,2,0.000,0.000,0.000,10518144,6825604,0,0,
GPU,2,0.000,0.000,0.000,10518144,6825604,0,0,
GPU,2,0.000,0.000,0.000,10482785,6763087,0,0,
GPU,2,0.000,0.000,0.000,10482785,6763087,0,0,
GPU,2,0.000,0.000,0.000,10482785,6763087,0,0,
GPU,2,0.000,0.000,0.000,10482785,6763087,0,0,
GPU,2,0.000,0.000,0.000,10482785,6763087,0,0,
GPU,2,0.000,0.000,0.000,15139482,8290669,16896,16896,
GPU,2,0.000,0.000,0.000,15139482,8290669,16896,16896,
GPU,2,0.000,0.000,0.000,15139482,8290669,16896,16896,
GPU,2,0.000,0.000,0.000,15139482,8290669,16896,16896,
GPU,2,0.000,0.000,0.000,13305815,7788770,0,0,
GPU,2,0.000,0.000,0.000,13305815,7788770,0,0,
GPU,2,0.000,0.000,0.000,13305815,7788770,0,0,
GPU,2,0.000,0.000,0.000,14918339,8513182,0,0,
GPU,2,0.000,0.000,0.000,14918339,8513182,0,0,
GPU,2,0.000,0.000,0.000,14918339,8513182,0,0,
GPU,2,0.000,0.000,0.000,14918339,8513182,0,0,
GPU,2,0.000,0.000,0.000,9090298,5864708,0,0,
GPU,2,0.000,0.000,0.000,9090298,5864708,0,0,
GPU,2,0.000,0.000,0.000,9090298,5864708,0,0,
GPU,2,0.000,0.000,0.000,10565240,7117635,20852,20852,
GPU,2,0.000,0.000,0.000,10565240,7117635,20852,20852,
GPU,2,0.000,0.000,0.000,10565240,7117635,20852,20852,
GPU,2,0.000,0.000,0.000,12720261,7594185,0,0,
GPU,2,0.000,0.000,0.000,12720261,7594185,0,0,
GPU,2,0.000,0.000,0.000,12720261,7594185,0,0,
GPU,2,0.000,0.000,0.000,10239603,6638864,0,0,
GPU,2,0.000,0.000,0.000,10239603,6638864,0,0,
GPU,2,0.000,0.000,0.000,10239603,6638864,0,0,
GPU,2,0.000,0.000,0.000,10239603,6638864,0,0,
GPU,2,0.000,0.000,0.000,8720623,5626208,0,0,
GPU,2,0.000,0.000,0.000,8720623,5626208,0,0,
GPU,2,0.000,0.000,0.000,8720623,5626208,0,0,
GPU,2,0.000,0.000,0.000,10330392,6664769,0,0,
GPU,2,0.000,0.000,0.000,10330392,6664769,0,0,
GPU,2,0.000,0.000,0.000,10330392,6664769,0,0,
GPU,2,0.000,0.000,0.000,10330392,6664769,0,0,
GPU,2,0.000,0.000,0.000,12116246,7647139,18621,18621,
GPU,2,0.000,0.000,0.000,12116246,7647139,18621,18621,
GPU,2,0.000,0.000,0.000,12116246,7647139,18621,18621,
GPU,2,0.000,0.000,0.000,10579033,6865117,0,0,
GPU,2,0.000,0.000,0.000,10579033,6865117,0,0,
GPU,2,0.000,0.000,0.000,10579033,6865117,0,0,
GPU,2,0.000,0.000,0.000,10522593,6788770,0,0,
GPU,2,0.000,0.000,0.000,10522593,6788770,0,0,
GPU,2,0.000,0.000,0.000,10522593,6788770,0,0,
GPU,2,0.000,0.000,0.000,10196599,6578451,0,0,
GPU,2,0.000,0.000,0.000,10196599,6578451,0,0,
GPU,2,0.000,0.000,0.000,10196599,6578451,0,0,
GPU,2,0.000,0.000,0.000,10196599,6578451,0,0,
GPU,2,0.000,0.000,0.000,10369988,6690315,0,0,
GPU,2,0.000,0.000,0.000,10369988,6690315,0,0,
GPU,2,0.000,0.000,0.000,10369988,6690315,0,0,
GPU,2,0.000,0.000,0.000,10369988,6690315,0,0,
GPU,2,0.000,0.000,0.000,10369988,6690315,0,0,
GPU,2,0.000,0.000,0.000,10369988,6690315,0,0,
GPU,2,0.000,0.000,0.000,13342985,8154046,17373,17373,
GPU,2,0.000,0.000,0.000,13342985,8154046,17373,17373,
GPU,2,0.000,0.000,0.000,13342985,8154046,17373,17373,
GPU,2,0.000,0.000,0.000,5298428,3418340,0,0,
GPU,2,0.000,0.000,0.000,5298428,3418340,0,0,
GPU,2,0.000,0.000,0.000,5298428,3418340,0,0,
GPU,2,0.000,0.000,0.000,10028373,6469918,0,0,
GPU,2,0.000,0.000,0.000,10028373,6469918,0,0,
GPU,2,0.000,0.000,0.000,10028373,6469918,0,0,
GPU,2,0.000,0.000,0.000,10863630,6943763,0,0,
GPU,2,0.000,0.000,0.000,10863630,6943763,0,0,
GPU,2,0.000,0.000,0.000,10863630,6943763,0,0,
GPU,2,0.000,0.000,0.000,10548242,6845135,0,0,
GPU,2,0.000,0.000,0.000,10548242,6845135,0,0,
GPU,2,0.000,0.000,0.000,10548242,6845135,0,0,
GPU,2,0.000,0.000,0.000,10470110,7017201,20884,20884,
GPU,2,0.000,0.000,0.000,10470110,7017201,20884,20884,
GPU,2,0.000,0.000,0.000,10470110,7017201,20884,20884,
GPU,2,0.000,0.000,0.000,10374760,6693393,0,0,
GPU,2,0.000,0.000,0.000,10374760,6693393,0,0,
GPU,2,0.000,0.000,0.000,10374760,6693393,0,0,
GPU,2,0.000,0.000,0.000,10374760,6693393,0,0,
GPU,2,0.000,0.000,0.000,13848842,8136194,0,0,
GPU,2,0.000,0.000,0.000,13848842,8136194,0,0,
GPU,2,0.000,0.000,0.000,13848842,8136194,0,0,
GPU,2,0.000,0.000,0.000,10599984,6765947,0,0,
GPU,2,0.000,0.000,0.000,10599984,6765947,0,0,
GPU,2,0.000,0.000,0.000,10599984,6765947,0,0,
GPU,2,0.000,0.000,0.000,10356563,6681653,0,0,
GPU,2,0.000,0.000,0.000,10356563,6681653,0,0,
GPU,2,0.000,0.000,0.000,10356563,6681653,0,0,
GPU,2,0.000,0.000,0.000,10570603,7121249,20863,20863,
GPU,2,0.000,0.000,0.000,10570603,7121249,20863,20863,
GPU,2,0.000,0.000,0.000,10570603,7121249,20863,20863,
GPU,2,0.000,0.000,0.000,10548943,6812859,0,0,
GPU,2,0.000,0.000,0.000,10548943,6812859,0,0,
GPU,2,0.000,0.000,0.000,10548943,6812859,0,0,
GPU,2,0.000,0.000,0.000,10593115,6761563,0,0,
GPU,2,0.000,0.000,0.000,10593115,6761563,0,0,
GPU,2,0.000,0.000,0.000,10593115,6761563,0,0,
GPU,2,0.000,0.000,0.000,10593115,6761563,0,0,
GPU,2,0.000,0.000,0.000,10490102,6767807,0,0,
GPU,2,0.000,0.000,0.000,10490102,6767807,0,0,
GPU,2,0.000,0.000,0.000,10490102,6767807,0,0,
GPU,2,0.000,0.000,0.000,8633844,5570222,0,0,
GPU,2,0.000,0.000,0.000,8633844,5570222,0,0,
GPU,2,0.000,0.000,0.000,8633844,5570222,0,0,
GPU,2,0.000,0.000,0.000,8633844,5570222,0,0,
GPU,2,0.000,0.000,0.000,11855098,7571323,18679,18679,
GPU,2,0.000,0.000,0.000,11855098,7571323,18679,18679,
GPU,2,0.000,0.000,0.000,11855098,7571323,18679,18679,
GPU,2,0.000,0.000,0.000,10375037,6766329,0,0,
GPU,2,0.000,0.000,0.000,10375037,6766329,0,0,
GPU,2,0.000,0.000,0.000,10375037,6766329,0,0,
GPU,2,0.000,0.000,0.000,10513894,6783157,0,0,
GPU,2,0.000,0.000,0.000,10513894,6783157,0,0,
GPU,2,0.000,0.000,0.000,10513894,6783157,0,0,
GPU,2,0.000,0.000,0.000,9129980,5827647,0,0,
GPU,2,0.000,0.000,0.000,9129980,5827647,0,0,
GPU,2,0.000,0.000,0.000,9129980,5827647,0,0,
GPU,2,0.000,0.000,0.000,9129980,5827647,0,0,
GPU,2,0.000,0.000,0.000,10316855,6656035,0,0,
GPU,2,0.000,0.000,0.000,10316855,6656035,0,0,
GPU,2,0.000,0.000,0.000,10316855,6656035,0,0,
GPU,2,0.000,0.000,0.000,13305498,8166823,17205,17205,
GPU,2,0.000,0.000,0.000,13305498,8166823,17205,17205,
GPU,2,0.000,0.000,0.000,13305498,8166823,17205,17205,
GPU,2,0.000,0.000,0.000,10493061,6769716,0,0,
GPU,2,0.000,0.000,0.000,10493061,6769716,0,0,
GPU,2,0.000,0.000,0.000,10493061,6769716,0,0,
GPU,2,0.000,0.000,0.000,10493061,6769716,0,0,
GPU,2,0.000,0.000,0.000,9255042,5907474,0,0,
GPU,2,0.000,0.000,0.000,9255042,5907474,0,0,
GPU,2,0.000,0.000,0.000,9255042,5907474,0,0,
GPU,2,0.000,0.000,0.000,9255042,5907474,0,0,
GPU,2,0.000,0.000,0.000,10316425,6655758,0,0,
GPU,2,0.000,0.000,0.000,10316425,6655758,0,0,
GPU,2,0.000,0.000,0.000,10316425,6655758,0,0,
GPU,2,0.000,0.000,0.000,13595082,7945178,0,0,
GPU,2,0.000,0.000,0.000,13595082,7945178,0,0,
GPU,2,0.000,0.000,0.000,13595082,7945178,0,0,
GPU,2,0.000,0.000,0.000,10497946,6772869,0,0,
GPU,2,0.000,0.000,0.000,10497946,6772869,0,0,
GPU,2,0.000,0.000,0.000,10497946,6772869,0,0,
GPU,2,0.000,0.000,0.000,9173136,6245539,18297,18297,
GPU,2,0.000,0.000,0.000,9173136,6245539,18297,18297,
GPU,2,0.000,0.000,0.000,9173136,6245539,18297,18297,
GPU,2,0.000,0.000,0.000,9173136,6245539,18297,18297,
GPU,2,0.000,0.000,0.000,9173136,6245539,18297,18297,
GPU,2,0.000,0.000,0.000,10472954,6684864,0,0,
GPU,2,0.000,0.000,0.000,10472954,6684864,0,0,
GPU,2,0.000,0.000,0.000,10472954,6684864,0,0,
GPU,2,0.000,0.000,0.000,16492149,9117611,0,0,
GPU,2,0.000,0.000,0.000,16492149,9117611,0,0,
GPU,2,0.000,0.000,0.000,16492149,9117611,0,0,
GPU,2,0.000,0.000,0.000,16492149,9117611,0,0,
GPU,2,0.000,0.000,0.000,10340442,6671253,0,0,
GPU,2,0.000,0.000,0.000,10340442,6671253,0,0,
GPU,2,0.000,0.000,0.000,10340442,6671253,0,0,
GPU,2,0.000,0.000,0.000,10600238,7141213,20921,20921,
GPU,2,0.000,0.000,0.000,10600238,7141213,20921,20921,
GPU,2,0.000,0.000,0.000,10600238,7141213,20921,20921,
GPU,2,0.000,0.000,0.000,10550754,6814029,0,0,
GPU,2,0.000,0.000,0.000,10550754,6814029,0,0,
GPU,2,0.000,0.000,0.000,10550754,6814029,0,0,
GPU,2,0.000,0.000,0.000,10257566,6650510,0,0,
GPU,2,0.000,0.000,0.000,10257566,6650510,0,0,
GPU,2,0.000,0.000,0.000,10257566,6650510,0,0,
GPU,2,0.000,0.000,0.000,10257566,6650510,0,0,
GPU,2,0.000,0.000,0.000,8763973,5654176,0,0,
GPU,2,0.000,0.000,0.000,8763973,5654176,0,0,
GPU,2,0.000,0.000,0.000,8763973,5654176,0,0,
GPU,2,0.000,0.000,0.000,10453954,6672737,0,0,
GPU,2,0.000,0.000,0.000,10453954,6672737,0,0,
GPU,2,0.000,0.000,0.000,10453954,6672737,0,0,
GPU,2,0.000,0.000,0.000,11776814,7585066,18713,18713,
GPU,2,0.000,0.000,0.000,11776814,7585066,18713,18713,
GPU,2,0.000,0.000,0.000,11776814,7585066,18713,18713,
GPU,2,0.000,0.000,0.000,10363059,6645874,0,0,
GPU,2,0.000,0.000,0.000,10363059,6645874,0,0,
GPU,2,0.000,0.000,0.000,10363059,6645874,0,0,
GPU,2,0.000,0.000,0.000,10514414,6783493,0,0,
GPU,2,0.000,0.000,0.000,10514414,6783493,0,0,
GPU,2,0.000,0.000,0.000,10514414,6783493,0,0,
GPU,2,0.000,0.000,0.000,10514414,6783493,0,0,
GPU,2,0.000,0.000,0.000,9505011,6132265,0,0,
GPU,2,0.000,0.000,0.000,9505011,6132265,0,0,
GPU,2,0.000,0.000,0.000,9505011,6132265,0,0,
GPU,2,0.000,0.000,0.000,10360674,6684305,0,0,
GPU,2,0.000,0.000,0.000,10360674,6684305,0,0,
GPU,2,0.000,0.000,0.000,10360674,6684305,0,0,
GPU,2,0.000,0.000,0.000,12977242,7711115,0,0,
GPU,2,0.000,0.000,0.000,12977242,7711115,0,0,
GPU,2,0.000,0.000,0.000,12977242,7711115,0,0,
GPU,2,0.000,0.000,0.000,12977242,7711115,0,0,
GPU,2,0.000,0.000,0.000,10742580,7237107,21202,21202,
GPU,2,0.000,0.000,0.000,10742580,7237107,21202,21202,
GPU,2,0.000,0.000,0.000,10742580,7237107,21202,21202,
GPU,2,0.000,0.000,0.000,8995665,5803655,0,0,
GPU,2,0.000,0.000,0.000,8995665,5803655,0,0,
GPU,2,0.000,0.000,0.000,8995665,5803655,0,0,
GPU,2,0.000,0.000,0.000,10459188,6676078,0,0,
GPU,2,0.000,0.000,0.000,10459188,6676078,0,0,
GPU,2,0.000,0.000,0.000,10459188,6676078,0,0,
GPU,2,0.000,0.000,0.000,10755172,6946049,0,0,
GPU,2,0.000,0.000,0.000,10755172,6946049,0,0,
GPU,2,0.000,0.000,0.000,10755172,6946049,0,0,
GPU,2,0.000,0.000,0.000,10595951,6763373,0,0,
GPU,2,0.000,0.000,0.000,10595951,6763373,0,0,
GPU,2,0.000,0.000,0.000,10595951,6763373,0,0,
GPU,2,0.000,0.000,0.000,10463045,7123775,20870,20870,
GPU,2,0.000,0.000,0.000,10463045,7123775,20870,20870,
GPU,2,0.000,0.000,0.000,10463045,7123775,20870,20870,
GPU,2,0.000,0.000,0.000,10463045,7123775,20870,20870,
GPU,2,0.000,0.000,0.000,8911642,5688282,0,0,
GPU,2,0.000,0.000,0.000,8911642,5688282,0,0,
GPU,2,0.000,0.000,0.000,8911642,5688282,0,0,
GPU,2,0.000,0.000,0.000,10831408,7034832,0,0,
GPU,2,0.000,0.000,0.000,10831408,7034832,0,0,
GPU,2,0.000,0.000,0.000,10831408,7034832,0,0,
GPU,2,0.000,0.000,0.000,10720003,6770528,0,0,
GPU,2,0.000,0.000,0.000,10720003,6770528,0,0,
GPU,2,0.000,0.000,0.000,10720003,6770528,0,0,
GPU,2,0.000,0.000,0.000,10146836,6578718,0,0,
GPU,2,0.000,0.000,0.000,10146836,6578718,0,0,
GPU,2,0.000,0.000,0.000,10146836,6578718,0,0,
GPU,2,0.000,0.000,0.000,10146836,6578718,0,0,
GPU,2,0.000,0.000,0.000,8007112,5451651,15971,15971,
GPU,2,0.000,0.000,0.000,8007112,5451651,15971,15971,
GPU,2,0.000,0.000,0.000,8007112,5451651,15971,15971,
GPU,2,0.000,0.000,0.000,10824080,6918484,0,0,
GPU,2,0.000,0.000,0.000,10824080,6918484,0,0,
GPU,2,0.000,0.000,0.000,10824080,6918484,0,0,
GPU,2,0.000,0.000,0.000,10605964,6882593,0,0,
GPU,2,0.000,0.000,0.000,10605964,6882593,0,0,
GPU,2,0.000,0.000,0.000,10605964,6882593,0,0,
GPU,2,0.000,0.000,0.000,10262130,6581148,0,0,
GPU,2,0.000,0.000,0.000,10262130,6581148,0,0,
GPU,2,0.000,0.000,0.000,10262130,6581148,0,0,
GPU,2,0.000,0.000,0.000,10262130,6581148,0,0,
GPU,2,0.000,0.000,0.000,10363199,6685935,0,0,
GPU,2,0.000,0.000,0.000,10363199,6685935,0,0,
GPU,2,0.000,0.000,0.000,10363199,6685935,0,0,
GPU,2,0.000,0.000,0.000,10541558,7137513,20588,20588,
GPU,2,0.000,0.000,0.000,10541558,7137513,20588,20588,
GPU,2,0.000,0.000,0.000,10541558,7137513,20588,20588,
GPU,2,0.000,0.000,0.000,10483228,6763373,0,0,
GPU,2,0.000,0.000,0.000,10483228,6763373,0,0,
GPU,2,0.000,0.000,0.000,10483228,6763373,0,0,
GPU,2,0.000,0.000,0.000,8763138,5593492,0,0,
GPU,2,0.000,0.000,0.000,8763138,5593492,0,0,
GPU,2,0.000,0.000,0.000,8763138,5593492,0,0,
GPU,2,0.000,0.000,0.000,10344108,6673618,0,0,
GPU,2,0.000,0.000,0.000,10344108,6673618,0,0,
GPU,2,0.000,0.000,0.000,10344108,6673618,0,0,
GPU,2,0.000,0.000,0.000,10344108,6673618,0,0,
GPU,2,0.000,0.000,0.000,12661240,7615783,0,0,
GPU,2,0.000,0.000,0.000,12661240,7615783,0,0,
GPU,2,0.000,0.000,0.000,12661240,7615783,0,0,
GPU,2,0.000,0.000,0.000,10694434,7204671,21107,21107,
GPU,2,0.000,0.000,0.000,10694434,7204671,21107,21107,
GPU,2,0.000,0.000,0.000,10694434,7204671,21107,21107,
GPU,2,0.000,0.000,0.000,10694434,7204671,21107,21107,
GPU,2,0.000,0.000,0.000,8137595,5250061,0,0,
GPU,2,0.000,0.000,0.000,8137595,5250061,0,0,
GPU,2,0.000,0.000,0.000,8137595,5250061,0,0,
GPU,2,0.000,0.000,0.000,10331898,6665740,0,0,
GPU,2,0.000,0.000,0.000,10331898,6665740,0,0,
GPU,2,0.000,0.000,0.000,10331898,6665740,0,0,
GPU,2,0.000,0.000,0.000,10331898,6665740,0,0,
GPU,2,0.000,0.000,0.000,12003606,7262686,0,0,
GPU,2,0.000,0.000,0.000,12003606,7262686,0,0,
GPU,2,0.000,0.000,0.000,12003606,7262686,0,0,
GPU,2,0.000,0.000,0.000,10478578,6760372,0,0,
GPU,2,0.000,0.000,0.000,10478578,6760372,0,0,
GPU,2,0.000,0.000,0.000,10478578,6760372,0,0,
GPU,2,0.000,0.000,0.000,8984038,6116792,17920,17920,
GPU,2,0.000,0.000,0.000,8984038,6116792,17920,17920,
GPU,2,0.000,0.000,0.000,8984038,6116792,17920,17920,
GPU,2,0.000,0.000,0.000,10362261,6685329,0,0,
GPU,2,0.000,0.000,0.000,10362261,6685329,0,0,
GPU,2,0.000,0.000,0.000,10362261,6685329,0,0,
GPU,2,0.000,0.000,0.000,10362261,6685329,0,0,
GPU,2,0.000,0.000,0.000,13899230,8115078,0,0,
GPU,2,0.000,0.000,0.000,13899230,8115078,0,0,
GPU,2,0.000,0.000,0.000,13899230,8115078,0,0,
GPU,2,0.000,0.000,0.000,10359485,6643583,0,0,
GPU,2,0.000,0.000,0.000,10359485,6643583,0,0,
GPU,2,0.000,0.000,0.000,10359485,6643583,0,0,
GPU,2,0.000,0.000,0.000,10359485,6643583,0,0,
GPU,2,0.000,0.000,0.000,9082125,5797101,0,0,
GPU,2,0.000,0.000,0.000,9082125,5797101,0,0,
GPU,2,0.000,0.000,0.000,9082125,5797101,0,0,
GPU,2,0.000,0.000,0.000,10471422,7129479,20887,20887,
GPU,2,0.000,0.000,0.000,10471422,7129479,20887,20887,
GPU,2,0.000,0.000,0.000,10471422,7129479,20887,20887,
GPU,2,0.000,0.000,0.000,11552346,7220216,0,0,
GPU,2,0.000,0.000,0.000,11552346,7220216,0,0,
GPU,2,0.000,0.000,0.000,11552346,7220216,0,0,
GPU,2,0.000,0.000,0.000,11552346,7220216,0,0,
GPU,2,0.000,0.000,0.000,10701889,6871739,0,0,
GPU,2,0.000,0.000,0.000,10701889,6871739,0,0,
GPU,2,0.000,0.000,0.000,10701889,6871739,0,0,
GPU,2,0.000,0.000,0.000,10485592,6764898,0,0,
GPU,2,0.000,0.000,0.000,10485592,6764898,0,0,
GPU,2,0.000,0.000,0.000,10485592,6764898,0,0,
GPU,2,0.000,0.000,0.000,8862916,5746286,0,0,
GPU,2,0.000,0.000,0.000,8862916,5746286,0,0,
GPU,2,0.000,0.000,0.000,8862916,5746286,0,0,
GPU,2,0.000,0.000,0.000,8862916,5746286,0,0,
GPU,2,0.000,0.000,0.000,7893875,5235733,15103,15103,
GPU,2,0.000,0.000,0.000,7893875,5235733,15103,15103,
GPU,2,0.000,0.000,0.000,7893875,5235733,15103,15103,
GPU,2,0.000,0.000,0.000,10476217,6758849,0,0,
GPU,2,0.000,0.000,0.000,10476217,6758849,0,0,
GPU,2,0.000,0.000,0.000,10476217,6758849,0,0,
GPU,2,0.000,0.000,0.000,10476217,6758849,0,0,
GPU,2,0.000,0.000,0.000,8637052,5572291,0,0,
GPU,2,0.000,0.000,0.000,8637052,5572291,0,0,
GPU,2,0.000,0.000,0.000,8637052,5572291,0,0,
GPU,2,0.000,0.000,0.000,10342598,6672644,0,0,
GPU,2,0.000,0.000,0.000,10342598,6672644,0,0,
GPU,2,0.000,0.000,0.000,10342598,6672644,0,0,
GPU,2,0.000,0.000,0.000,10999973,6901943,0,0,
GPU,2,0.000,0.000,0.000,10999973,6901943,0,0,
GPU,2,0.000,0.000,0.000,10999973,6901943,0,0,
GPU,2,0.000,0.000,0.000,10999973,6901943,0,0,
GPU,2,0.000,0.000,0.000,10594757,6875321,0,0,
GPU,2,0.000,0.000,0.000,10594757,6875321,0,0,
GPU,2,0.000,0.000,0.000,10594757,6875321,0,0,
GPU,2,0.000,0.000,0.000,10622444,7232302,21188,21188,
GPU,2,0.000,0.000,0.000,10622444,7232302,21188,21188,
GPU,2,0.000,0.000,0.000,10622444,7232302,21188,21188,
GPU,2,0.000,0.000,0.000,10310762,6581337,0,0,
GPU,2,0.000,0.000,0.000,10310762,6581337,0,0,
GPU,2,0.000,0.000,0.000,10310762,6581337,0,0,
GPU,2,0.000,0.000,0.000,10310762,6581337,0,0,
GPU,2,0.000,0.000,0.000,9014685,5815925,0,0,
GPU,2,0.000,0.000,0.000,9014685,5815925,0,0,
GPU,2,0.000,0.000,0.000,9014685,5815925,0,0,
GPU,2,0.000,0.000,0.000,13533263,8009482,0,0,
GPU,2,0.000,0.000,0.000,13533263,8009482,0,0,
GPU,2,0.000,0.000,0.000,13533263,8009482,0,0,
GPU,2,0.000,0.000,0.000,10523263,6789202,0,0,
GPU,2,0.000,0.000,0.000,10523263,6789202,0,0,
GPU,2,0.000,0.000,0.000,10523263,6789202,0,0,
GPU,2,0.000,0.000,0.000,10064037,6745046,20074,20074,
GPU,2,0.000,0.000,0.000,10064037,6745046,20074,20074,
GPU,2,0.000,0.000,0.000,10064037,6745046,20074,20074,
GPU,2,0.000,0.000,0.000,10064037,6745046,20074,20074,
GPU,2,0.000,0.000,0.000,10064037,6745046,20074,20074,
GPU,2,0.000,0.000,0.000,9102587,5872637,0,0,
GPU,2,0.000,0.000,0.000,9102587,5872637,0,0,
GPU,2,0.000,0.000,0.000,9102587,5872637,0,0,
GPU,2,0.000,0.000,0.000,14293432,8302173,0,0,
GPU,2,0.000,0.000,0.000,14293432,8302173,0,0,
GPU,2,0.000,0.000,0.000,14293432,8302173,0,0,
GPU,2,0.000,0.000,0.000,9112007,5878714,0,0,
GPU,2,0.000,0.000,0.000,9112007,5878714,0,0,
GPU,2,0.000,0.000,0.000,9112007,5878714,0,0,
GPU,2,0.000,0.000,0.000,10557095,7112148,20836,20836,
GPU,2,0.000,0.000,0.000,10557095,7112148,20836,20836,
GPU,2,0.000,0.000,0.000,10557095,7112148,20836,20836,
GPU,2,0.000,0.000,0.000,10557095,7112148,20836,20836,
GPU,2,0.000,0.000,0.000,12365287,7497063,0,0,
GPU,2,0.000,0.000,0.000,12365287,7497063,0,0,
GPU,2,0.000,0.000,0.000,12365287,7497063,0,0,
GPU,2,0.000,0.000,0.000,10602300,6767426,0,0,
GPU,2,0.000,0.000,0.000,10602300,6767426,0,0,
GPU,2,0.000,0.000,0.000,10602300,6767426,0,0,
GPU,2,0.000,0.000,0.000,10489510,6767426,0,0,
GPU,2,0.000,0.000,0.000,10489510,6767426,0,0,
GPU,2,0.000,0.000,0.000,10489510,6767426,0,0,
GPU,2,0.000,0.000,0.000,10489510,6767426,0,0,
GPU,2,0.000,0.000,0.000,9596733,6125574,0,0,
GPU,2,0.000,0.000,0.000,9596733,6125574,0,0,
GPU,2,0.000,0.000,0.000,9596733,6125574,0,0,
GPU,2,0.000,0.000,0.000,10226241,6597575,0,0,
GPU,2,0.000,0.000,0.000,10226241,6597575,0,0,
GPU,2,0.000,0.000,0.000,10226241,6597575,0,0,
GPU,2,0.000,0.000,0.000,12430555,7793761,18497,18497,
GPU,2,0.000,0.000,0.000,12430555,7793761,18497,18497,
GPU,2,0.000,0.000,0.000,12430555,7793761,18497,18497,
GPU,2,0.000,0.000,0.000,12430555,7793761,18497,18497,
GPU,2,0.000,0.000,0.000,10512483,6895284,0,0,
GPU,2,0.000,0.000,0.000,10512483,6895284,0,0,
GPU,2,0.000,0.000,0.000,10512483,6895284,0,0,
GPU,2,0.000,0.000,0.000,9281610,5988136,0,0,
GPU,2,0.000,0.000,0.000,9281610,5988136,0,0,
GPU,2,0.000,0.000,0.000,9281610,5988136,0,0,
GPU,2,0.000,0.000,0.000,9281610,5988136,0,0,
GPU,2,0.000,0.000,0.000,9380141,6051704,0,0,
GPU,2,0.000,0.000,0.000,9380141,6051704,0,0,
GPU,2,0.000,0.000,0.000,9380141,6051704,0,0,
GPU,2,0.000,0.000,0.000,13238692,7754091,0,0,
GPU,2,0.000,0.000,0.000,13238692,7754091,0,0,
GPU,2,0.000,0.000,0.000,13238692,7754091,0,0,
GPU,2,0.000,0.000,0.000,10609181,7223272,21161,21161,
GPU,2,0.000,0.000,0.000,10609181,7223272,21161,21161,
GPU,2,0.000,0.000,0.000,10609181,7223272,21161,21161,
GPU,2,0.000,0.000,0.000,9881150,6307117,0,0,
GPU,2,0.000,0.000,0.000,9881150,6307117,0,0,
GPU,2,0.000,0.000,0.000,9881150,6307117,0,0,
GPU,2,0.000,0.000,0.000,9881150,6307117,0,0,
GPU,2,0.000,0.000,0.000,8879129,5728470,0,0,
GPU,2,0.000,0.000,0.000,8879129,5728470,0,0,
GPU,2,0.000,0.000,0.000,8879129,5728470,0,0,
GPU,2,0.000,0.000,0.000,13339740,7966789,0,0,
GPU,2,0.000,0.000,0.000,13339740,7966789,0,0,
GPU,2,0.000,0.000,0.000,13339740,7966789,0,0,
GPU,2,0.000,0.000,0.000,13339740,7966789,0,0,
GPU,2,0.000,0.000,0.000,10624245,6781433,0,0,
GPU,2,0.000,0.000,0.000,10624245,6781433,0,0,
GPU,2,0.000,0.000,0.000,10624245,6781433,0,0,
GPU,2,0.000,0.000,0.000,10000199,6808646,19947,19947,
GPU,2,0.000,0.000,0.000,10000199,6808646,19947,19947,
GPU,2,0.000,0.000,0.000,10000199,6808646,19947,19947,
GPU,2,0.000,0.000,0.000,10000199,6808646,19947,19947,
GPU,2,0.000,0.000,0.000,9106877,5875404,0,0,
GPU,2,0.000,0.000,0.000,9106877,5875404,0,0,
GPU,2,0.000,0.000,0.000,9106877,5875404,0,0,
GPU,2,0.000,0.000,0.000,14136407,8188772,0,0,
GPU,2,0.000,0.000,0.000,14136407,8188772,0,0,
GPU,2,0.000,0.000,0.000,14136407,8188772,0,0,
GPU,2,0.000,0.000,0.000,14136407,8188772,0,0,
GPU,2,0.000,0.000,0.000,9146971,5838492,0,0,
GPU,2,0.000,0.000,0.000,9146971,5838492,0,0,
GPU,2,0.000,0.000,0.000,9146971,5838492,0,0,
GPU,2,0.000,0.000,0.000,10324586,6661023,0,0,
GPU,2,0.000,0.000,0.000,10324586,6661023,0,0,
GPU,2,0.000,0.000,0.000,10324586,6661023,0,0,
GPU,2,0.000,0.000,0.000,10324586,6661023,0,0,
GPU,2,0.000,0.000,0.000,10574722,7124023,20871,20871,
GPU,2,0.000,0.000,0.000,10574722,7124023,20871,20871,
GPU,2,0.000,0.000,0.000,10574722,7124023,20871,20871,
GPU,2,0.000,0.000,0.000,13064238,7762808,0,0,
GPU,2,0.000,0.000,0.000,13064238,7762808,0,0,
GPU,2,0.000,0.000,0.000,13064238,7762808,0,0,
GPU,2,0.000,0.000,0.000,10503430,6776406,0,0,
GPU,2,0.000,0.000,0.000,10503430,6776406,0,0,
GPU,2,0.000,0.000,0.000,10503430,6776406,0,0,
GPU,2,0.000,0.000,0.000,9928008,6405166,0,0,
GPU,2,0.000,0.000,0.000,9928008,6405166,0,0,
GPU,2,0.000,0.000,0.000,9928008,6405166,0,0,
GPU,2,0.000,0.000,0.000,10292698,6569807,0,0,
GPU,2,0.000,0.000,0.000,10292698,6569807,0,0,
GPU,2,0.000,0.000,0.000,10292698,6569807,0,0,
GPU,2,0.000,0.000,0.000,10829594,7256944,20933,20933,
GPU,2,0.000,0.000,0.000,10829594,7256944,20933,20933,
GPU,2,0.000,0.000,0.000,10829594,7256944,20933,20933,
GPU,2,0.000,0.000,0.000,10829594,7256944,20933,20933,
GPU,2,0.000,0.000,0.000,10469804,6754712,0,0,
GPU,2,0.000,0.000,0.000,10469804,6754712,0,0,
GPU,2,0.000,0.000,0.000,10469804,6754712,0,0,
GPU,2,0.000,0.000,0.000,8816576,5688113,0,0,
GPU,2,0.000,0.000,0.000,8816576,5688113,0,0,
GPU,2,0.000,0.000,0.000,8816576,5688113,0,0,
GPU,2,0.000,0.000,0.000,9168998,5950094,0,0,
GPU,2,0.000,0.000,0.000,9168998,5950094,0,0,
GPU,2,0.000,0.000,0.000,9168998,5950094,0,0,
GPU,2,0.000,0.000,0.000,9168998,5950094,0,0,
GPU,2,0.000,0.000,0.000,10718771,6810886,0,0,
GPU,2,0.000,0.000,0.000,10718771,6810886,0,0,
GPU,2,0.000,0.000,0.000,10718771,6810886,0,0,
GPU,2,0.000,0.000,0.000,10460015,7085817,21088,21088,
GPU,2,0.000,0.000,0.000,10460015,7085817,21088,21088,
GPU,2,0.000,0.000,0.000,10460015,7085817,21088,21088,
GPU,2,0.000,0.000,0.000,8925625,5854442,0,0,
GPU,2,0.000,0.000,0.000,8925625,5854442,0,0,
GPU,2,0.000,0.000,0.000,8925625,5854442,0,0,
GPU,2,0.000,0.000,0.000,8925625,5854442,0,0,
GPU,2,0.000,0.000,0.000,8821838,5630960,0,0,
GPU,2,0.000,0.000,0.000,8821838,5630960,0,0,
GPU,2,0.000,0.000,0.000,8821838,5630960,0,0,
GPU,2,0.000,0.000,0.000,10616156,6816689,0,0,
GPU,2,0.000,0.000,0.000,10616156,6816689,0,0,
GPU,2,0.000,0.000,0.000,10616156,6816689,0,0,
GPU,2,0.000,0.000,0.000,10362402,6758088,0,0,
GPU,2,0.000,0.000,0.000,10362402,6758088,0,0,
GPU,2,0.000,0.000,0.000,10362402,6758088,0,0,
GPU,2,0.000,0.000,0.000,10455480,7007396,20855,20855,
GPU,2,0.000,0.000,0.000,10455480,7007396,20855,20855,
GPU,2,0.000,0.000,0.000,10455480,7007396,20855,20855,
GPU,2,0.000,0.000,0.000,10455480,7007396,20855,20855,
GPU,2,0.000,0.000,0.000,10455480,7007396,20855,20855,
GPU,2,0.000,0.000,0.000,10455480,7007396,20855,20855,
GPU,2,0.000,0.000,0.000,6553862,4183316,0,0,
GPU,2,0.000,0.000,0.000,6553862,4183316,0,0,
GPU,2,0.000,0.000,0.000,6553862,4183316,0,0,
GPU,2,0.000,0.000,0.000,13992685,8141198,0,0,
GPU,2,0.000,0.000,0.000,13992685,8141198,0,0,
GPU,2,0.000,0.000,0.000,13992685,8141198,0,0,
GPU,2,0.000,0.000,0.000,13992685,8141198,0,0,
GPU,2,0.000,0.000,0.000,9060022,5845175,0,0,
GPU,2,0.000,0.000,0.000,9060022,5845175,0,0,
GPU,2,0.000,0.000,0.000,9060022,5845175,0,0,
GPU,2,0.000,0.000,0.000,10478791,6688590,0,0,
GPU,2,0.000,0.000,0.000,10478791,6688590,0,0,
GPU,2,0.000,0.000,0.000,10478791,6688590,0,0,
GPU,2,0.000,0.000,0.000,12608428,7988546,18046,18046,
GPU,2,0.000,0.000,0.000,12608428,7988546,18046,18046,
GPU,2,0.000,0.000,0.000,12608428,7988546,18046,18046,
GPU,2,0.000,0.000,0.000,10587746,6758136,0,0,
GPU,2,0.000,0.000,0.000,10587746,6758136,0,0,
GPU,2,0.000,0.000,0.000,10587746,6758136,0,0,
GPU,2,0.000,0.000,0.000,10587746,6758136,0,0,
GPU,2,0.000,0.000,0.000,8848932,5648254,0,0,
GPU,2,0.000,0.000,0.000,8848932,5648254,0,0,
GPU,2,0.000,0.000,0.000,8848932,5648254,0,0,
GPU,2,0.000,0.000,0.000,10431332,6769269,0,0,
GPU,2,0.000,0.000,0.000,10431332,6769269,0,0,
GPU,2,0.000,0.000,0.000,10431332,6769269,0,0,
GPU,2,0.000,0.000,0.000,10431332,6769269,0,0,
GPU,2,0.000,0.000,0.000,11478263,7086579,0,0,
GPU,2,0.000,0.000,0.000,11478263,7086579,0,0,
GPU,2,0.000,0.000,0.000,11478263,7086579,0,0,
GPU,2,0.000,0.000,0.000,10808148,7205432,21109,21109,
GPU,2,0.000,0.000,0.000,10808148,7205432,21109,21109,
GPU,2,0.000,0.000,0.000,10808148,7205432,21109,21109,
GPU,2,0.000,0.000,0.000,10519023,6786466,0,0,
GPU,2,0.000,0.000,0.000,10519023,6786466,0,0,
GPU,2,0.000,0.000,0.000,10519023,6786466,0,0,
GPU,2,0.000,0.000,0.000,10214168,6589785,0,0,
GPU,2,0.000,0.000,0.000,10214168,6589785,0,0,
GPU,2,0.000,0.000,0.000,10214168,6589785,0,0,
GPU,2,0.000,0.000,0.000,10140100,6472404,0,0,
GPU,2,0.000,0.000,0.000,10140100,6472404,0,0,
GPU,2,0.000,0.000,0.000,10140100,6472404,0,0,
GPU,2,0.000,0.000,0.000,10744865,6939392,0,0,
GPU,2,0.000,0.000,0.000,10744865,6939392,0,0,
GPU,2,0.000,0.000,0.000,10744865,6939392,0,0,
GPU,2,0.000,0.000,0.000,10744865,6939392,0,0,
GPU,2,0.000,0.000,0.000,10466784,7090402,21102,21102,
GPU,2,0.000,0.000,0.000,10466784,7090402,21102,21102,
GPU,2,0.000,0.000,0.000,10466784,7090402,21102,21102,
GPU,2,0.000,0.000,0.000,9068763,5788572,0,0,
GPU,2,0.000,0.000,0.000,9068763,5788572,0,0,
GPU,2,0.000,0.000,0.000,9068763,5788572,0,0,
GPU,2,0.000,0.000,0.000,8776689,5662380,0,0,
GPU,2,0.000,0.000,0.000,8776689,5662380,0,0,
GPU,2,0.000,0.000,0.000,8776689,5662380,0,0,
GPU,2,0.000,0.000,0.000,10813974,6912024,0,0,
GPU,2,0.000,0.000,0.000,10813974,6912024,0,0,
GPU,2,0.000,0.000,0.000,10813974,6912024,0,0,
GPU,2,0.000,0.000,0.000,10813974,6912024,0,0,
GPU,2,0.000,0.000,0.000,10469141,6754284,0,0,
GPU,2,0.000,0.000,0.000,10469141,6754284,0,0,
GPU,2,0.000,0.000,0.000,10469141,6754284,0,0,
GPU,2,0.000,0.000,0.000,8742102,5952069,17437,17437,
GPU,2,0.000,0.000,0.000,8742102,5952069,17437,17437,
GPU,2,0.000,0.000,0.000,8742102,5952069,17437,17437,
GPU,2,0.000,0.000,0.000,8742102,5952069,17437,17437,
GPU,2,0.000,0.000,0.000,8613354,5557002,0,0,
GPU,2,0.000,0.000,0.000,8613354,5557002,0,0,
GPU,2,0.000,0.000,0.000,8613354,5557002,0,0,
GPU,2,0.000,0.000,0.000,10904412,6898709,0,0,
GPU,2,0.000,0.000,0.000,10904412,6898709,0,0,
GPU,2,0.000,0.000,0.000,10904412,6898709,0,0,
GPU,2,0.000,0.000,0.000,10904412,6898709,0,0,
GPU,2,0.000,0.000,0.000,10482195,6762706,0,0,
GPU,2,0.000,0.000,0.000,10482195,6762706,0,0,
GPU,2,0.000,0.000,0.000,10482195,6762706,0,0,
GPU,2,0.000,0.000,0.000,8587464,5572716,0,0,
GPU,2,0.000,0.000,0.000,8587464,5572716,0,0,
GPU,2,0.000,0.000,0.000,8587464,5572716,0,0,
GPU,2,0.000,0.000,0.000,8587464,5572716,0,0,
GPU,2,0.000,0.000,0.000,8100436,5429016,16157,16157,
GPU,2,0.000,0.000,0.000,8100436,5429016,16157,16157,
GPU,2,0.000,0.000,0.000,8100436,5429016,16157,16157,
GPU,2,0.000,0.000,0.000,13071740,7767266,0,0,
GPU,2,0.000,0.000,0.000,13071740,7767266,0,0,
GPU,2,0.000,0.000,0.000,13071740,7767266,0,0,
GPU,2,0.000,0.000,0.000,13071740,7767266,0,0,
GPU,2,0.000,0.000,0.000,10381110,6770289,0,0,
GPU,2,0.000,0.000,0.000,10381110,6770289,0,0,
GPU,2,0.000,0.000,0.000,10381110,6770289,0,0,
GPU,2,0.000,0.000,0.000,8691487,5607411,0,0,
GPU,2,0.000,0.000,0.000,8691487,5607411,0,0,
GPU,2,0.000,0.000,0.000,8691487,5607411,0,0,
GPU,2,0.000,0.000,0.000,8691487,5607411,0,0,
GPU,2,0.000,0.000,0.000,10434879,6660561,0,0,
GPU,2,0.000,0.000,0.000,10434879,6660561,0,0,
GPU,2,0.000,0.000,0.000,10434879,6660561,0,0,
GPU,2,0.000,0.000,0.000,12561774,7887625,18258,18258,
GPU,2,0.000,0.000,0.000,12561774,7887625,18258,18258,
GPU,2,0.000,0.000,0.000,12561774,7887625,18258,18258,
GPU,2,0.000,0.000,0.000,10271749,6659705,0,0,
GPU,2,0.000,0.000,0.000,10271749,6659705,0,0,
GPU,2,0.000,0.000,0.000,10271749,6659705,0,0,
GPU,2,0.000,0.000,0.000,10193223,6614751,0,0,
GPU,2,0.000,0.000,0.000,10193223,6614751,0,0,
GPU,2,0.000,0.000,0.000,10193223,6614751,0,0,
GPU,2,0.000,0.000,0.000,10193223,6614751,0,0,
GPU,2,0.000,0.000,0.000,9434620,6086851,0,0,
GPU,2,0.000,0.000,0.000,9434620,6086851,0,0,
GPU,2,0.000,0.000,0.000,9434620,6086851,0,0,
GPU,2,0.000,0.000,0.000,13267928,7848633,0,0,
GPU,2,0.000,0.000,0.000,13267928,7848633,0,0,
GPU,2,0.000,0.000,0.000,13267928,7848633,0,0,
GPU,2,0.000,0.000,0.000,13267928,7848633,0,0,
GPU,2,0.000,0.000,0.000,13267928,7848633,0,0,
GPU,2,0.000,0.000,0.000,8559296,6190205,14329,14329,
GPU,2,0.000,0.000,0.000,8559296,6190205,14329,14329,
GPU,2,0.000,0.000,0.000,8559296,6190205,14329,14329,
GPU,2,0.000,0.000,0.000,11432546,8093837,0,0,
GPU,2,0.000,0.000,0.000,11432546,8093837,0,0,
GPU,2,0.000,0.000,0.000,11432546,8093837,0,0,
GPU,2,0.000,0.000,0.000,10570577,6826831,0,0,
GPU,2,0.000,0.000,0.000,10570577,6826831,0,0,
GPU,2,0.000,0.000,0.000,10570577,6826831,0,0,
GPU,2,0.000,0.000,0.000,10472309,6756328,0,0,
GPU,2,0.000,0.000,0.000,10472309,6756328,0,0,
GPU,2,0.000,0.000,0.000,10472309,6756328,0,0,
GPU,2,0.000,0.000,0.000,10472309,6756328,0,0,
GPU,2,0.000,0.000,0.000,8996237,5742279,0,0,
GPU,2,0.000,0.000,0.000,8996237,5742279,0,0,
GPU,2,0.000,0.000,0.000,8996237,5742279,0,0,
GPU,2,0.000,0.000,0.000,10558488,7113086,20839,20839,
GPU,2,0.000,0.000,0.000,10558488,7113086,20839,20839,
GPU,2,0.000,0.000,0.000,10558488,7113086,20839,20839,
GPU,2,0.000,0.000,0.000,10558488,7113086,20839,20839,
GPU,2,0.000,0.000,0.000,13358286,7889457,0,0,
GPU,2,0.000,0.000,0.000,13358286,7889457,0,0,
GPU,2,0.000,0.000,0.000,13358286,7889457,0,0,
GPU,2,0.000,0.000,0.000,10597295,6764231,0,0,
GPU,2,0.000,0.000,0.000,10597295,6764231,0,0,
GPU,2,0.000,0.000,0.000,10597295,6764231,0,0,
GPU,2,0.000,0.000,0.000,10597295,6764231,0,0,
GPU,2,0.000,0.000,0.000,9070460,5851910,0,0,
GPU,2,0.000,0.000,0.000,9070460,5851910,0,0,
GPU,2,0.000,0.000,0.000,9070460,5851910,0,0,
GPU,2,0.000,0.000,0.000,10125385,6564810,0,0,
GPU,2,0.000,0.000,0.000,10125385,6564810,0,0,
GPU,2,0.000,0.000,0.000,10125385,6564810,0,0,
GPU,2,0.000,0.000,0.000,12044564,7728595,18819,18819,
GPU,2,0.000,0.000,0.000,12044564,7728595,18819,18819,
GPU,2,0.000,0.000,0.000,12044564,7728595,18819,18819,
GPU,2,0.000,0.000,0.000,10608582,6771435,0,0,
GPU,2,0.000,0.000,0.000,10608582,6771435,0,0,
GPU,2,0.000,0.000,0.000,10608582,6771435,0,0,
GPU,2,0.000,0.000,0.000,10608582,6771435,0,0,
GPU,2,0.000,0.000,0.000,10278493,6664078,0,0,
GPU,2,0.000,0.000,0.000,10278493,6664078,0,0,
GPU,2,0.000,0.000,0.000,10278493,6664078,0,0,
GPU,2,0.000,0.000,0.000,8522824,5498596,0,0,
GPU,2,0.000,0.000,0.000,8522824,5498596,0,0,
GPU,2,0.000,0.000,0.000,8522824,5498596,0,0,
GPU,2,0.000,0.000,0.000,11772628,7283066,0,0,
GPU,2,0.000,0.000,0.000,11772628,7283066,0,0,
GPU,2,0.000,0.000,0.000,11772628,7283066,0,0,
GPU,2,0.000,0.000,0.000,10380159,7108152,21155,21155,
GPU,2,0.000,0.000,0.000,10380159,7108152,21155,21155,
GPU,2,0.000,0.000,0.000,10380159,7108152,21155,21155,
GPU,2,0.000,0.000,0.000,10380159,7108152,21155,21155,
GPU,2,0.000,0.000,0.000,10396361,6667231,0,0,
GPU,2,0.000,0.000,0.000,10396361,6667231,0,0,
GPU,2,0.000,0.000,0.000,10396361,6667231,0,0,
GPU,2,0.000,0.000,0.000,10211434,6588022,0,0,
GPU,2,0.000,0.000,0.000,10211434,6588022,0,0,
GPU,2,0.000,0.000,0.000,10211434,6588022,0,0,
GPU,2,0.000,0.000,0.000,10211434,6588022,0,0,
GPU,2,0.000,0.000,0.000,9617497,6204837,0,0,
GPU,2,0.000,0.000,0.000,9617497,6204837,0,0,
GPU,2,0.000,0.000,0.000,9617497,6204837,0,0,
GPU,2,0.000,0.000,0.000,13228955,7881080,0,0,
GPU,2,0.000,0.000,0.000,13228955,7881080,0,0,
GPU,2,0.000,0.000,0.000,13228955,7881080,0,0,
GPU,2,0.000,0.000,0.000,10739696,7122114,21196,21196,
GPU,2,0.000,0.000,0.000,10739696,7122114,21196,21196,
GPU,2,0.000,0.000,0.000,10739696,7122114,21196,21196,
GPU,2,0.000,0.000,0.000,9817570,6333916,0,0,
GPU,2,0.000,0.000,0.000,9817570,6333916,0,0,
GPU,2,0.000,0.000,0.000,9817570,6333916,0,0,
GPU,2,0.000,0.000,0.000,9817570,6333916,0,0,
GPU,2,0.000,0.000,0.000,8966448,5881218,0,0,
GPU,2,0.000,0.000,0.000,8966448,5881218,0,0,
GPU,2,0.000,0.000,0.000,8966448,5881218,0,0,
GPU,2,0.000,0.000,0.000,13331558,7869322,0,0,
GPU,2,0.000,0.000,0.000,13331558,7869322,0,0,
GPU,2,0.000,0.000,0.000,13331558,7869322,0,0,
GPU,2,0.000,0.000,0.000,10619144,6778177,0,0,
GPU,2,0.000,0.000,0.000,10619144,6778177,0,0,
GPU,2,0.000,0.000,0.000,10619144,6778177,0,0,
GPU,2,0.000,0.000,0.000,10619144,6778177,0,0,
GPU,2,0.000,0.000,0.000,14181692,7750459,15459,15459,
GPU,2,0.000,0.000,0.000,14181692,7750459,15459,15459,
GPU,2,0.000,0.000,0.000,14181692,7750459,15459,15459,
GPU,2,0.000,0.000,0.000,14181692,7750459,15459,15459,
GPU,2,0.000,0.000,0.000,13644891,8010871,0,0,
GPU,2,0.000,0.000,0.000,13644891,8010871,0,0,
GPU,2,0.000,0.000,0.000,13644891,8010871,0,0,
GPU,2,0.000,0.000,0.000,10597669,6877210,0,0,
GPU,2,0.000,0.000,0.000,10597669,6877210,0,0,
GPU,2,0.000,0.000,0.000,10597669,6877210,0,0,
GPU,2,0.000,0.000,0.000,10597669,6877210,0,0,
GPU,2,0.000,0.000,0.000,8815642,5681192,0,0,
GPU,2,0.000,0.000,0.000,8815642,5681192,0,0,
GPU,2,0.000,0.000,0.000,8815642,5681192,0,0,
GPU,2,0.000,0.000,0.000,10125103,6564627,0,0,
GPU,2,0.000,0.000,0.000,10125103,6564627,0,0,
GPU,2,0.000,0.000,0.000,10125103,6564627,0,0,
GPU,2,0.000,0.000,0.000,11920833,7641559,19103,19103,
GPU,2,0.000,0.000,0.000,11920833,7641559,19103,19103,
GPU,2,0.000,0.000,0.000,11920833,7641559,19103,19103,
GPU,2,0.000,0.000,0.000,11920833,7641559,19103,19103,
GPU,2,0.000,0.000,0.000,10599162,6765423,0,0,
GPU,2,0.000,0.000,0.000,10599162,6765423,0,0,
GPU,2,0.000,0.000,0.000,10599162,6765423,0,0,
GPU,2,0.000,0.000,0.000,10599162,6765423,0,0,
GPU,2,0.000,0.000,0.000,10527730,6792084,0,0,
GPU,2,0.000,0.000,0.000,10527730,6792084,0,0,
GPU,2,0.000,0.000,0.000,10527730,6792084,0,0,
GPU,2,0.000,0.000,0.000,7581624,4891370,0,0,
GPU,2,0.000,0.000,0.000,7581624,4891370,0,0,
GPU,2,0.000,0.000,0.000,7581624,4891370,0,0,
GPU,2,0.000,0.000,0.000,10646252,6914576,0,0,
GPU,2,0.000,0.000,0.000,10646252,6914576,0,0,
GPU,2,0.000,0.000,0.000,10646252,6914576,0,0,
GPU,2,0.000,0.000,0.000,10711466,7216146,21141,21141,
GPU,2,0.000,0.000,0.000,10711466,7216146,21141,21141,
GPU,2,0.000,0.000,0.000,10711466,7216146,21141,21141,
GPU,2,0.000,0.000,0.000,10517610,6785555,0,0,
GPU,2,0.000,0.000,0.000,10517610,6785555,0,0,
GPU,2,0.000,0.000,0.000,10517610,6785555,0,0,
GPU,2,0.000,0.000,0.000,10166364,6558945,0,0,
GPU,2,0.000,0.000,0.000,10166364,6558945,0,0,
GPU,2,0.000,0.000,0.000,10166364,6558945,0,0,
GPU,2,0.000,0.000,0.000,10166364,6558945,0,0,
GPU,2,0.000,0.000,0.000,10097822,6445418,0,0,
GPU,2,0.000,0.000,0.000,10097822,6445418,0,0,
GPU,2,0.000,0.000,0.000,10097822,6445418,0,0,
GPU,2,0.000,0.000,0.000,13152486,7797545,0,0,
GPU,2,0.000,0.000,0.000,13152486,7797545,0,0,
GPU,2,0.000,0.000,0.000,13152486,7797545,0,0,
GPU,2,0.000,0.000,0.000,13152486,7797545,0,0,
GPU,2,0.000,0.000,0.000,10635890,7241457,21215,21215,
GPU,2,0.000,0.000,0.000,10635890,7241457,21215,21215,
GPU,2,0.000,0.000,0.000,10635890,7241457,21215,21215,
GPU,2,0.000,0.000,0.000,7629444,4869858,0,0,
GPU,2,0.000,0.000,0.000,7629444,4869858,0,0,
GPU,2,0.000,0.000,0.000,7629444,4869858,0,0,
GPU,2,0.000,0.000,0.000,7629444,4869858,0,0,
GPU,2,0.000,0.000,0.000,12659282,7709788,0,0,
GPU,2,0.000,0.000,0.000,12659282,7709788,0,0,
GPU,2,0.000,0.000,0.000,12659282,7709788,0,0,
GPU,2,0.000,0.000,0.000,10697369,6756233,0,0,
GPU,2,0.000,0.000,0.000,10697369,6756233,0,0,
GPU,2,0.000,0.000,0.000,10697369,6756233,0,0,
GPU,2,0.000,0.000,0.000,10528922,6792853,0,0,
GPU,2,0.000,0.000,0.000,10528922,6792853,0,0,
GPU,2,0.000,0.000,0.000,10528922,6792853,0,0,
GPU,2,0.000,0.000,0.000,10309490,7019227,20564,20564,
GPU,2,0.000,0.000,0.000,10309490,7019227,20564,20564,
GPU,2,0.000,0.000,0.000,10309490,7019227,20564,20564,
GPU,2,0.000,0.000,0.000,10309490,7019227,20564,20564,
GPU,2,0.000,0.000,0.000,10309490,7019227,20564,20564,
GPU,2,0.000,0.000,0.000,12703757,7346751,0,0,
GPU,2,0.000,0.000,0.000,12703757,7346751,0,0,
GPU,2,0.000,0.000,0.000,12703757,7346751,0,0,
GPU,2,0.000,0.000,0.000,10599312,6765518,0,0,
GPU,2,0.000,0.000,0.000,10599312,6765518,0,0,
GPU,2,0.000,0.000,0.000,10599312,6765518,0,0,
GPU,2,0.000,0.000,0.000,9034059,5828425,0,0,
GPU,2,0.000,0.000,0.000,9034059,5828425,0,0,
GPU,2,0.000,0.000,0.000,9034059,5828425,0,0,
GPU,2,0.000,0.000,0.000,9034059,5828425,0,0,
GPU,2,0.000,0.000,0.000,10362116,6685236,0,0,
GPU,2,0.000,0.000,0.000,10362116,6685236,0,0,
GPU,2,0.000,0.000,0.000,10362116,6685236,0,0,
GPU,2,0.000,0.000,0.000,10322250,6847433,19162,19162,
GPU,2,0.000,0.000,0.000,10322250,6847433,19162,19162,
GPU,2,0.000,0.000,0.000,10322250,6847433,19162,19162,
GPU,2,0.000,0.000,0.000,10591325,6873094,0,0,
GPU,2,0.000,0.000,0.000,10591325,6873094,0,0,
GPU,2,0.000,0.000,0.000,10591325,6873094,0,0,
GPU,2,0.000,0.000,0.000,10507732,6779182,0,0,
GPU,2,0.000,0.000,0.000,10507732,6779182,0,0,
GPU,2,0.000,0.000,0.000,10507732,6779182,0,0,
GPU,2,0.000,0.000,0.000,9826711,6339814,0,0,
GPU,2,0.000,0.000,0.000,9826711,6339814,0,0,
GPU,2,0.000,0.000,0.000,9826711,6339814,0,0,
GPU,2,0.000,0.000,0.000,9826711,6339814,0,0,
GPU,2,0.000,0.000,0.000,9984001,6372767,0,0,
GPU,2,0.000,0.000,0.000,9984001,6372767,0,0,
GPU,2,0.000,0.000,0.000,9984001,6372767,0,0,
GPU,2,0.000,0.000,0.000,12500915,7813072,18311,18311,
GPU,2,0.000,0.000,0.000,12500915,7813072,18311,18311,
GPU,2,0.000,0.000,0.000,12500915,7813072,18311,18311,
GPU,2,0.000,0.000,0.000,10288080,6670293,0,0,
GPU,2,0.000,0.000,0.000,10288080,6670293,0,0,
GPU,2,0.000,0.000,0.000,10288080,6670293,0,0,
GPU,2,0.000,0.000,0.000,9951170,6457674,0,0,
GPU,2,0.000,0.000,0.000,9951170,6457674,0,0,
GPU,2,0.000,0.000,0.000,9951170,6457674,0,0,
GPU,2,0.000,0.000,0.000,9951170,6457674,0,0,
GPU,2,0.000,0.000,0.000,9144149,5899451,0,0,
GPU,2,0.000,0.000,0.000,9144149,5899451,0,0,
GPU,2,0.000,0.000,0.000,9144149,5899451,0,0,
GPU,2,0.000,0.000,0.000,13214793,7740093,0,0,
GPU,2,0.000,0.000,0.000,13214793,7740093,0,0,
GPU,2,0.000,0.000,0.000,13214793,7740093,0,0,
GPU,2,0.000,0.000,0.000,13214793,7740093,0,0,
GPU,2,0.000,0.000,0.000,10632356,7239051,21208,21208,
GPU,2,0.000,0.000,0.000,10632356,7239051,21208,21208,
GPU,2,0.000,0.000,0.000,10632356,7239051,21208,21208,
GPU,2,0.000,0.000,0.000,10012852,6459904,0,0,
GPU,2,0.000,0.000,0.000,10012852,6459904,0,0,
GPU,2,0.000,0.000,0.000,10012852,6459904,0,0,
GPU,2,0.000,0.000,0.000,10012852,6459904,0,0,
GPU,2,0.000,0.000,0.000,8754074,5647789,0,0,
GPU,2,0.000,0.000,0.000,8754074,5647789,0,0,
GPU,2,0.000,0.000,0.000,8754074,5647789,0,0,
GPU,2,0.000,0.000,0.000,13437668,7969927,0,0,
GPU,2,0.000,0.000,0.000,13437668,7969927,0,0,
GPU,2,0.000,0.000,0.000,13437668,7969927,0,0,
GPU,2,0.000,0.000,0.000,10503282,6776311,0,0,
GPU,2,0.000,0.000,0.000,10503282,6776311,0,0,
GPU,2,0.000,0.000,0.000,10503282,6776311,0,0,
GPU,2,0.000,0.000,0.000,10308019,6944350,20344,20344,
GPU,2,0.000,0.000,0.000,10308019,6944350,20344,20344,
GPU,2,0.000,0.000,0.000,10308019,6944350,20344,20344,
GPU,2,0.000,0.000,0.000,10308019,6944350,20344,20344,
GPU,2,0.000,0.000,0.000,10308019,6944350,20344,20344,
GPU,2,0.000,0.000,0.000,8630639,5568154,0,0,
GPU,2,0.000,0.000,0.000,8630639,5568154,0,0,
GPU,2,0.000,0.000,0.000,8630639,5568154,0,0,
GPU,2,0.000,0.000,0.000,14207450,8180047,0,0,
GPU,2,0.000,0.000,0.000,14207450,8180047,0,0,
GPU,2,0.000,0.000,0.000,14207450,8180047,0,0,
GPU,2,0.000,0.000,0.000,10503356,6776358,0,0,
GPU,2,0.000,0.000,0.000,10503356,6776358,0,0,
GPU,2,0.000,0.000,0.000,10503356,6776358,0,0,
GPU,2,0.000,0.000,0.000,10222939,6595445,0,0,
GPU,2,0.000,0.000,0.000,10222939,6595445,0,0,
GPU,2,0.000,0.000,0.000,10222939,6595445,0,0,
GPU,2,0.000,0.000,0.000,10222939,6595445,0,0,
GPU,2,0.000,0.000,0.000,10222939,6595445,0,0,
GPU,2,0.000,0.000,0.000,7271108,4896868,13911,13911,
GPU,2,0.000,0.000,0.000,7271108,4896868,13911,13911,
GPU,2,0.000,0.000,0.000,7271108,4896868,13911,13911,
GPU,2,0.000,0.000,0.000,10590803,6760087,0,0,
GPU,2,0.000,0.000,0.000,10590803,6760087,0,0,
GPU,2,0.000,0.000,0.000,10590803,6760087,0,0,
GPU,2,0.000,0.000,0.000,10590803,6760087,0,0,
GPU,2,0.000,0.000,0.000,8799683,5677214,0,0,
GPU,2,0.000,0.000,0.000,8799683,5677214,0,0,
GPU,2,0.000,0.000,0.000,8799683,5677214,0,0,
GPU,2,0.000,0.000,0.000,10342526,6672597,0,0,
GPU,2,0.000,0.000,0.000,10342526,6672597,0,0,
GPU,2,0.000,0.000,0.000,10342526,6672597,0,0,
GPU,2,0.000,0.000,0.000,10670773,6820494,0,0,
GPU,2,0.000,0.000,0.000,10670773,6820494,0,0,
GPU,2,0.000,0.000,0.000,10670773,6820494,0,0,
GPU,2,0.000,0.000,0.000,10700683,7208881,21119,21119,
GPU,2,0.000,0.000,0.000,10700683,7208881,21119,21119,
GPU,2,0.000,0.000,0.000,10700683,7208881,21119,21119,
GPU,2,0.000,0.000,0.000,10524901,6903429,0,0,
GPU,2,0.000,0.000,0.000,10524901,6903429,0,0,
GPU,2,0.000,0.000,0.000,10524901,6903429,0,0,
GPU,2,0.000,0.000,0.000,10324564,6590147,0,0,
GPU,2,0.000,0.000,0.000,10324564,6590147,0,0,
GPU,2,0.000,0.000,0.000,10324564,6590147,0,0,
GPU,2,0.000,0.000,0.000,10350512,6677749,0,0,
GPU,2,0.000,0.000,0.000,10350512,6677749,0,0,
GPU,2,0.000,0.000,0.000,10350512,6677749,0,0,
GPU,2,0.000,0.000,0.000,10717649,6810173,0,0,
GPU,2,0.000,0.000,0.000,10717649,6810173,0,0,
GPU,2,0.000,0.000,0.000,10717649,6810173,0,0,
GPU,2,0.000,0.000,0.000,10717649,6810173,0,0,
GPU,2,0.000,0.000,0.000,10692629,7203455,21103,21103,
GPU,2,0.000,0.000,0.000,10692629,7203455,21103,21103,
GPU,2,0.000,0.000,0.000,10692629,7203455,21103,21103,
GPU,2,0.000,0.000,0.000,8843509,5705489,0,0,
GPU,2,0.000,0.000,0.000,8843509,5705489,0,0,
GPU,2,0.000,0.000,0.000,8843509,5705489,0,0,
GPU,2,0.000,0.000,0.000,8843509,5705489,0,0,
GPU,2,0.000,0.000,0.000,8699973,5612886,0,0,
GPU,2,0.000,0.000,0.000,8699973,5612886,0,0,
GPU,2,0.000,0.000,0.000,8699973,5612886,0,0,
GPU,2,0.000,0.000,0.000,10841092,6929358,0,0,
GPU,2,0.000,0.000,0.000,10841092,6929358,0,0,
GPU,2,0.000,0.000,0.000,10841092,6929358,0,0,
GPU,2,0.000,0.000,0.000,10472530,6756471,0,0,
GPU,2,0.000,0.000,0.000,10472530,6756471,0,0,
GPU,2,0.000,0.000,0.000,10472530,6756471,0,0,
GPU,2,0.000,0.000,0.000,10472530,6756471,0,0,
GPU,2,0.000,0.000,0.000,8683625,5882455,17507,17507,
GPU,2,0.000,0.000,0.000,8683625,5882455,17507,17507,
GPU,2,0.000,0.000,0.000,8683625,5882455,17507,17507,
GPU,2,0.000,0.000,0.000,8709904,5619292,0,0,
GPU,2,0.000,0.000,0.000,8709904,5619292,0,0,
GPU,2,0.000,0.000,0.000,8709904,5619292,0,0,
GPU,2,0.000,0.000,0.000,10940247,6921380,0,0,
GPU,2,0.000,0.000,0.000,10940247,6921380,0,0,
GPU,2,0.000,0.000,0.000,10940247,6921380,0,0,
GPU,2,0.000,0.000,0.000,10940247,6921380,0,0,
GPU,2,0.000,0.000,0.000,10472825,6869272,0,0,
GPU,2,0.000,0.000,0.000,10472825,6869272,0,0,
GPU,2,0.000,0.000,0.000,10472825,6869272,0,0,
GPU,2,0.000,0.000,0.000,8347092,5320124,0,0,
GPU,2,0.000,0.000,0.000,8347092,5320124,0,0,
GPU,2,0.000,0.000,0.000,8347092,5320124,0,0,
GPU,2,0.000,0.000,0.000,8347092,5320124,0,0,
GPU,2,0.000,0.000,0.000,8347092,5320124,0,0,
GPU,2,0.000,0.000,0.000,8400325,5690542,16936,16936,
GPU,2,0.000,0.000,0.000,8400325,5690542,16936,16936,
GPU,2,0.000,0.000,0.000,8400325,5690542,16936,16936,
GPU,2,0.000,0.000,0.000,12913176,7747906,0,0,
GPU,2,0.000,0.000,0.000,12913176,7747906,0,0,
GPU,2,0.000,0.000,0.000,12913176,7747906,0,0,
GPU,2,0.000,0.000,0.000,10502763,6775976,0,0,
GPU,2,0.000,0.000,0.000,10502763,6775976,0,0,
GPU,2,0.000,0.000,0.000,10502763,6775976,0,0,
GPU,2,0.000,0.000,0.000,9113991,5817441,0,0,
GPU,2,0.000,0.000,0.000,9113991,5817441,0,0,
GPU,2,0.000,0.000,0.000,9113991,5817441,0,0,
GPU,2,0.000,0.000,0.000,10318214,6656912,0,0,
GPU,2,0.000,0.000,0.000,10318214,6656912,0,0,
GPU,2,0.000,0.000,0.000,10318214,6656912,0,0,
GPU,2,0.000,0.000,0.000,10832239,7370390,20938,20938,
GPU,2,0.000,0.000,0.000,10832239,7370390,20938,20938,
GPU,2,0.000,0.000,0.000,10832239,7370390,20938,20938,
GPU,2,0.000,0.000,0.000,10832239,7370390,20938,20938,
GPU,2,0.000,0.000,0.000,10689095,6863524,0,0,
GPU,2,0.000,0.000,0.000,10689095,6863524,0,0,
GPU,2,0.000,0.000,0.000,10689095,6863524,0,0,
GPU,2,0.000,0.000,0.000,8619311,5588344,0,0,
GPU,2,0.000,0.000,0.000,8619311,5588344,0,0,
GPU,2,0.000,0.000,0.000,8619311,5588344,0,0,
GPU,2,0.000,0.000,0.000,8619311,5588344,0,0,
GPU,2,0.000,0.000,0.000,9157035,5907765,0,0,
GPU,2,0.000,0.000,0.000,9157035,5907765,0,0,
GPU,2,0.000,0.000,0.000,9157035,5907765,0,0,
GPU,2,0.000,0.000,0.000,10850187,6935171,0,0,
GPU,2,0.000,0.000,0.000,10850187,6935171,0,0,
GPU,2,0.000,0.000,0.000,10850187,6935171,0,0,
GPU,2,0.000,0.000,0.000,10715620,7218944,21149,21149,
GPU,2,0.000,0.000,0.000,10715620,7218944,21149,21149,
GPU,2,0.000,0.000,0.000,10715620,7218944,21149,21149,
GPU,2,0.000,0.000,0.000,10235870,6564307,0,0,
GPU,2,0.000,0.000,0.000,10235870,6564307,0,0,
GPU,2,0.000,0.000,0.000,10235870,6564307,0,0,
GPU,2,0.000,0.000,0.000,10367026,6688403,0,0,
GPU,2,0.000,0.000,0.000,10367026,6688403,0,0,
GPU,2,0.000,0.000,0.000,10367026,6688403,0,0,
GPU,2,0.000,0.000,0.000,10711278,6846384,0,0,
GPU,2,0.000,0.000,0.000,10711278,6846384,0,0,
GPU,2,0.000,0.000,0.000,10711278,6846384,0,0,
GPU,2,0.000,0.000,0.000,10611726,6886333,0,0,
GPU,2,0.000,0.000,0.000,10611726,6886333,0,0,
GPU,2,0.000,0.000,0.000,10611726,6886333,0,0,
GPU,2,0.000,0.000,0.000,10611726,6886333,0,0,
GPU,2,0.000,0.000,0.000,8832433,5698343,0,0,
GPU,2,0.000,0.000,0.000,8832433,5698343,0,0,
GPU,2,0.000,0.000,0.000,8832433,5698343,0,0,
GPU,2,0.000,0.000,0.000,10594401,7137281,20910,20910,
GPU,2,0.000,0.000,0.000,10594401,7137281,20910,20910,
GPU,2,0.000,0.000,0.000,10594401,7137281,20910,20910,
GPU,2,0.000,0.000,0.000,12025629,7315591,0,0,
GPU,2,0.000,0.000,0.000,12025629,7315591,0,0,
GPU,2,0.000,0.000,0.000,12025629,7315591,0,0,
GPU,2,0.000,0.000,0.000,10591773,6760706,0,0,
GPU,2,0.000,0.000,0.000,10591773,6760706,0,0,
GPU,2,0.000,0.000,0.000,10591773,6760706,0,0,
GPU,2,0.000,0.000,0.000,10591773,6760706,0,0,
GPU,2,0.000,0.000,0.000,9059531,5879057,0,0,
GPU,2,0.000,0.000,0.000,9059531,5879057,0,0,
GPU,2,0.000,0.000,0.000,9059531,5879057,0,0,
GPU,2,0.000,0.000,0.000,10360241,6684026,0,0,
GPU,2,0.000,0.000,0.000,10360241,6684026,0,0,
GPU,2,0.000,0.000,0.000,10360241,6684026,0,0,
GPU,2,0.000,0.000,0.000,11719879,7504835,19276,19276,
GPU,2,0.000,0.000,0.000,11719879,7504835,19276,19276,
GPU,2,0.000,0.000,0.000,11719879,7504835,19276,19276,
GPU,2,0.000,0.000,0.000,10540036,6839811,0,0,
GPU,2,0.000,0.000,0.000,10540036,6839811,0,0,
GPU,2,0.000,0.000,0.000,10540036,6839811,0,0,
GPU,2,0.000,0.000,0.000,10540036,6839811,0,0,
GPU,2,0.000,0.000,0.000,10515009,6783876,0,0,
GPU,2,0.000,0.000,0.000,10515009,6783876,0,0,
GPU,2,0.000,0.000,0.000,10515009,6783876,0,0,
GPU,2,0.000,0.000,0.000,9673267,6240817,0,0,
GPU,2,0.000,0.000,0.000,9673267,6240817,0,0,
GPU,2,0.000,0.000,0.000,9673267,6240817,0,0,
GPU,2,0.000,0.000,0.000,9673267,6240817,0,0,
GPU,2,0.000,0.000,0.000,9673267,6240817,0,0,
GPU,2,0.000,0.000,0.000,6109273,4114408,11688,11688,
GPU,2,0.000,0.000,0.000,6109273,4114408,11688,11688,
GPU,2,0.000,0.000,0.000,6109273,4114408,11688,11688,
GPU,2,0.000,0.000,0.000,10598789,6765184,0,0,
GPU,2,0.000,0.000,0.000,10598789,6765184,0,0,
GPU,2,0.000,0.000,0.000,10598789,6765184,0,0,
GPU,2,0.000,0.000,0.000,10368254,6689196,0,0,
GPU,2,0.000,0.000,0.000,10368254,6689196,0,0,
GPU,2,0.000,0.000,0.000,10368254,6689196,0,0,
GPU,2,0.000,0.000,0.000,10136805,6572214,0,0,
GPU,2,0.000,0.000,0.000,10136805,6572214,0,0,
GPU,2,0.000,0.000,0.000,10136805,6572214,0,0,
GPU,2,0.000,0.000,0.000,10136805,6572214,0,0,
GPU,2,0.000,0.000,0.000,10695924,6836570,0,0,
GPU,2,0.000,0.000,0.000,10695924,6836570,0,0,
GPU,2,0.000,0.000,0.000,10695924,6836570,0,0,
GPU,2,0.000,0.000,0.000,10572786,6748587,0,0,
GPU,2,0.000,0.000,0.000,10572786,6748587,0,0,
GPU,2,0.000,0.000,0.000,10572786,6748587,0,0,
GPU,2,0.000,0.000,0.000,10572786,6748587,0,0,
GPU,2,0.000,0.000,0.000,8244201,5553988,16271,16271,
GPU,2,0.000,0.000,0.000,8244201,5553988,16271,16271,
GPU,2,0.000,0.000,0.000,8244201,5553988,16271,16271,
GPU,2,0.000,0.000,0.000,10345546,6674546,0,0,
GPU,2,0.000,0.000,0.000,10345546,6674546,0,0,
GPU,2,0.000,0.000,0.000,10345546,6674546,0,0,
GPU,2,0.000,0.000,0.000,10576472,6830638,0,0,
GPU,2,0.000,0.000,0.000,10576472,6830638,0,0,
GPU,2,0.000,0.000,0.000,10576472,6830638,0,0,
GPU,2,0.000,0.000,0.000,10602749,6767712,0,0,
GPU,2,0.000,0.000,0.000,10602749,6767712,0,0,
GPU,2,0.000,0.000,0.000,10602749,6767712,0,0,
GPU,2,0.000,0.000,0.000,10501503,6775163,0,0,
GPU,2,0.000,0.000,0.000,10501503,6775163,0,0,
GPU,2,0.000,0.000,0.000,10501503,6775163,0,0,
GPU,2,0.000,0.000,0.000,10213116,6918562,20590,20590,
GPU,2,0.000,0.000,0.000,10213116,6918562,20590,20590,
GPU,2,0.000,0.000,0.000,10213116,6918562,20590,20590,
GPU,2,0.000,0.000,0.000,10213116,6918562,20590,20590,
GPU,2,0.000,0.000,0.000,10213116,6918562,20590,20590,
GPU,2,0.000,0.000,0.000,11068187,6625323,0,0,
GPU,2,0.000,0.000,0.000,11068187,6625323,0,0,
GPU,2,0.000,0.000,0.000,11068187,6625323,0,0,
GPU,2,0.000,0.000,0.000,10558905,6739727,0,0,
GPU,2,0.000,0.000,0.000,10558905,6739727,0,0,
GPU,2,0.000,0.000,0.000,10558905,6739727,0,0,
GPU,2,0.000,0.000,0.000,9279368,6021717,0,0,
GPU,2,0.000,0.000,0.000,9279368,6021717,0,0,
GPU,2,0.000,0.000,0.000,9279368,6021717,0,0,
GPU,2,0.000,0.000,0.000,10341304,6560612,0,0,
GPU,2,0.000,0.000,0.000,10341304,6560612,0,0,
GPU,2,0.000,0.000,0.000,10341304,6560612,0,0,
GPU,2,0.000,0.000,0.000,10341304,6560612,0,0,
GPU,2,0.000,0.000,0.000,8820542,6035108,17408,17408,
GPU,2,0.000,0.000,0.000,8820542,6035108,17408,17408,
GPU,2,0.000,0.000,0.000,8820542,6035108,17408,17408,
GPU,2,0.000,0.000,0.000,10591474,6873191,0,0,
GPU,2,0.000,0.000,0.000,10591474,6873191,0,0,
GPU,2,0.000,0.000,0.000,10591474,6873191,0,0,
GPU,2,0.000,0.000,0.000,10512260,6669068,0,0,
GPU,2,0.000,0.000,0.000,10512260,6669068,0,0,
GPU,2,0.000,0.000,0.000,10512260,6669068,0,0,
GPU,2,0.000,0.000,0.000,10093598,6582781,0,0,
GPU,2,0.000,0.000,0.000,10093598,6582781,0,0,
GPU,2,0.000,0.000,0.000,10093598,6582781,0,0,
GPU,2,0.000,0.000,0.000,10093598,6582781,0,0,
GPU,2,0.000,0.000,0.000,9897204,6208246,0,0,
GPU,2,0.000,0.000,0.000,9897204,6208246,0,0,
GPU,2,0.000,0.000,0.000,9897204,6208246,0,0,
GPU,2,0.000,0.000,0.000,10798877,7199251,21091,21091,
GPU,2,0.000,0.000,0.000,10798877,7199251,21091,21091,
GPU,2,0.000,0.000,0.000,10798877,7199251,21091,21091,
GPU,2,0.000,0.000,0.000,10526092,6791027,0,0,
GPU,2,0.000,0.000,0.000,10526092,6791027,0,0,
GPU,2,0.000,0.000,0.000,10526092,6791027,0,0,
GPU,2,0.000,0.000,0.000,10109056,6482982,0,0,
GPU,2,0.000,0.000,0.000,10109056,6482982,0,0,
GPU,2,0.000,0.000,0.000,10109056,6482982,0,0,
GPU,2,0.000,0.000,0.000,10278130,6663843,0,0,
GPU,2,0.000,0.000,0.000,10278130,6663843,0,0,
GPU,2,0.000,0.000,0.000,10278130,6663843,0,0,
GPU,2,0.000,0.000,0.000,10700643,6839586,0,0,
GPU,2,0.000,0.000,0.000,10700643,6839586,0,0,
GPU,2,0.000,0.000,0.000,10700643,6839586,0,0,
GPU,2,0.000,0.000,0.000,9910221,6676359,19559,19559,
GPU,2,0.000,0.000,0.000,9910221,6676359,19559,19559,
GPU,2,0.000,0.000,0.000,9910221,6676359,19559,19559,
GPU,2,0.000,0.000,0.000,9910221,6676359,19559,19559,
GPU,2,0.000,0.000,0.000,8791935,5672216,0,0,
GPU,2,0.000,0.000,0.000,8791935,5672216,0,0,
GPU,2,0.000,0.000,0.000,8791935,5672216,0,0,
GPU,2,0.000,0.000,0.000,10480496,6761610,0,0,
GPU,2,0.000,0.000,0.000,10480496,6761610,0,0,
GPU,2,0.000,0.000,0.000,10480496,6761610,0,0,
GPU,2,0.000,0.000,0.000,10705737,6953210,0,0,
GPU,2,0.000,0.000,0.000,10705737,6953210,0,0,
GPU,2,0.000,0.000,0.000,10705737,6953210,0,0,
GPU,2,0.000,0.000,0.000,10581861,6754379,0,0,
GPU,2,0.000,0.000,0.000,10581861,6754379,0,0,
GPU,2,0.000,0.000,0.000,10581861,6754379,0,0,
GPU,2,0.000,0.000,0.000,10339149,6670418,0,0,
GPU,2,0.000,0.000,0.000,10339149,6670418,0,0,
GPU,2,0.000,0.000,0.000,10339149,6670418,0,0,
GPU,2,0.000,0.000,0.000,10487925,7029141,20920,20920,
GPU,2,0.000,0.000,0.000,10487925,7029141,20920,20920,
GPU,2,0.000,0.000,0.000,10487925,7029141,20920,20920,
GPU,2,0.000,0.000,0.000,10791094,6937132,0,0,
GPU,2,0.000,0.000,0.000,10791094,6937132,0,0,
GPU,2,0.000,0.000,0.000,10791094,6937132,0,0,
GPU,2,0.000,0.000,0.000,10589312,6871787,0,0,
GPU,2,0.000,0.000,0.000,10589312,6871787,0,0,
GPU,2,0.000,0.000,0.000,10589312,6871787,0,0,
GPU,2,0.000,0.000,0.000,10589312,6871787,0,0,
GPU,2,0.000,0.000,0.000,9108605,5778577,0,0,
GPU,2,0.000,0.000,0.000,9108605,5778577,0,0,
GPU,2,0.000,0.000,0.000,9108605,5778577,0,0,
GPU,2,0.000,0.000,0.000,10238789,6677471,0,0,
GPU,2,0.000,0.000,0.000,10238789,6677471,0,0,
GPU,2,0.000,0.000,0.000,10238789,6677471,0,0,
GPU,2,0.000,0.000,0.000,10238789,6677471,0,0,
GPU,2,0.000,0.000,0.000,8820387,5972137,17227,17227,
GPU,2,0.000,0.000,0.000,8820387,5972137,17227,17227,
GPU,2,0.000,0.000,0.000,8820387,5972137,17227,17227,
GPU,2,0.000,0.000,0.000,10566843,6744793,0,0,
GPU,2,0.000,0.000,0.000,10566843,6744793,0,0,
GPU,2,0.000,0.000,0.000,10566843,6744793,0,0,
GPU,2,0.000,0.000,0.000,10612849,6887062,0,0,
GPU,2,0.000,0.000,0.000,10612849,6887062,0,0,
GPU,2,0.000,0.000,0.000,10612849,6887062,0,0,
GPU,2,0.000,0.000,0.000,9967277,6462300,0,0,
GPU,2,0.000,0.000,0.000,9967277,6462300,0,0,
GPU,2,0.000,0.000,0.000,9967277,6462300,0,0,
GPU,2,0.000,0.000,0.000,9967277,6462300,0,0,
GPU,2,0.000,0.000,0.000,9456703,5933617,0,0,
GPU,2,0.000,0.000,0.000,9456703,5933617,0,0,
GPU,2,0.000,0.000,0.000,9456703,5933617,0,0,
GPU,2,0.000,0.000,0.000,10578586,6864827,0,0,
GPU,2,0.000,0.000,0.000,10578586,6864827,0,0,
GPU,2,0.000,0.000,0.000,10578586,6864827,0,0,
GPU,2,0.000,0.000,0.000,10589386,6759182,0,0,
GPU,2,0.000,0.000,0.000,10589386,6759182,0,0,
GPU,2,0.000,0.000,0.000,10589386,6759182,0,0,
GPU,2,0.000,0.000,0.000,10231796,6601159,0,0,
GPU,2,0.000,0.000,0.000,10231796,6601159,0,0,
GPU,2,0.000,0.000,0.000,10231796,6601159,0,0,
GPU,2,0.000,0.000,0.000,10625896,6782487,0,0,
GPU,2,0.000,0.000,0.000,10625896,6782487,0,0,
GPU,2,0.000,0.000,0.000,10625896,6782487,0,0,
GPU,2,0.000,0.000,0.000,10566432,6824154,0,0,
GPU,2,0.000,0.000,0.000,10566432,6824154,0,0,
GPU,2,0.000,0.000,0.000,10566432,6824154,0,0,
GPU,2,0.000,0.000,0.000,10600208,6878858,0,0,
GPU,2,0.000,0.000,0.000,10600208,6878858,0,0,
GPU,2,0.000,0.000,0.000,10600208,6878858,0,0,
GPU,2,0.000,0.000,0.000,10337568,6669399,0,0,
GPU,2,0.000,0.000,0.000,10337568,6669399,0,0,
GPU,2,0.000,0.000,0.000,10337568,6669399,0,0,
GPU,2,0.000,0.000,0.000,10476893,6687378,0,0,
GPU,2,0.000,0.000,0.000,10476893,6687378,0,0,
GPU,2,0.000,0.000,0.000,10476893,6687378,0,0,
GPU,2,0.000,0.000,0.000,10573269,6828569,0,0,
GPU,2,0.000,0.000,0.000,10573269,6828569,0,0,
GPU,2,0.000,0.000,0.000,10573269,6828569,0,0,
GPU,2,0.000,0.000,0.000,10580223,6753334,0,0,
GPU,2,0.000,0.000,0.000,10580223,6753334,0,0,
GPU,2,0.000,0.000,0.000,10580223,6753334,0,0,
GPU,2,0.000,0.000,0.000,10580223,6753334,0,0,
GPU,2,0.000,0.000,0.000,8953068,5776173,0,0,
GPU,2,0.000,0.000,0.000,8953068,5776173,0,0,
GPU,2,0.000,0.000,0.000,8953068,5776173,0,0,
GPU,2,0.000,0.000,0.000,8953068,5776173,0,0,
GPU,2,0.000,0.000,0.000,8953068,5776173,0,0,
GPU,2,0.000,0.000,0.000,8953068,5776173,0,0,
GPU,2,0.000,0.000,0.000,6413948,3934607,0,0,
GPU,2,0.000,0.000,0.000,6413948,3934607,0,0,
GPU,2,0.000,0.000,0.000,6413948,3934607,0,0,
GPU,2,0.000,0.000,0.000,10414574,6647600,0,0,
GPU,2,0.000,0.000,0.000,10414574,6647600,0,0,
GPU,2,0.000,0.000,0.000,10414574,6647600,0,0,
GPU,2,0.000,0.000,0.000,10621093,6892411,0,0,
GPU,2,0.000,0.000,0.000,10621093,6892411,0,0,
GPU,2,0.000,0.000,0.000,10621093,6892411,0,0,
GPU,2,0.000,0.000,0.000,10621093,6892411,0,0,
GPU,2,0.000,0.000,0.000,10107182,6481780,0,0,
GPU,2,0.000,0.000,0.000,10107182,6481780,0,0,
GPU,2,0.000,0.000,0.000,10107182,6481780,0,0,
GPU,2,0.000,0.000,0.000,10107182,6481780,0,0,
GPU,2,0.000,0.000,0.000,8311643,5398284,0,0,
GPU,2,0.000,0.000,0.000,8311643,5398284,0,0,
GPU,2,0.000,0.000,0.000,8311643,5398284,0,0,
GPU,2,0.000,0.000,0.000,10597221,6764183,0,0,
GPU,2,0.000,0.000,0.000,10597221,6764183,0,0,
GPU,2,0.000,0.000,0.000,10597221,6764183,0,0,
GPU,2,0.000,0.000,0.000,10503430,6776406,0,0,
GPU,2,0.000,0.000,0.000,10503430,6776406,0,0,
GPU,2,0.000,0.000,0.000,10503430,6776406,0,0,
GPU,2,0.000,0.000,0.000,9948537,6455965,0,0,
GPU,2,0.000,0.000,0.000,9948537,6455965,0,0,
GPU,2,0.000,0.000,0.000,9948537,6455965,0,0,
GPU,2,0.000,0.000,0.000,10511443,6781576,0,0,
GPU,2,0.000,0.000,0.000,10511443,6781576,0,0,
GPU,2,0.000,0.000,0.000,10511443,6781576,0,0,
GPU,2,0.000,0.000,0.000,10511443,6781576,0,0,
GPU,2,0.000,0.000,0.000,12299783,7399088,0,0,
GPU,2,0.000,0.000,0.000,12299783,7399088,0,0,
GPU,2,0.000,0.000,0.000,12299783,7399088,0,0,
GPU,2,0.000,0.000,0.000,10523710,6789490,0,0,
GPU,2,0.000,0.000,0.000,10523710,6789490,0,0,
GPU,2,0.000,0.000,0.000,10523710,6789490,0,0,
GPU,2,0.000,0.000,0.000,9388381,5992584,0,0,
GPU,2,0.000,0.000,0.000,9388381,5992584,0,0,
GPU,2,0.000,0.000,0.000,9388381,5992584,0,0,
GPU,2,0.000,0.000,0.000,10504097,6776837,0,0,
GPU,2,0.000,0.000,0.000,10504097,6776837,0,0,
GPU,2,0.000,0.000,0.000,10504097,6776837,0,0,
GPU,2,0.000,0.000,0.000,10358911,6722272,0,0,
GPU,2,0.000,0.000,0.000,10358911,6722272,0,0,
GPU,2,0.000,0.000,0.000,10358911,6722272,0,0,
GPU,2,0.000,0.000,0.000,10589834,6759468,0,0,
GPU,2,0.000,0.000,0.000,10589834,6759468,0,0,
GPU,2,0.000,0.000,0.000,10589834,6759468,0,0,
GPU,2,0.000,0.000,0.000,10280147,6632353,0,0,
GPU,2,0.000,0.000,0.000,10280147,6632353,0,0,
GPU,2,0.000,0.000,0.000,10280147,6632353,0,0,
GPU,2,0.000,0.000,0.000,10482443,6690921,0,0,
GPU,2,0.000,0.000,0.000,10482443,6690921,0,0,
GPU,2,0.000,0.000,0.000,10482443,6690921,0,0,
GPU,2,0.000,0.000,0.000,10482443,6690921,0,0,
GPU,2,0.000,0.000,0.000,10591423,6840294,0,0,
GPU,2,0.000,0.000,0.000,10591423,6840294,0,0,
GPU,2,0.000,0.000,0.000,10591423,6840294,0,0,
GPU,2,0.000,0.000,0.000,10620268,6891876,0,0,
GPU,2,0.000,0.000,0.000,10620268,6891876,0,0,
GPU,2,0.000,0.000,0.000,10620268,6891876,0,0,
GPU,2,0.000,0.000,0.000,8917174,5753015,0,0,
GPU,2,0.000,0.000,0.000,8917174,5753015,0,0,
GPU,2,0.000,0.000,0.000,8917174,5753015,0,0,
GPU,2,0.000,0.000,0.000,10120106,6450177,0,0,
GPU,2,0.000,0.000,0.000,10120106,6450177,0,0,
GPU,2,0.000,0.000,0.000,10120106,6450177,0,0,
GPU,2,0.000,0.000,0.000,10120106,6450177,0,0,
GPU,2,0.000,0.000,0.000,10134632,6515121,0,0,
GPU,2,0.000,0.000,0.000,10134632,6515121,0,0,
GPU,2,0.000,0.000,0.000,10134632,6515121,0,0,
GPU,2,0.000,0.000,0.000,10588566,6871303,0,0,
GPU,2,0.000,0.000,0.000,10588566,6871303,0,0,
GPU,2,0.000,0.000,0.000,10588566,6871303,0,0,
GPU,2,0.000,0.000,0.000,10496910,6772200,0,0,
GPU,2,0.000,0.000,0.000,10496910,6772200,0,0,
GPU,2,0.000,0.000,0.000,10496910,6772200,0,0,
GPU,2,0.000,0.000,0.000,10227225,6488240,0,0,
GPU,2,0.000,0.000,0.000,10227225,6488240,0,0,
GPU,2,0.000,0.000,0.000,10227225,6488240,0,0,
GPU,2,0.000,0.000,0.000,10227225,6488240,0,0,
GPU,2,0.000,0.000,0.000,8325197,5407087,0,0,
GPU,2,0.000,0.000,0.000,8325197,5407087,0,0,
GPU,2,0.000,0.000,0.000,8325197,5407087,0,0,
GPU,2,0.000,0.000,0.000,10478504,6760325,0,0,
GPU,2,0.000,0.000,0.000,10478504,6760325,0,0,
GPU,2,0.000,0.000,0.000,10478504,6760325,0,0,
GPU,2,0.000,0.000,0.000,10631980,6786370,0,0,
GPU,2,0.000,0.000,0.000,10631980,6786370,0,0,
GPU,2,0.000,0.000,0.000,10631980,6786370,0,0,
GPU,2,0.000,0.000,0.000,9817310,6333748,0,0,
GPU,2,0.000,0.000,0.000,9817310,6333748,0,0,
GPU,2,0.000,0.000,0.000,9817310,6333748,0,0,
GPU,2,0.000,0.000,0.000,9817310,6333748,0,0,
GPU,2,0.000,0.000,0.000,10606936,6770385,0,0,
GPU,2,0.000,0.000,0.000,10606936,6770385,0,0,
GPU,2,0.000,0.000,0.000,10606936,6770385,0,0,
GPU,2,0.000,0.000,0.000,12182181,7386046,0,0,
GPU,2,0.000,0.000,0.000,12182181,7386046,0,0,
GPU,2,0.000,0.000,0.000,12182181,7386046,0,0,
GPU,2,0.000,0.000,0.000,10618769,6777937,0,0,
GPU,2,0.000,0.000,0.000,10618769,6777937,0,0,
GPU,2,0.000,0.000,0.000,10618769,6777937,0,0,
GPU,2,0.000,0.000,0.000,9435218,6087237,0,0,
GPU,2,0.000,0.000,0.000,9435218,6087237,0,0,
GPU,2,0.000,0.000,0.000,9435218,6087237,0,0,
GPU,2,0.000,0.000,0.000,10519172,6786562,0,0,
GPU,2,0.000,0.000,0.000,10519172,6786562,0,0,
GPU,2,0.000,0.000,0.000,10519172,6786562,0,0,
GPU,2,0.000,0.000,0.000,10530501,6800948,0,0,
GPU,2,0.000,0.000,0.000,10530501,6800948,0,0,
GPU,2,0.000,0.000,0.000,10530501,6800948,0,0,
GPU,2,0.000,0.000,0.000,10530501,6800948,0,0,
GPU,2,0.000,0.000,0.000,10693456,6866324,0,0,
GPU,2,0.000,0.000,0.000,10693456,6866324,0,0,
GPU,2,0.000,0.000,0.000,10693456,6866324,0,0,
GPU,2,0.000,0.000,0.000,10101010,6587615,0,0,
GPU,2,0.000,0.000,0.000,10101010,6587615,0,0,
GPU,2,0.000,0.000,0.000,10101010,6587615,0,0,
GPU,2,0.000,0.000,0.000,10103743,6550778,0,0,
GPU,2,0.000,0.000,0.000,10103743,6550778,0,0,
GPU,2,0.000,0.000,0.000,10103743,6550778,0,0,
GPU,2,0.000,0.000,0.000,10706623,6843408,0,0,
GPU,2,0.000,0.000,0.000,10706623,6843408,0,0,
GPU,2,0.000,0.000,0.000,10706623,6843408,0,0,
GPU,2,0.000,0.000,0.000,10595727,6875951,0,0,
GPU,2,0.000,0.000,0.000,10595727,6875951,0,0,
GPU,2,0.000,0.000,0.000,10595727,6875951,0,0,
GPU,2,0.000,0.000,0.000,10595727,6875951,0,0,
GPU,2,0.000,0.000,0.000,8918029,5753567,0,0,
GPU,2,0.000,0.000,0.000,8918029,5753567,0,0,
GPU,2,0.000,0.000,0.000,8918029,5753567,0,0,
GPU,2,0.000,0.000,0.000,10351952,6678679,0,0,
GPU,2,0.000,0.000,0.000,10351952,6678679,0,0,
GPU,2,0.000,0.000,0.000,10351952,6678679,0,0,
GPU,2,0.000,0.000,0.000,10155177,6424704,0,0,
GPU,2,0.000,0.000,0.000,10155177,6424704,0,0,
GPU,2,0.000,0.000,0.000,10155177,6424704,0,0,
GPU,2,0.000,0.000,0.000,10601030,6879392,0,0,
GPU,2,0.000,0.000,0.000,10601030,6879392,0,0,
GPU,2,0.000,0.000,0.000,10601030,6879392,0,0,
GPU,2,0.000,0.000,0.000,10515455,6784164,0,0,
GPU,2,0.000,0.000,0.000,10515455,6784164,0,0,
GPU,2,0.000,0.000,0.000,10515455,6784164,0,0,
GPU,2,0.000,0.000,0.000,10339470,6599661,0,0,
GPU,2,0.000,0.000,0.000,10339470,6599661,0,0,
GPU,2,0.000,0.000,0.000,10339470,6599661,0,0,
GPU,2,0.000,0.000,0.000,10339470,6599661,0,0,
GPU,2,0.000,0.000,0.000,8310486,5311857,0,0,
GPU,2,0.000,0.000,0.000,8310486,5311857,0,0,
GPU,2,0.000,0.000,0.000,8310486,5311857,0,0,
GPU,2,0.000,0.000,0.000,10578661,6752336,0,0,
GPU,2,0.000,0.000,0.000,10578661,6752336,0,0,
GPU,2,0.000,0.000,0.000,10578661,6752336,0,0,
GPU,2,0.000,0.000,0.000,10578661,6752336,0,0,
GPU,2,0.000,0.000,0.000,10514712,6896746,0,0,
GPU,2,0.000,0.000,0.000,10514712,6896746,0,0,
GPU,2,0.000,0.000,0.000,10514712,6896746,0,0,
GPU,2,0.000,0.000,0.000,9895854,6384422,0,0,
GPU,2,0.000,0.000,0.000,9895854,6384422,0,0,
GPU,2,0.000,0.000,0.000,9895854,6384422,0,0,
GPU,2,0.000,0.000,0.000,10599984,6765947,0,0,
GPU,2,0.000,0.000,0.000,10599984,6765947,0,0,
GPU,2,0.000,0.000,0.000,10599984,6765947,0,0,
GPU,2,0.000,0.000,0.000,12260683,7375567,0,0,
GPU,2,0.000,0.000,0.000,12260683,7375567,0,0,
GPU,2,0.000,0.000,0.000,12260683,7375567,0,0,
GPU,2,0.000,0.000,0.000,12260683,7375567,0,0,
GPU,2,0.000,0.000,0.000,10602749,6767712,0,0,
GPU,2,0.000,0.000,0.000,10602749,6767712,0,0,
GPU,2,0.000,0.000,0.000,10602749,6767712,0,0,
GPU,2,0.000,0.000,0.000,9485077,6119404,0,0,
GPU,2,0.000,0.000,0.000,9485077,6119404,0,0,
GPU,2,0.000,0.000,0.000,9485077,6119404,0,0,
GPU,2,0.000,0.000,0.000,10511146,6781385,0,0,
GPU,2,0.000,0.000,0.000,10511146,6781385,0,0,
GPU,2,0.000,0.000,0.000,10511146,6781385,0,0,
GPU,2,0.000,0.000,0.000,10693934,6945544,0,0,
GPU,2,0.000,0.000,0.000,10693934,6945544,0,0,
GPU,2,0.000,0.000,0.000,10693934,6945544,0,0,
GPU,2,0.000,0.000,0.000,10378256,6655620,0,0,
GPU,2,0.000,0.000,0.000,10378256,6655620,0,0,
GPU,2,0.000,0.000,0.000,10378256,6655620,0,0,
GPU,2,0.000,0.000,0.000,10044077,6480050,0,0,
GPU,2,0.000,0.000,0.000,10044077,6480050,0,0,
GPU,2,0.000,0.000,0.000,10044077,6480050,0,0,
GPU,2,0.000,0.000,0.000,10351736,6678539,0,0,
GPU,2,0.000,0.000,0.000,10351736,6678539,0,0,
GPU,2,0.000,0.000,0.000,10351736,6678539,0,0,
GPU,2,0.000,0.000,0.000,10598366,6844778,0,0,
GPU,2,0.000,0.000,0.000,10598366,6844778,0,0,
GPU,2,0.000,0.000,0.000,10598366,6844778,0,0,
GPU,2,0.000,0.000,0.000,10598366,6844778,0,0,
GPU,2,0.000,0.000,0.000,10606712,6770241,0,0,
GPU,2,0.000,0.000,0.000,10606712,6770241,0,0,
GPU,2,0.000,0.000,0.000,10606712,6770241,0,0,
GPU,2,0.000,0.000,0.000,8924929,5758019,0,0,
GPU,2,0.000,0.000,0.000,8924929,5758019,0,0,
GPU,2,0.000,0.000,0.000,8924929,5758019,0,0,
GPU,2,0.000,0.000,0.000,8924929,5758019,0,0,
GPU,2,0.000,0.000,0.000,13434420,7211122,0,0,
GPU,2,0.000,0.000,0.000,13434420,7211122,0,0,
GPU,2,0.000,0.000,0.000,13434420,7211122,0,0,
GPU,2,0.000,0.000,0.000,10763981,6919702,0,0,
GPU,2,0.000,0.000,0.000,10763981,6919702,0,0,
GPU,2,0.000,0.000,0.000,10763981,6919702,0,0,
GPU,2,0.000,0.000,0.000,10492469,6769334,0,0,
GPU,2,0.000,0.000,0.000,10492469,6769334,0,0,
GPU,2,0.000,0.000,0.000,10492469,6769334,0,0,
GPU,2,0.000,0.000,0.000,10637018,6789586,0,0,
GPU,2,0.000,0.000,0.000,10637018,6789586,0,0,
GPU,2,0.000,0.000,0.000,10637018,6789586,0,0,
GPU,2,0.000,0.000,0.000,10210313,6587298,0,0,
GPU,2,0.000,0.000,0.000,10210313,6587298,0,0,
GPU,2,0.000,0.000,0.000,10210313,6587298,0,0,
GPU,2,0.000,0.000,0.000,10210313,6587298,0,0,
GPU,2,0.000,0.000,0.000,8330515,5410540,0,0,
GPU,2,0.000,0.000,0.000,8330515,5410540,0,0,
GPU,2,0.000,0.000,0.000,8330515,5410540,0,0,
GPU,2,0.000,0.000,0.000,10581042,6753857,0,0,
GPU,2,0.000,0.000,0.000,10581042,6753857,0,0,
GPU,2,0.000,0.000,0.000,10581042,6753857,0,0,
GPU,2,0.000,0.000,0.000,10504097,6776837,0,0,
GPU,2,0.000,0.000,0.000,10504097,6776837,0,0,
GPU,2,0.000,0.000,0.000,10504097,6776837,0,0,
GPU,2,0.000,0.000,0.000,10322793,6698833,0,0,
GPU,2,0.000,0.000,0.000,10322793,6698833,0,0,
GPU,2,0.000,0.000,0.000,10322793,6698833,0,0,
GPU,2,0.000,0.000,0.000,10322793,6698833,0,0,
GPU,2,0.000,0.000,0.000,10520882,6787666,0,0,
GPU,2,0.000,0.000,0.000,10520882,6787666,0,0,
GPU,2,0.000,0.000,0.000,10520882,6787666,0,0,
GPU,2,0.000,0.000,0.000,12398738,7439243,0,0,
GPU,2,0.000,0.000,0.000,12398738,7439243,0,0,
GPU,2,0.000,0.000,0.000,12398738,7439243,0,0,
GPU,2,0.000,0.000,0.000,10508548,6779708,0,0,
GPU,2,0.000,0.000,0.000,10508548,6779708,0,0,
GPU,2,0.000,0.000,0.000,10508548,6779708,0,0,
GPU,2,0.000,0.000,0.000,9866065,6365203,0,0,
GPU,2,0.000,0.000,0.000,9866065,6365203,0,0,
GPU,2,0.000,0.000,0.000,9866065,6365203,0,0,
GPU,2,0.000,0.000,0.000,10286626,6669351,0,0,
GPU,2,0.000,0.000,0.000,10286626,6669351,0,0,
GPU,2,0.000,0.000,0.000,10286626,6669351,0,0,
GPU,2,0.000,0.000,0.000,10672387,6821526,0,0,
GPU,2,0.000,0.000,0.000,10672387,6821526,0,0,
GPU,2,0.000,0.000,0.000,10672387,6821526,0,0,
GPU,2,0.000,0.000,0.000,10672387,6821526,0,0,
GPU,2,0.000,0.000,0.000,10672387,6821526,0,0,
GPU,2,0.000,0.000,0.000,10672387,6821526,0,0,
GPU,2,0.000,0.000,0.000,10601777,6879877,0,0,
GPU,2,0.000,0.000,0.000,10601777,6879877,0,0,
GPU,2,0.000,0.000,0.000,10601777,6879877,0,0,
GPU,2,0.000,0.000,0.000,5261241,3394349,0,0,
GPU,2,0.000,0.000,0.000,5261241,3394349,0,0,
GPU,2,0.000,0.000,0.000,5261241,3394349,0,0,
GPU,2,0.000,0.000,0.000,5261241,3394349,0,0,
GPU,2,0.000,0.000,0.000,10600121,6845911,0,0,
GPU,2,0.000,0.000,0.000,10600121,6845911,0,0,
GPU,2,0.000,0.000,0.000,10600121,6845911,0,0,
GPU,2,0.000,0.000,0.000,10602151,6767330,0,0,
GPU,2,0.000,0.000,0.000,10602151,6767330,0,0,
GPU,2,0.000,0.000,0.000,10602151,6767330,0,0,
GPU,2,0.000,0.000,0.000,10513374,6782822,0,0,
GPU,2,0.000,0.000,0.000,10513374,6782822,0,0,
GPU,2,0.000,0.000,0.000,10513374,6782822,0,0,
GPU,2,0.000,0.000,0.000,9634170,6149470,0,0,
GPU,2,0.000,0.000,0.000,9634170,6149470,0,0,
GPU,2,0.000,0.000,0.000,9634170,6149470,0,0,
GPU,2,0.000,0.000,0.000,9634170,6149470,0,0,
GPU,2,0.000,0.000,0.000,8837387,5681177,0,0,
GPU,2,0.000,0.000,0.000,8837387,5681177,0,0,
GPU,2,0.000,0.000,0.000,8837387,5681177,0,0,
GPU,2,0.000,0.000,0.000,10591549,6760563,0,0,
GPU,2,0.000,0.000,0.000,10591549,6760563,0,0,
GPU,2,0.000,0.000,0.000,10591549,6760563,0,0,
GPU,2,0.000,0.000,0.000,10494689,6770767,0,0,
GPU,2,0.000,0.000,0.000,10494689,6770767,0,0,
GPU,2,0.000,0.000,0.000,10494689,6770767,0,0,
GPU,2,0.000,0.000,0.000,8956571,5778433,0,0,
GPU,2,0.000,0.000,0.000,8956571,5778433,0,0,
GPU,2,0.000,0.000,0.000,8956571,5778433,0,0,
GPU,2,0.000,0.000,0.000,8956571,5778433,0,0,
GPU,2,0.000,0.000,0.000,8269086,5370643,0,0,
GPU,2,0.000,0.000,0.000,8269086,5370643,0,0,
GPU,2,0.000,0.000,0.000,8269086,5370643,0,0,
GPU,2,0.000,0.000,0.000,8269086,5370643,0,0,
GPU,2,0.000,0.000,0.000,10585436,6756661,0,0,
GPU,2,0.000,0.000,0.000,10585436,6756661,0,0,
GPU,2,0.000,0.000,0.000,10585436,6756661,0,0,
GPU,2,0.000,0.000,0.000,10519023,6786466,0,0,
GPU,2,0.000,0.000,0.000,10519023,6786466,0,0,
GPU,2,0.000,0.000,0.000,10519023,6786466,0,0,
GPU,2,0.000,0.000,0.000,8959807,5780520,0,0,
GPU,2,0.000,0.000,0.000,8959807,5780520,0,0,
GPU,2,0.000,0.000,0.000,8959807,5780520,0,0,
GPU,2,0.000,0.000,0.000,8959807,5780520,0,0,
GPU,2,0.000,0.000,0.000,9398371,6007206,0,0,
GPU,2,0.000,0.000,0.000,9398371,6007206,0,0,
GPU,2,0.000,0.000,0.000,9398371,6007206,0,0,
GPU,2,0.000,0.000,0.000,10604244,6881477,0,0,
GPU,2,0.000,0.000,0.000,10604244,6881477,0,0,
GPU,2,0.000,0.000,0.000,10604244,6881477,0,0,
GPU,2,0.000,0.000,0.000,10528475,6792564,0,0,
GPU,2,0.000,0.000,0.000,10528475,6792564,0,0,
GPU,2,0.000,0.000,0.000,10528475,6792564,0,0,
GPU,2,0.000,0.000,0.000,9367917,5943087,0,0,
GPU,2,0.000,0.000,0.000,9367917,5943087,0,0,
GPU,2,0.000,0.000,0.000,9367917,5943087,0,0,
GPU,2,0.000,0.000,0.000,9367917,5943087,0,0,
GPU,2,0.000,0.000,0.000,9335116,6028929,0,0,
GPU,2,0.000,0.000,0.000,9335116,6028929,0,0,
GPU,2,0.000,0.000,0.000,9335116,6028929,0,0,
GPU,2,0.000,0.000,0.000,10561056,6853451,0,0,
GPU,2,0.000,0.000,0.000,10561056,6853451,0,0,
GPU,2,0.000,0.000,0.000,10561056,6853451,0,0,
GPU,2,0.000,0.000,0.000,10521031,6787762,0,0,
GPU,2,0.000,0.000,0.000,10521031,6787762,0,0,
GPU,2,0.000,0.000,0.000,10521031,6787762,0,0,
GPU,2,0.000,0.000,0.000,10521031,6787762,0,0,
GPU,2,0.000,0.000,0.000,8878122,5727821,0,0,
GPU,2,0.000,0.000,0.000,8878122,5727821,0,0,
GPU,2,0.000,0.000,0.000,8878122,5727821,0,0,
GPU,2,0.000,0.000,0.000,13109611,7772126,0,0,
GPU,2,0.000,0.000,0.000,13109611,7772126,0,0,
GPU,2,0.000,0.000,0.000,13109611,7772126,0,0,
GPU,2,0.000,0.000,0.000,10455771,6673896,0,0,
GPU,2,0.000,0.000,0.000,10455771,6673896,0,0,
GPU,2,0.000,0.000,0.000,10455771,6673896,0,0,
GPU,2,0.000,0.000,0.000,10455771,6673896,0,0,
GPU,2,0.000,0.000,0.000,10497354,6772486,0,0,
GPU,2,0.000,0.000,0.000,10497354,6772486,0,0,
GPU,2,0.000,0.000,0.000,10497354,6772486,0,0,
GPU,2,0.000,0.000,0.000,8679623,5599757,0,0,
GPU,2,0.000,0.000,0.000,8679623,5599757,0,0,
GPU,2,0.000,0.000,0.000,8679623,5599757,0,0,
GPU,2,0.000,0.000,0.000,8679623,5599757,0,0,
GPU,2,0.000,0.000,0.000,13532688,7923745,0,0,
GPU,2,0.000,0.000,0.000,13532688,7923745,0,0,
GPU,2,0.000,0.000,0.000,13532688,7923745,0,0,
GPU,2,0.000,0.000,0.000,10467633,6792825,0,0,
GPU,2,0.000,0.000,0.000,10467633,6792825,0,0,
GPU,2,0.000,0.000,0.000,10467633,6792825,0,0,
GPU,2,0.000,0.000,0.000,10467633,6792825,0,0,
GPU,2,0.000,0.000,0.000,10509513,6780331,0,0,
GPU,2,0.000,0.000,0.000,10509513,6780331,0,0,
GPU,2,0.000,0.000,0.000,10509513,6780331,0,0,
GPU,2,0.000,0.000,0.000,8456082,5455537,0,0,
GPU,2,0.000,0.000,0.000,8456082,5455537,0,0,
GPU,2,0.000,0.000,0.000,8456082,5455537,0,0,
GPU,2,0.000,0.000,0.000,8456082,5455537,0,0,
GPU,2,0.000,0.000,0.000,8145766,5230439,0,0,
GPU,2,0.000,0.000,0.000,8145766,5230439,0,0,
GPU,2,0.000,0.000,0.000,8145766,5230439,0,0,
GPU,2,0.000,0.000,0.000,10475037,6758088,0,0,
GPU,2,0.000,0.000,0.000,10475037,6758088,0,0,
GPU,2,0.000,0.000,0.000,10475037,6758088,0,0,
GPU,2,0.000,0.000,0.000,10475037,6758088,0,0,
GPU,2,0.000,0.000,0.000,10628073,6783876,0,0,
GPU,2,0.000,0.000,0.000,10628073,6783876,0,0,
GPU,2,0.000,0.000,0.000,10628073,6783876,0,0,
GPU,2,0.000,0.000,0.000,8565655,5526229,0,0,
GPU,2,0.000,0.000,0.000,8565655,5526229,0,0,
GPU,2,0.000,0.000,0.000,8565655,5526229,0,0,
GPU,2,0.000,0.000,0.000,9319992,6019161,0,0,
GPU,2,0.000,0.000,0.000,9319992,6019161,0,0,
GPU,2,0.000,0.000,0.000,9319992,6019161,0,0,
GPU,2,0.000,0.000,0.000,9319992,6019161,0,0,
GPU,2,0.000,0.000,0.000,10579851,6865648,0,0,
GPU,2,0.000,0.000,0.000,10579851,6865648,0,0,
GPU,2,0.000,0.000,0.000,10579851,6865648,0,0,
GPU,2,0.000,0.000,0.000,10525273,6790498,0,0,
GPU,2,0.000,0.000,0.000,10525273,6790498,0,0,
GPU,2,0.000,0.000,0.000,10525273,6790498,0,0,
GPU,2,0.000,0.000,0.000,9330791,6019865,0,0,
GPU,2,0.000,0.000,0.000,9330791,6019865,0,0,
GPU,2,0.000,0.000,0.000,9330791,6019865,0,0,
GPU,2,0.000,0.000,0.000,9181959,5895784,0,0,
GPU,2,0.000,0.000,0.000,9181959,5895784,0,0,
GPU,2,0.000,0.000,0.000,9181959,5895784,0,0,
GPU,2,0.000,0.000,0.000,10557053,6738544,0,0,
GPU,2,0.000,0.000,0.000,10557053,6738544,0,0,
GPU,2,0.000,0.000,0.000,10557053,6738544,0,0,
GPU,2,0.000,0.000,0.000,10557053,6738544,0,0,
GPU,2,0.000,0.000,0.000,10614197,6775019,0,0,
GPU,2,0.000,0.000,0.000,10614197,6775019,0,0,
GPU,2,0.000,0.000,0.000,10614197,6775019,0,0,
GPU,2,0.000,0.000,0.000,8665377,5713435,0,0,
GPU,2,0.000,0.000,0.000,8665377,5713435,0,0,
GPU,2,0.000,0.000,0.000,8665377,5713435,0,0,
GPU,2,0.000,0.000,0.000,8665377,5713435,0,0,
GPU,2,0.000,0.000,0.000,8732204,5573747,0,0,
GPU,2,0.000,0.000,0.000,8732204,5573747,0,0,
GPU,2,0.000,0.000,0.000,8732204,5573747,0,0,
GPU,2,0.000,0.000,0.000,10589834,6872126,0,0,
GPU,2,0.000,0.000,0.000,10589834,6872126,0,0,
GPU,2,0.000,0.000,0.000,10589834,6872126,0,0,
GPU,2,0.000,0.000,0.000,10589834,6872126,0,0,
GPU,2,0.000,0.000,0.000,10512632,6782343,0,0,
GPU,2,0.000,0.000,0.000,10512632,6782343,0,0,
GPU,2,0.000,0.000,0.000,10512632,6782343,0,0,
GPU,2,0.000,0.000,0.000,8687072,5604563,0,0,
GPU,2,0.000,0.000,0.000,8687072,5604563,0,0,
GPU,2,0.000,0.000,0.000,8687072,5604563,0,0,
GPU,2,0.000,0.000,0.000,8788542,5675933,0,0,
GPU,2,0.000,0.000,0.000,8788542,5675933,0,0,
GPU,2,0.000,0.000,0.000,8788542,5675933,0,0,
GPU,2,0.000,0.000,0.000,8788542,5675933,0,0,
GPU,2,0.000,0.000,0.000,10561352,6741288,0,0,
GPU,2,0.000,0.000,0.000,10561352,6741288,0,0,
GPU,2,0.000,0.000,0.000,10561352,6741288,0,0,
GPU,2,0.000,0.000,0.000,10632431,6786658,0,0,
GPU,2,0.000,0.000,0.000,10632431,6786658,0,0,
GPU,2,0.000,0.000,0.000,10632431,6786658,0,0,
GPU,2,0.000,0.000,0.000,8440415,5504618,0,0,
GPU,2,0.000,0.000,0.000,8440415,5504618,0,0,
GPU,2,0.000,0.000,0.000,8440415,5504618,0,0,
GPU,2,0.000,0.000,0.000,8440415,5504618,0,0,
GPU,2,0.000,0.000,0.000,8165370,5243027,0,0,
GPU,2,0.000,0.000,0.000,8165370,5243027,0,0,
GPU,2,0.000,0.000,0.000,8165370,5243027,0,0,
GPU,2,0.000,0.000,0.000,10242629,6640825,0,0,
GPU,2,0.000,0.000,0.000,10242629,6640825,0,0,
GPU,2,0.000,0.000,0.000,10242629,6640825,0,0,
GPU,2,0.000,0.000,0.000,10242629,6640825,0,0,
GPU,2,0.000,0.000,0.000,10617344,6889979,0,0,
GPU,2,0.000,0.000,0.000,10617344,6889979,0,0,
GPU,2,0.000,0.000,0.000,10617344,6889979,0,0,
GPU,2,0.000,0.000,0.000,8180948,5278031,0,0,
GPU,2,0.000,0.000,0.000,8180948,5278031,0,0,
GPU,2,0.000,0.000,0.000,8180948,5278031,0,0,
GPU,2,0.000,0.000,0.000,8180948,5278031,0,0,
GPU,2,0.000,0.000,0.000,9663187,6204783,0,0,
GPU,2,0.000,0.000,0.000,9663187,6204783,0,0,
GPU,2,0.000,0.000,0.000,9663187,6204783,0,0,
GPU,2,0.000,0.000,0.000,10589386,6759182,0,0,
GPU,2,0.000,0.000,0.000,10589386,6759182,0,0,
GPU,2,0.000,0.000,0.000,10589386,6759182,0,0,
GPU,2,0.000,0.000,0.000,10530561,6793910,0,0,
GPU,2,0.000,0.000,0.000,10530561,6793910,0,0,
GPU,2,0.000,0.000,0.000,10530561,6793910,0,0,
GPU,2,0.000,0.000,0.000,10530561,6793910,0,0,
GPU,2,0.000,0.000,0.000,8906499,5746128,0,0,
GPU,2,0.000,0.000,0.000,8906499,5746128,0,0,
GPU,2,0.000,0.000,0.000,8906499,5746128,0,0,
GPU,2,0.000,0.000,0.000,9081675,5926988,0,0,
GPU,2,0.000,0.000,0.000,9081675,5926988,0,0,
GPU,2,0.000,0.000,0.000,9081675,5926988,0,0,
GPU,2,0.000,0.000,0.000,10688568,6750675,0,0,
GPU,2,0.000,0.000,0.000,10688568,6750675,0,0,
GPU,2,0.000,0.000,0.000,10688568,6750675,0,0,
GPU,2,0.000,0.000,0.000,10688568,6750675,0,0,
GPU,2,0.000,0.000,0.000,10526986,6791603,0,0,
GPU,2,0.000,0.000,0.000,10526986,6791603,0,0,
GPU,2,0.000,0.000,0.000,10526986,6791603,0,0,
GPU,2,0.000,0.000,0.000,8857722,5714659,0,0,
GPU,2,0.000,0.000,0.000,8857722,5714659,0,0,
GPU,2,0.000,0.000,0.000,8857722,5714659,0,0,
GPU,2,0.000,0.000,0.000,8857722,5714659,0,0,
GPU,2,0.000,0.000,0.000,8959873,5786584,0,0,
GPU,2,0.000,0.000,0.000,8959873,5786584,0,0,
GPU,2,0.000,0.000,0.000,8959873,5786584,0,0,
GPU,2,0.000,0.000,0.000,10589088,6758992,0,0,
GPU,2,0.000,0.000,0.000,10589088,6758992,0,0,
GPU,2,0.000,0.000,0.000,10589088,6758992,0,0,
GPU,2,0.000,0.000,0.000,10508845,6892898,0,0,
GPU,2,0.000,0.000,0.000,10508845,6892898,0,0,
GPU,2,0.000,0.000,0.000,10508845,6892898,0,0,
GPU,2,0.000,0.000,0.000,8686261,5510638,0,0,
GPU,2,0.000,0.000,0.000,8686261,5510638,0,0,
GPU,2,0.000,0.000,0.000,8686261,5510638,0,0,
GPU,2,0.000,0.000,0.000,8686261,5510638,0,0,
GPU,2,0.000,0.000,0.000,8962765,5761777,0,0,
GPU,2,0.000,0.000,0.000,8962765,5761777,0,0,
GPU,2,0.000,0.000,0.000,8962765,5761777,0,0,
GPU,2,0.000,0.000,0.000,10585287,6756566,0,0,
GPU,2,0.000,0.000,0.000,10585287,6756566,0,0,
GPU,2,0.000,0.000,0.000,10585287,6756566,0,0,
GPU,2,0.000,0.000,0.000,10585287,6756566,0,0,
GPU,2,0.000,0.000,0.000,10624995,6894943,0,0,
GPU,2,0.000,0.000,0.000,10624995,6894943,0,0,
GPU,2,0.000,0.000,0.000,10624995,6894943,0,0,
GPU,2,0.000,0.000,0.000,8298153,5353647,0,0,
GPU,2,0.000,0.000,0.000,8298153,5353647,0,0,
GPU,2,0.000,0.000,0.000,8298153,5353647,0,0,
GPU,2,0.000,0.000,0.000,8298153,5353647,0,0,
GPU,2,0.000,0.000,0.000,8150227,5263688,0,0,
GPU,2,0.000,0.000,0.000,8150227,5263688,0,0,
GPU,2,0.000,0.000,0.000,8150227,5263688,0,0,
GPU,2,0.000,0.000,0.000,10248252,6644471,0,0,
GPU,2,0.000,0.000,0.000,10248252,6644471,0,0,
GPU,2,0.000,0.000,0.000,10248252,6644471,0,0,
GPU,2,0.000,0.000,0.000,10248252,6644471,0,0,
GPU,2,0.000,0.000,0.000,8769986,5597863,0,0,
GPU,2,0.000,0.000,0.000,8769986,5597863,0,0,
GPU,2,0.000,0.000,0.000,8769986,5597863,0,0,
GPU,2,0.000,0.000,0.000,10356131,6681374,0,0,
GPU,2,0.000,0.000,0.000,10356131,6681374,0,0,
GPU,2,0.000,0.000,0.000,10356131,6681374,0,0,
GPU,2,0.000,0.000,0.000,10356131,6681374,0,0,
GPU,2,0.000,0.000,0.000,10356131,6681374,0,0,
GPU,2,0.000,0.000,0.000,6903199,4479735,0,0,
GPU,2,0.000,0.000,0.000,6903199,4479735,0,0,
GPU,2,0.000,0.000,0.000,6903199,4479735,0,0,
GPU,2,0.000,0.000,0.000,10598341,6877646,0,0,
GPU,2,0.000,0.000,0.000,10598341,6877646,0,0,
GPU,2,0.000,0.000,0.000,10598341,6877646,0,0,
GPU,2,0.000,0.000,0.000,10370132,6690408,0,0,
GPU,2,0.000,0.000,0.000,10370132,6690408,0,0,
GPU,2,0.000,0.000,0.000,10370132,6690408,0,0,
GPU,2,0.000,0.000,0.000,10466977,6681049,0,0,
GPU,2,0.000,0.000,0.000,10466977,6681049,0,0,
GPU,2,0.000,0.000,0.000,10466977,6681049,0,0,
GPU,2,0.000,0.000,0.000,10473513,6725097,0,0,
GPU,2,0.000,0.000,0.000,10473513,6725097,0,0,
GPU,2,0.000,0.000,0.000,10473513,6725097,0,0,
GPU,2,0.000,0.000,0.000,10595429,6763039,0,0,
GPU,2,0.000,0.000,0.000,10595429,6763039,0,0,
GPU,2,0.000,0.000,0.000,10595429,6763039,0,0,
GPU,2,0.000,0.000,0.000,10595429,6763039,0,0,
GPU,2,0.000,0.000,0.000,8011069,5168431,0,0,
GPU,2,0.000,0.000,0.000,8011069,5168431,0,0,
GPU,2,0.000,0.000,0.000,8011069,5168431,0,0,
GPU,2,0.000,0.000,0.000,10328456,6663520,0,0,
GPU,2,0.000,0.000,0.000,10328456,6663520,0,0,
GPU,2,0.000,0.000,0.000,10328456,6663520,0,0,
GPU,2,0.000,0.000,0.000,10328456,6663520,0,0,
GPU,2,0.000,0.000,0.000,9563536,6206124,0,0,
GPU,2,0.000,0.000,0.000,9563536,6206124,0,0,
GPU,2,0.000,0.000,0.000,9563536,6206124,0,0,
GPU,2,0.000,0.000,0.000,10564320,6743183,0,0,
GPU,2,0.000,0.000,0.000,10564320,6743183,0,0,
GPU,2,0.000,0.000,0.000,10564320,6743183,0,0,
GPU,2,0.000,0.000,0.000,9023927,5855953,0,0,
GPU,2,0.000,0.000,0.000,9023927,5855953,0,0,
GPU,2,0.000,0.000,0.000,9023927,5855953,0,0,
GPU,2,0.000,0.000,0.000,9023927,5855953,0,0,
GPU,2,0.000,0.000,0.000,10345618,6674592,0,0,
GPU,2,0.000,0.000,0.000,10345618,6674592,0,0,
GPU,2,0.000,0.000,0.000,10345618,6674592,0,0,
GPU,2,0.000,0.000,0.000,8828866,5643193,0,0,
GPU,2,0.000,0.000,0.000,8828866,5643193,0,0,
GPU,2,0.000,0.000,0.000,8828866,5643193,0,0,
GPU,2,0.000,0.000,0.000,10591847,6760753,0,0,
GPU,2,0.000,0.000,0.000,10591847,6760753,0,0,
GPU,2,0.000,0.000,0.000,10591847,6760753,0,0,
GPU,2,0.000,0.000,0.000,10591847,6760753,0,0,
GPU,2,0.000,0.000,0.000,9092131,5865891,0,0,
GPU,2,0.000,0.000,0.000,9092131,5865891,0,0,
GPU,2,0.000,0.000,0.000,9092131,5865891,0,0,
GPU,2,0.000,0.000,0.000,9944853,6347778,0,0,
GPU,2,0.000,0.000,0.000,9944853,6347778,0,0,
GPU,2,0.000,0.000,0.000,9944853,6347778,0,0,
GPU,2,0.000,0.000,0.000,9944853,6347778,0,0,
GPU,2,0.000,0.000,0.000,8518945,5501819,0,0,
GPU,2,0.000,0.000,0.000,8518945,5501819,0,0,
GPU,2,0.000,0.000,0.000,8518945,5501819,0,0,
GPU,2,0.000,0.000,0.000,10368679,6762182,0,0,
GPU,2,0.000,0.000,0.000,10368679,6762182,0,0,
GPU,2,0.000,0.000,0.000,10368679,6762182,0,0,
GPU,2,0.000,0.000,0.000,10368679,6762182,0,0,
GPU,2,0.000,0.000,0.000,8762786,5653410,0,0,
GPU,2,0.000,0.000,0.000,8762786,5653410,0,0,
GPU,2,0.000,0.000,0.000,8762786,5653410,0,0,
GPU,2,0.000,0.000,0.000,9864300,6296361,0,0,
GPU,2,0.000,0.000,0.000,9864300,6296361,0,0,
GPU,2,0.000,0.000,0.000,9864300,6296361,0,0,
GPU,2,0.000,0.000,0.000,10447022,6818056,0,0,
GPU,2,0.000,0.000,0.000,10447022,6818056,0,0,
GPU,2,0.000,0.000,0.000,10447022,6818056,0,0,
GPU,2,0.000,0.000,0.000,10592444,6761134,0,0,
GPU,2,0.000,0.000,0.000,10592444,6761134,0,0,
GPU,2,0.000,0.000,0.000,10592444,6761134,0,0,
GPU,2,0.000,0.000,0.000,10592444,6761134,0,0,
GPU,2,0.000,0.000,0.000,10527805,6792132,0,0,
GPU,2,0.000,0.000,0.000,10527805,6792132,0,0,
GPU,2,0.000,0.000,0.000,10527805,6792132,0,0,
GPU,2,0.000,0.000,0.000,8970772,5787595,0,0,
GPU,2,0.000,0.000,0.000,8970772,5787595,0,0,
GPU,2,0.000,0.000,0.000,8970772,5787595,0,0,
GPU,2,0.000,0.000,0.000,9365250,5986036,0,0,
GPU,2,0.000,0.000,0.000,9365250,5986036,0,0,
GPU,2,0.000,0.000,0.000,9365250,5986036,0,0,
GPU,2,0.000,0.000,0.000,9365250,5986036,0,0,
GPU,2,0.000,0.000,0.000,10682634,6859375,0,0,
GPU,2,0.000,0.000,0.000,10682634,6859375,0,0,
GPU,2,0.000,0.000,0.000,10682634,6859375,0,0,
GPU,2,0.000,0.000,0.000,10516495,6784835,0,0,
GPU,2,0.000,0.000,0.000,10516495,6784835,0,0,
GPU,2,0.000,0.000,0.000,10516495,6784835,0,0,
GPU,2,0.000,0.000,0.000,8791052,5671647,0,0,
GPU,2,0.000,0.000,0.000,8791052,5671647,0,0,
GPU,2,0.000,0.000,0.000,8791052,5671647,0,0,
GPU,2,0.000,0.000,0.000,8791052,5671647,0,0,
GPU,2,0.000,0.000,0.000,8970390,5793377,0,0,
GPU,2,0.000,0.000,0.000,8970390,5793377,0,0,
GPU,2,0.000,0.000,0.000,8970390,5793377,0,0,
GPU,2,0.000,0.000,0.000,10590878,6760134,0,0,
GPU,2,0.000,0.000,0.000,10590878,6760134,0,0,
GPU,2,0.000,0.000,0.000,10590878,6760134,0,0,
GPU,2,0.000,0.000,0.000,10590878,6760134,0,0,
GPU,2,0.000,0.000,0.000,10518577,6786178,0,0,
GPU,2,0.000,0.000,0.000,10518577,6786178,0,0,
GPU,2,0.000,0.000,0.000,10518577,6786178,0,0,
GPU,2,0.000,0.000,0.000,8732255,5573780,0,0,
GPU,2,0.000,0.000,0.000,8732255,5573780,0,0,
GPU,2,0.000,0.000,0.000,8732255,5573780,0,0,
GPU,2,0.000,0.000,0.000,8894288,5776702,0,0,
GPU,2,0.000,0.000,0.000,8894288,5776702,0,0,
GPU,2,0.000,0.000,0.000,8894288,5776702,0,0,
GPU,2,0.000,0.000,0.000,8894288,5776702,0,0,
GPU,2,0.000,0.000,0.000,10576429,6750912,0,0,
GPU,2,0.000,0.000,0.000,10576429,6750912,0,0,
GPU,2,0.000,0.000,0.000,10576429,6750912,0,0,
GPU,2,0.000,0.000,0.000,10636116,6789010,0,0,
GPU,2,0.000,0.000,0.000,10636116,6789010,0,0,
GPU,2,0.000,0.000,0.000,10636116,6789010,0,0,
GPU,2,0.000,0.000,0.000,8483079,5472954,0,0,
GPU,2,0.000,0.000,0.000,8483079,5472954,0,0,
GPU,2,0.000,0.000,0.000,8483079,5472954,0,0,
GPU,2,0.000,0.000,0.000,8483079,5472954,0,0,
GPU,2,0.000,0.000,0.000,8260284,5364926,0,0,
GPU,2,0.000,0.000,0.000,8260284,5364926,0,0,
GPU,2,0.000,0.000,0.000,8260284,5364926,0,0,
GPU,2,0.000,0.000,0.000,10584989,6756376,0,0,
GPU,2,0.000,0.000,0.000,10584989,6756376,0,0,
GPU,2,0.000,0.000,0.000,10584989,6756376,0,0,
GPU,2,0.000,0.000,0.000,10584989,6756376,0,0,
GPU,2,0.000,0.000,0.000,10584989,6756376,0,0,
GPU,2,0.000,0.000,0.000,8771671,5659142,0,0,
GPU,2,0.000,0.000,0.000,8771671,5659142,0,0,
GPU,2,0.000,0.000,0.000,8771671,5659142,0,0,
GPU,2,0.000,0.000,0.000,8771671,5659142,0,0,
GPU,2,0.000,0.000,0.000,8022774,5175983,0,0,
GPU,2,0.000,0.000,0.000,8022774,5175983,0,0,
GPU,2,0.000,0.000,0.000,8022774,5175983,0,0,
GPU,2,0.000,0.000,0.000,12922392,7681142,0,0,
GPU,2,0.000,0.000,0.000,12922392,7681142,0,0,
GPU,2,0.000,0.000,0.000,12922392,7681142,0,0,
GPU,2,0.000,0.000,0.000,10513449,6782870,0,0,
GPU,2,0.000,0.000,0.000,10513449,6782870,0,0,
GPU,2,0.000,0.000,0.000,10513449,6782870,0,0,
GPU,2,0.000,0.000,0.000,10376207,6694327,0,0,
GPU,2,0.000,0.000,0.000,10376207,6694327,0,0,
GPU,2,0.000,0.000,0.000,10376207,6694327,0,0,
GPU,2,0.000,0.000,0.000,10347705,6675938,0,0,
GPU,2,0.000,0.000,0.000,10347705,6675938,0,0,
GPU,2,0.000,0.000,0.000,10347705,6675938,0,0,
GPU,2,0.000,0.000,0.000,10679364,6825985,0,0,
GPU,2,0.000,0.000,0.000,10679364,6825985,0,0,
GPU,2,0.000,0.000,0.000,10679364,6825985,0,0,
GPU,2,0.000,0.000,0.000,10599237,6878228,0,0,
GPU,2,0.000,0.000,0.000,10599237,6878228,0,0,
GPU,2,0.000,0.000,0.000,10599237,6878228,0,0,
GPU,2,0.000,0.000,0.000,10599237,6878228,0,0,
GPU,2,0.000,0.000,0.000,8011543,5168737,0,0,
GPU,2,0.000,0.000,0.000,8011543,5168737,0,0,
GPU,2,0.000,0.000,0.000,8011543,5168737,0,0,
GPU,2,0.000,0.000,0.000,8011543,5168737,0,0,
GPU,2,0.000,0.000,0.000,8011543,5168737,0,0,
GPU,2,0.000,0.000,0.000,8011543,5168737,0,0,
GPU,2,0.000,0.000,0.000,8011543,5168737,0,0,
GPU,2,0.000,0.000,0.000,8011543,5168737,0,0,
GPU,2,0.000,0.000,0.000,8011543,5168737,0,0,
GPU,2,0.000,0.000,0.000,8011543,5168737,0,0,
GPU,2,0.000,0.000,0.000,8011543,5168737,0,0,
GPU,2,0.000,0.000,0.000,8011543,5168737,0,0,
GPU,2,0.000,0.000,0.000,8011543,5168737,0,0,
GPU,2,0.000,0.000,0.000,2829474,1945263,0,0,
GPU,2,0.000,0.000,0.000,12946543,8263751,0,0,
GPU,2,0.000,0.000,0.000,12946543,8263751,0,0,
GPU,2,0.000,0.000,0.000,12946543,8263751,0,0,
GPU,2,0.000,0.000,0.000,12929686,8341732,0,0,
GPU,2,0.000,0.000,0.000,12929686,8341732,0,0,
GPU,2,0.000,0.000,0.000,12929686,8341732,0,0,
GPU,2,0.000,0.000,0.000,15047236,9005542,0,0,
GPU,2,0.000,0.000,0.000,15047236,9005542,0,0,
GPU,2,0.000,0.000,0.000,13076327,8346592,0,0,
GPU,2,0.000,0.000,0.000,13076327,8346592,0,0,
GPU,2,0.000,0.000,0.000,13076327,8346592,0,0,
GPU,2,0.000,0.000,0.000,12979989,8513756,0,0,
GPU,2,0.000,0.000,0.000,12979989,8513756,0,0,
GPU,2,0.000,0.000,0.000,13134912,8383986,0,0,
GPU,2,0.000,0.000,0.000,13134912,8383986,0,0,
GPU,2,0.000,0.000,0.000,13134912,8383986,0,0,
GPU,2,0.000,0.000,0.000,12661135,8168474,0,0,
