timestamp, temperature_gpu, power_draw_w,utilization_gpu, utilization_memory, memory_used_mib, memory_free_mib, total_energy_consumption_j
1.7213e+18, 31, 72, 0, 0, 3263, 39686, 671645813808
1.7213e+18, 31, 72, 0, 0, 3263, 39686, 671645813808
1.7213e+18, 31, 72, 0, 0, 3263, 39686, 671645813808
1.7213e+18, 31, 72, 0, 0, 3263, 39686, 671645813808
1.7213e+18, 31, 72, 0, 0, 3263, 39686, 671645813808
1.7213e+18, 31, 72, 0, 0, 3263, 39686, 671645813808
1.7213e+18, 31, 72, 0, 0, 3263, 39686, 671645813808
1.7213e+18, 31, 72, 0, 0, 3263, 39686, 671645813808
1.7213e+18, 31, 72, 0, 0, 3263, 39686, 671645813808
1.7213e+18, 31, 72, 0, 0, 3263, 39686, 671645813808
1.7213e+18, 31, 72, 0, 0, 3263, 39686, 671645821186
1.7213e+18, 31, 72, 0, 0, 3263, 39686, 671645821186
1.7213e+18, 31, 72, 0, 0, 3263, 39686, 671645821186
1.7213e+18, 31, 72, 0, 0, 3263, 39686, 671645821186
1.7213e+18, 31, 72, 0, 0, 3263, 39686, 671645821186
1.7213e+18, 31, 72, 0, 0, 3263, 39686, 671645821186
1.7213e+18, 31, 74, 0, 0, 3263, 39686, 671645821186
1.7213e+18, 31, 74, 0, 0, 3263, 39686, 671645821186
1.7213e+18, 31, 74, 0, 0, 3263, 39686, 671645821186
1.7213e+18, 31, 74, 0, 0, 3263, 39686, 671645821186
1.7213e+18, 31, 74, 0, 0, 3263, 39686, 671645821186
1.7213e+18, 31, 74, 0, 0, 3263, 39686, 671645821186
1.7213e+18, 31, 74, 0, 0, 3263, 39686, 671645821186
1.7213e+18, 31, 74, 0, 0, 3263, 39686, 671645821186
1.7213e+18, 31, 74, 0, 0, 3263, 39686, 671645821186
1.7213e+18, 31, 74, 0, 0, 3263, 39686, 671645821186
1.7213e+18, 31, 74, 0, 0, 3263, 39686, 671645821186
1.7213e+18, 31, 74, 0, 0, 3263, 39686, 671645821186
1.7213e+18, 31, 74, 0, 0, 3263, 39686, 671645821186
1.7213e+18, 31, 74, 0, 0, 3263, 39686, 671645821186
1.7213e+18, 31, 74, 0, 0, 3263, 39686, 671645821186
1.7213e+18, 31, 74, 0, 0, 3263, 39686, 671645821186
1.7213e+18, 31, 74, 0, 0, 3263, 39686, 671645821186
1.7213e+18, 31, 74, 0, 0, 3263, 39686, 671645821186
1.7213e+18, 31, 74, 0, 0, 3263, 39686, 671645821186
1.7213e+18, 31, 74, 0, 0, 3263, 39686, 671645821186
1.7213e+18, 31, 74, 0, 0, 3263, 39686, 671645821186
1.7213e+18, 31, 74, 0, 0, 3263, 39686, 671645821186
1.7213e+18, 31, 74, 0, 0, 3263, 39686, 671645821186
1.7213e+18, 31, 74, 0, 0, 3263, 39686, 671645821186
1.7213e+18, 31, 74, 0, 0, 3263, 39686, 671645828594
1.7213e+18, 31, 74, 0, 0, 3263, 39686, 671645828594
1.7213e+18, 31, 74, 0, 0, 3263, 39686, 671645828594
1.7213e+18, 31, 74, 0, 0, 3263, 39686, 671645828594
1.7213e+18, 31, 74, 0, 0, 3263, 39686, 671645828594
1.7213e+18, 31, 74, 0, 0, 3263, 39686, 671645828594
1.7213e+18, 31, 73, 0, 0, 3263, 39686, 671645828594
1.7213e+18, 31, 73, 0, 0, 3263, 39686, 671645828594
1.7213e+18, 31, 73, 0, 0, 3263, 39686, 671645828594
1.7213e+18, 31, 73, 0, 0, 3263, 39686, 671645828594
1.7213e+18, 31, 73, 0, 0, 3263, 39686, 671645828594
1.7213e+18, 31, 73, 1, 0, 3263, 39686, 671645828594
1.7213e+18, 31, 73, 1, 0, 3263, 39686, 671645828594
1.7213e+18, 31, 73, 1, 0, 3263, 39686, 671645828594
1.7213e+18, 31, 73, 1, 0, 3263, 39686, 671645828594
1.7213e+18, 31, 73, 1, 0, 3263, 39686, 671645828594
1.7213e+18, 31, 73, 1, 0, 3263, 39686, 671645828594
1.7213e+18, 31, 73, 1, 0, 3263, 39686, 671645828594
1.7213e+18, 31, 73, 1, 0, 3263, 39686, 671645828594
1.7213e+18, 31, 73, 1, 0, 3263, 39686, 671645828594
1.7213e+18, 31, 73, 1, 0, 3263, 39686, 671645828594
1.7213e+18, 31, 73, 1, 0, 3263, 39686, 671645828594
1.7213e+18, 31, 73, 1, 0, 3263, 39686, 671645828594
1.7213e+18, 31, 73, 1, 0, 3263, 39686, 671645828594
1.7213e+18, 31, 73, 1, 0, 3263, 39686, 671645828594
1.7213e+18, 31, 73, 1, 0, 3263, 39686, 671645828594
1.7213e+18, 31, 73, 1, 0, 3263, 39686, 671645828594
1.7213e+18, 31, 73, 1, 0, 3263, 39686, 671645828594
1.7213e+18, 31, 73, 1, 0, 3263, 39686, 671645828594
1.7213e+18, 31, 73, 1, 0, 3263, 39686, 671645835904
1.7213e+18, 31, 73, 1, 0, 3263, 39686, 671645835904
1.7213e+18, 31, 73, 1, 0, 3263, 39686, 671645835904
1.7213e+18, 31, 73, 1, 0, 3263, 39686, 671645835904
1.7213e+18, 31, 73, 1, 0, 3263, 39686, 671645835904
1.7213e+18, 31, 73, 1, 0, 3263, 39686, 671645835904
1.7213e+18, 31, 73, 1, 0, 3263, 39686, 671645835904
1.7213e+18, 31, 73, 1, 0, 3263, 39686, 671645835904
1.7213e+18, 31, 73, 1, 0, 3263, 39686, 671645835904
1.7213e+18, 31, 73, 1, 0, 3263, 39686, 671645835904
1.7213e+18, 31, 73, 1, 0, 3263, 39686, 671645835904
1.7213e+18, 31, 73, 1, 0, 3263, 39686, 671645835904
1.7213e+18, 31, 73, 1, 0, 3263, 39686, 671645835904
1.7213e+18, 31, 73, 1, 0, 3263, 39686, 671645835904
1.7213e+18, 31, 73, 1, 0, 3263, 39686, 671645835904
1.7213e+18, 31, 73, 1, 0, 3263, 39686, 671645835904
1.7213e+18, 31, 73, 1, 0, 3263, 39686, 671645835904
1.7213e+18, 31, 73, 1, 0, 3263, 39686, 671645835904
1.7213e+18, 31, 73, 1, 0, 3263, 39686, 671645835904
1.7213e+18, 31, 73, 1, 0, 3263, 39686, 671645835904
1.7213e+18, 31, 73, 1, 0, 3263, 39686, 671645835904
1.7213e+18, 31, 73, 1, 0, 3263, 39686, 671645835904
1.7213e+18, 31, 73, 1, 0, 3263, 39686, 671645835904
1.7213e+18, 31, 73, 1, 0, 3263, 39686, 671645835904
1.7213e+18, 31, 73, 1, 0, 3263, 39686, 671645835904
1.7213e+18, 31, 73, 1, 0, 3263, 39686, 671645835904
1.7213e+18, 31, 73, 1, 0, 3263, 39686, 671645835904
1.7213e+18, 31, 73, 1, 0, 3263, 39686, 671645835904
1.7213e+18, 31, 73, 1, 0, 3263, 39686, 671645835904
1.7213e+18, 31, 73, 1, 0, 3263, 39686, 671645835904
1.7213e+18, 31, 73, 1, 0, 3263, 39686, 671645843299
1.7213e+18, 31, 73, 1, 0, 3263, 39686, 671645843299
1.7213e+18, 31, 73, 1, 0, 3263, 39686, 671645843299
1.7213e+18, 31, 73, 1, 0, 3263, 39686, 671645843299
1.7213e+18, 31, 73, 1, 0, 3263, 39686, 671645843299
1.7213e+18, 31, 73, 1, 0, 3263, 39686, 671645843299
1.7213e+18, 31, 73, 1, 0, 3263, 39686, 671645843299
1.7213e+18, 31, 73, 1, 0, 3263, 39686, 671645843299
1.7213e+18, 31, 73, 1, 0, 3263, 39686, 671645843299
1.7213e+18, 31, 73, 1, 0, 3263, 39686, 671645843299
1.7213e+18, 31, 73, 1, 0, 3263, 39686, 671645843299
1.7213e+18, 31, 73, 1, 0, 3263, 39686, 671645843299
1.7213e+18, 31, 73, 0, 0, 3263, 39686, 671645843299
1.7213e+18, 31, 73, 0, 0, 3263, 39686, 671645843299
1.7213e+18, 31, 73, 0, 0, 3263, 39686, 671645843299
1.7213e+18, 31, 73, 0, 0, 3263, 39686, 671645843299
1.7213e+18, 31, 73, 0, 0, 3263, 39686, 671645843299
1.7213e+18, 31, 73, 0, 0, 3263, 39686, 671645843299
1.7213e+18, 31, 73, 0, 0, 3263, 39686, 671645843299
1.7213e+18, 31, 73, 0, 0, 3263, 39686, 671645843299
1.7213e+18, 31, 73, 0, 0, 3263, 39686, 671645843299
1.7213e+18, 31, 73, 0, 0, 3263, 39686, 671645843299
1.7213e+18, 31, 73, 0, 0, 3263, 39686, 671645843299
1.7213e+18, 31, 73, 0, 0, 3263, 39686, 671645843299
1.7213e+18, 31, 73, 0, 0, 3263, 39686, 671645843299
1.7213e+18, 31, 73, 0, 0, 3263, 39686, 671645843299
1.7213e+18, 31, 73, 0, 0, 3263, 39686, 671645843299
1.7213e+18, 31, 73, 0, 0, 3263, 39686, 671645843299
1.7213e+18, 31, 73, 0, 0, 3263, 39686, 671645843299
1.7213e+18, 31, 73, 0, 0, 3263, 39686, 671645850558
1.7213e+18, 31, 73, 0, 0, 3263, 39686, 671645850558
1.7213e+18, 31, 73, 0, 0, 3263, 39686, 671645850558
1.7213e+18, 31, 73, 0, 0, 3263, 39686, 671645850558
1.7213e+18, 31, 73, 0, 0, 3263, 39686, 671645850558
1.7213e+18, 31, 73, 0, 0, 3263, 39686, 671645850558
1.7213e+18, 31, 73, 0, 0, 3263, 39686, 671645850558
1.7213e+18, 31, 73, 0, 0, 3263, 39686, 671645850558
1.7213e+18, 31, 73, 0, 0, 3263, 39686, 671645850558
1.7213e+18, 31, 73, 0, 0, 3263, 39686, 671645850558
1.7213e+18, 31, 73, 0, 0, 3263, 39686, 671645850558
1.7213e+18, 31, 73, 0, 0, 3263, 39686, 671645850558
1.7213e+18, 31, 73, 0, 0, 3263, 39686, 671645850558
1.7213e+18, 31, 73, 0, 0, 3263, 39686, 671645850558
1.7213e+18, 31, 73, 0, 0, 3263, 39686, 671645850558
1.7213e+18, 31, 73, 0, 0, 3263, 39686, 671645850558
1.7213e+18, 31, 73, 0, 0, 3263, 39686, 671645850558
1.7213e+18, 31, 73, 0, 0, 3263, 39686, 671645850558
1.7213e+18, 31, 73, 0, 0, 3263, 39686, 671645850558
1.7213e+18, 31, 73, 0, 0, 3263, 39686, 671645850558
1.7213e+18, 31, 73, 0, 0, 3263, 39686, 671645850558
1.7213e+18, 31, 73, 0, 0, 3263, 39686, 671645850558
1.7213e+18, 31, 73, 0, 0, 3263, 39686, 671645850558
1.7213e+18, 31, 73, 0, 0, 3263, 39686, 671645850558
1.7213e+18, 31, 73, 0, 0, 3263, 39686, 671645850558
1.7213e+18, 31, 73, 0, 0, 3263, 39686, 671645850558
1.7213e+18, 31, 73, 0, 0, 3263, 39686, 671645850558
1.7213e+18, 31, 73, 0, 0, 3263, 39686, 671645850558
1.7213e+18, 31, 73, 0, 0, 3263, 39686, 671645850558
1.7213e+18, 31, 73, 0, 0, 3263, 39686, 671645850558
1.7213e+18, 31, 73, 0, 0, 3263, 39686, 671645857990
1.7213e+18, 31, 73, 0, 0, 3263, 39686, 671645857990
1.7213e+18, 31, 73, 0, 0, 3263, 39686, 671645857990
1.7213e+18, 31, 73, 0, 0, 3263, 39686, 671645857990
1.7213e+18, 31, 73, 0, 0, 3263, 39686, 671645857990
1.7213e+18, 31, 73, 0, 0, 3263, 39686, 671645857990
1.7213e+18, 31, 73, 0, 0, 3263, 39686, 671645857990
1.7213e+18, 31, 73, 0, 0, 3263, 39686, 671645857990
1.7213e+18, 31, 73, 0, 0, 3263, 39686, 671645857990
1.7213e+18, 31, 73, 0, 0, 3263, 39686, 671645857990
1.7213e+18, 31, 73, 0, 0, 3263, 39686, 671645857990
1.7213e+18, 31, 73, 0, 0, 3263, 39686, 671645857990
1.7213e+18, 31, 73, 0, 0, 3263, 39686, 671645857990
1.7213e+18, 31, 73, 0, 0, 3263, 39686, 671645857990
1.7213e+18, 31, 73, 0, 0, 3263, 39686, 671645857990
1.7213e+18, 31, 73, 0, 0, 3263, 39686, 671645857990
1.7213e+18, 31, 73, 0, 0, 3263, 39686, 671645857990
1.7213e+18, 31, 73, 0, 0, 3263, 39686, 671645857990
1.7213e+18, 31, 73, 0, 0, 3263, 39686, 671645857990
1.7213e+18, 31, 73, 0, 0, 3263, 39686, 671645857990
1.7213e+18, 31, 73, 0, 0, 3263, 39686, 671645857990
1.7213e+18, 31, 73, 0, 0, 3263, 39686, 671645857990
1.7213e+18, 31, 73, 0, 0, 3263, 39686, 671645857990
1.7213e+18, 31, 73, 0, 0, 3263, 39686, 671645857990
1.7213e+18, 31, 73, 0, 0, 3263, 39686, 671645857990
1.7213e+18, 31, 73, 0, 0, 3263, 39686, 671645857990
1.7213e+18, 31, 73, 0, 0, 3263, 39686, 671645857990
1.7213e+18, 31, 73, 0, 0, 3263, 39686, 671645857990
1.7213e+18, 31, 73, 0, 0, 3263, 39686, 671645857990
1.7213e+18, 31, 73, 0, 0, 3263, 39686, 671645865404
1.7213e+18, 31, 73, 0, 0, 3263, 39686, 671645865404
1.7213e+18, 31, 73, 0, 0, 3263, 39686, 671645865404
1.7213e+18, 31, 73, 0, 0, 3263, 39686, 671645865404
1.7213e+18, 31, 73, 0, 0, 3263, 39686, 671645865404
1.7213e+18, 31, 73, 0, 0, 3263, 39686, 671645865404
1.7213e+18, 31, 73, 0, 0, 3263, 39686, 671645865404
1.7213e+18, 31, 73, 0, 0, 3263, 39686, 671645865404
1.7213e+18, 31, 73, 0, 0, 3263, 39686, 671645865404
1.7213e+18, 31, 73, 0, 0, 3263, 39686, 671645865404
1.7213e+18, 31, 73, 0, 0, 3263, 39686, 671645865404
1.7213e+18, 31, 73, 0, 0, 3263, 39686, 671645865404
1.7213e+18, 31, 73, 0, 0, 3263, 39686, 671645865404
1.7213e+18, 31, 73, 0, 0, 3263, 39686, 671645865404
1.7213e+18, 31, 73, 0, 0, 3263, 39686, 671645865404
1.7213e+18, 31, 73, 0, 0, 3263, 39686, 671645865404
1.7213e+18, 31, 73, 0, 0, 3263, 39686, 671645865404
1.7213e+18, 31, 73, 0, 0, 3263, 39686, 671645865404
1.7213e+18, 31, 73, 0, 0, 3263, 39686, 671645865404
1.7213e+18, 31, 73, 0, 0, 3263, 39686, 671645865404
1.7213e+18, 31, 73, 0, 0, 3263, 39686, 671645865404
1.7213e+18, 31, 73, 0, 0, 3263, 39686, 671645865404
1.7213e+18, 31, 73, 0, 0, 3263, 39686, 671645865404
1.7213e+18, 31, 73, 0, 0, 3263, 39686, 671645865404
1.7213e+18, 31, 73, 0, 0, 3263, 39686, 671645865404
1.7213e+18, 31, 73, 0, 0, 3263, 39686, 671645865404
1.7213e+18, 31, 73, 0, 0, 3263, 39686, 671645865404
1.7213e+18, 31, 73, 0, 0, 3263, 39686, 671645865404
1.7213e+18, 31, 73, 0, 0, 3263, 39686, 671645865404
1.7213e+18, 31, 73, 0, 0, 3263, 39686, 671645872704
1.7213e+18, 31, 73, 0, 0, 3263, 39686, 671645872704
1.7213e+18, 31, 73, 0, 0, 3263, 39686, 671645872704
1.7213e+18, 31, 73, 0, 0, 3263, 39686, 671645872704
1.7213e+18, 31, 73, 0, 0, 3263, 39686, 671645872704
1.7213e+18, 31, 73, 0, 0, 3263, 39686, 671645872704
1.7213e+18, 31, 73, 0, 0, 3263, 39686, 671645872704
1.7213e+18, 31, 73, 0, 0, 3263, 39686, 671645872704
1.7213e+18, 31, 73, 0, 0, 3263, 39686, 671645872704
1.7213e+18, 31, 73, 0, 0, 3263, 39686, 671645872704
1.7213e+18, 31, 73, 0, 0, 3263, 39686, 671645872704
1.7213e+18, 31, 73, 0, 0, 3263, 39686, 671645872704
1.7213e+18, 31, 73, 0, 0, 3263, 39686, 671645872704
1.7213e+18, 31, 73, 0, 0, 3263, 39686, 671645872704
1.7213e+18, 31, 73, 0, 0, 3263, 39686, 671645872704
1.7213e+18, 31, 73, 0, 0, 3263, 39686, 671645872704
1.7213e+18, 31, 73, 0, 0, 3263, 39686, 671645872704
1.7213e+18, 31, 73, 0, 0, 3263, 39686, 671645872704
1.7213e+18, 31, 73, 0, 0, 3263, 39686, 671645872704
1.7213e+18, 31, 73, 0, 0, 3263, 39686, 671645872704
1.7213e+18, 31, 73, 0, 0, 3263, 39686, 671645872704
1.7213e+18, 31, 73, 0, 0, 3263, 39686, 671645872704
1.7213e+18, 31, 73, 0, 0, 3263, 39686, 671645872704
1.7213e+18, 31, 73, 0, 0, 3263, 39686, 671645872704
1.7213e+18, 31, 73, 0, 0, 3263, 39686, 671645872704
1.7213e+18, 31, 73, 0, 0, 3263, 39686, 671645872704
1.7213e+18, 31, 73, 0, 0, 3263, 39686, 671645872704
1.7213e+18, 31, 73, 0, 0, 3263, 39686, 671645872704
1.7213e+18, 31, 73, 0, 0, 3263, 39686, 671645872704
1.7213e+18, 31, 73, 0, 0, 3263, 39686, 671645880010
1.7213e+18, 31, 73, 0, 0, 3263, 39686, 671645880010
1.7213e+18, 31, 73, 0, 0, 3263, 39686, 671645880010
1.7213e+18, 31, 73, 0, 0, 3263, 39686, 671645880010
1.7213e+18, 31, 73, 0, 0, 3263, 39686, 671645880010
1.7213e+18, 31, 73, 0, 0, 3263, 39686, 671645880010
1.7213e+18, 31, 73, 0, 0, 3263, 39686, 671645880010
1.7213e+18, 31, 73, 0, 0, 3263, 39686, 671645880010
1.7213e+18, 31, 73, 0, 0, 3263, 39686, 671645880010
1.7213e+18, 31, 73, 0, 0, 3263, 39686, 671645880010
1.7213e+18, 31, 73, 0, 0, 3263, 39686, 671645880010
1.7213e+18, 31, 73, 0, 0, 3263, 39686, 671645880010
1.7213e+18, 31, 73, 0, 0, 3263, 39686, 671645880010
1.7213e+18, 31, 73, 0, 0, 3263, 39686, 671645880010
1.7213e+18, 31, 73, 0, 0, 3263, 39686, 671645880010
1.7213e+18, 31, 73, 0, 0, 3263, 39686, 671645880010
1.7213e+18, 31, 73, 0, 0, 3263, 39686, 671645880010
1.7213e+18, 31, 73, 0, 0, 3263, 39686, 671645880010
1.7213e+18, 31, 73, 0, 0, 3263, 39686, 671645880010
1.7213e+18, 31, 73, 0, 0, 3263, 39686, 671645880010
1.7213e+18, 31, 73, 0, 0, 3263, 39686, 671645880010
1.7213e+18, 31, 73, 0, 0, 3263, 39686, 671645880010
1.7213e+18, 31, 73, 0, 0, 3263, 39686, 671645880010
1.7213e+18, 31, 73, 0, 0, 3263, 39686, 671645880010
1.7213e+18, 31, 73, 0, 0, 3263, 39686, 671645880010
1.7213e+18, 31, 73, 0, 0, 3263, 39686, 671645880010
1.7213e+18, 31, 73, 0, 0, 3263, 39686, 671645880010
1.7213e+18, 31, 73, 0, 0, 3263, 39686, 671645880010
1.7213e+18, 31, 73, 0, 0, 3263, 39686, 671645880010
1.7213e+18, 31, 73, 0, 0, 3263, 39686, 671645880010
1.7213e+18, 31, 73, 0, 0, 3263, 39686, 671645887439
1.7213e+18, 31, 73, 0, 0, 3263, 39686, 671645887439
1.7213e+18, 31, 73, 0, 0, 3263, 39686, 671645887439
1.7213e+18, 31, 73, 0, 0, 3263, 39686, 671645887439
1.7213e+18, 31, 73, 0, 0, 3263, 39686, 671645887439
1.7213e+18, 31, 73, 0, 0, 3263, 39686, 671645887439
1.7213e+18, 31, 73, 0, 0, 3263, 39686, 671645887439
1.7213e+18, 31, 73, 0, 0, 3263, 39686, 671645887439
1.7213e+18, 31, 73, 0, 0, 3263, 39686, 671645887439
1.7213e+18, 31, 73, 0, 0, 3263, 39686, 671645887439
1.7213e+18, 31, 73, 0, 0, 3263, 39686, 671645887439
1.7213e+18, 31, 73, 0, 0, 3263, 39686, 671645887439
1.7213e+18, 31, 73, 0, 0, 3263, 39686, 671645887439
1.7213e+18, 31, 73, 0, 0, 3263, 39686, 671645887439
1.7213e+18, 31, 73, 0, 0, 3263, 39686, 671645887439
1.7213e+18, 31, 73, 0, 0, 3263, 39686, 671645887439
1.7213e+18, 31, 73, 0, 0, 3263, 39686, 671645887439
1.7213e+18, 31, 73, 0, 0, 3263, 39686, 671645887439
1.7213e+18, 31, 73, 0, 0, 3263, 39686, 671645887439
1.7213e+18, 31, 73, 0, 0, 3263, 39686, 671645887439
1.7213e+18, 31, 73, 0, 0, 3263, 39686, 671645887439
1.7213e+18, 31, 73, 0, 0, 3263, 39686, 671645887439
1.7213e+18, 31, 73, 0, 0, 3263, 39686, 671645887439
1.7213e+18, 31, 73, 0, 0, 3263, 39686, 671645887439
1.7213e+18, 31, 73, 0, 0, 3263, 39686, 671645887439
1.7213e+18, 31, 73, 0, 0, 3263, 39686, 671645887439
1.7213e+18, 31, 73, 0, 0, 3263, 39686, 671645887439
1.7213e+18, 31, 73, 0, 0, 3263, 39686, 671645887439
1.7213e+18, 31, 73, 0, 0, 3263, 39686, 671645887439
1.7213e+18, 31, 73, 0, 0, 3263, 39686, 671645894716
1.7213e+18, 31, 73, 0, 0, 3263, 39686, 671645894716
1.7213e+18, 31, 73, 0, 0, 3263, 39686, 671645894716
1.7213e+18, 31, 73, 0, 0, 3263, 39686, 671645894716
1.7213e+18, 31, 73, 0, 0, 3263, 39686, 671645894716
1.7213e+18, 31, 73, 0, 0, 3263, 39686, 671645894716
1.7213e+18, 31, 73, 0, 0, 3263, 39686, 671645894716
1.7213e+18, 31, 73, 0, 0, 3263, 39686, 671645894716
1.7213e+18, 31, 73, 0, 0, 3263, 39686, 671645894716
1.7213e+18, 31, 73, 0, 0, 3263, 39686, 671645894716
1.7213e+18, 31, 73, 0, 0, 3263, 39686, 671645894716
1.7213e+18, 31, 73, 0, 0, 3263, 39686, 671645894716
1.7213e+18, 31, 73, 0, 0, 3263, 39686, 671645894716
1.7213e+18, 31, 73, 0, 0, 3263, 39686, 671645894716
1.7213e+18, 31, 73, 0, 0, 3263, 39686, 671645894716
1.7213e+18, 31, 73, 0, 0, 3263, 39686, 671645894716
1.7213e+18, 31, 73, 0, 0, 3263, 39686, 671645894716
1.7213e+18, 31, 73, 0, 0, 3263, 39686, 671645894716
1.7213e+18, 31, 73, 0, 0, 3263, 39686, 671645894716
1.7213e+18, 31, 73, 0, 0, 3263, 39686, 671645894716
1.7213e+18, 31, 73, 0, 0, 3263, 39686, 671645894716
1.7213e+18, 31, 73, 0, 0, 3263, 39686, 671645894716
1.7213e+18, 31, 73, 0, 0, 3263, 39686, 671645894716
1.7213e+18, 31, 73, 0, 0, 3263, 39686, 671645894716
1.7213e+18, 31, 73, 0, 0, 3263, 39686, 671645894716
1.7213e+18, 31, 73, 0, 0, 3263, 39686, 671645894716
1.7213e+18, 31, 73, 0, 0, 3263, 39686, 671645894716
1.7213e+18, 31, 73, 0, 0, 3263, 39686, 671645894716
1.7213e+18, 31, 73, 0, 0, 3263, 39686, 671645894716
1.7213e+18, 31, 73, 0, 0, 3263, 39686, 671645894716
1.7213e+18, 31, 73, 0, 0, 3263, 39686, 671645902138
1.7213e+18, 31, 73, 0, 0, 3263, 39686, 671645902138
1.7213e+18, 31, 73, 0, 0, 3263, 39686, 671645902138
1.7213e+18, 31, 73, 0, 0, 3263, 39686, 671645902138
1.7213e+18, 31, 73, 0, 0, 3263, 39686, 671645902138
1.7213e+18, 31, 73, 0, 0, 3263, 39686, 671645902138
1.7213e+18, 31, 73, 0, 0, 3263, 39686, 671645902138
1.7213e+18, 31, 73, 0, 0, 3263, 39686, 671645902138
1.7213e+18, 31, 73, 0, 0, 3263, 39686, 671645902138
1.7213e+18, 31, 73, 0, 0, 3263, 39686, 671645902138
1.7213e+18, 31, 73, 0, 0, 3263, 39686, 671645902138
1.7213e+18, 31, 73, 0, 0, 3263, 39686, 671645902138
1.7213e+18, 31, 73, 0, 0, 3263, 39686, 671645902138
1.7213e+18, 31, 73, 0, 0, 3263, 39686, 671645902138
1.7213e+18, 31, 73, 0, 0, 3263, 39686, 671645902138
1.7213e+18, 31, 73, 0, 0, 3263, 39686, 671645902138
1.7213e+18, 31, 73, 0, 0, 3263, 39686, 671645902138
1.7213e+18, 31, 73, 0, 0, 3263, 39686, 671645902138
1.7213e+18, 31, 73, 0, 0, 3263, 39686, 671645902138
1.7213e+18, 31, 73, 0, 0, 3263, 39686, 671645902138
1.7213e+18, 31, 73, 0, 0, 3263, 39686, 671645902138
1.7213e+18, 31, 73, 0, 0, 3263, 39686, 671645902138
1.7213e+18, 31, 73, 0, 0, 3263, 39686, 671645902138
1.7213e+18, 31, 73, 0, 0, 3263, 39686, 671645902138
1.7213e+18, 31, 73, 0, 0, 3263, 39686, 671645902138
1.7213e+18, 31, 73, 0, 0, 3263, 39686, 671645902138
1.7213e+18, 31, 73, 0, 0, 3263, 39686, 671645902138
1.7213e+18, 31, 73, 0, 0, 3263, 39686, 671645902138
1.7213e+18, 31, 73, 0, 0, 3263, 39686, 671645902138
1.7213e+18, 31, 73, 0, 0, 3263, 39686, 671645909412
1.7213e+18, 31, 73, 0, 0, 3263, 39686, 671645909412
1.7213e+18, 31, 73, 0, 0, 3263, 39686, 671645909412
1.7213e+18, 31, 73, 0, 0, 3263, 39686, 671645909412
1.7213e+18, 31, 73, 0, 0, 3263, 39686, 671645909412
1.7213e+18, 31, 73, 0, 0, 3263, 39686, 671645909412
1.7213e+18, 31, 73, 0, 0, 3263, 39686, 671645909412
1.7213e+18, 31, 73, 0, 0, 3263, 39686, 671645909412
1.7213e+18, 31, 73, 0, 0, 3263, 39686, 671645909412
1.7213e+18, 31, 73, 0, 0, 3263, 39686, 671645909412
1.7213e+18, 31, 73, 0, 0, 3263, 39686, 671645909412
1.7213e+18, 31, 73, 0, 0, 3263, 39686, 671645909412
1.7213e+18, 31, 73, 0, 0, 3263, 39686, 671645909412
1.7213e+18, 31, 73, 0, 0, 3263, 39686, 671645909412
1.7213e+18, 31, 73, 0, 0, 3263, 39686, 671645909412
1.7213e+18, 31, 73, 0, 0, 3263, 39686, 671645909412
1.7213e+18, 31, 73, 0, 0, 3263, 39686, 671645909412
1.7213e+18, 31, 73, 0, 0, 3263, 39686, 671645909412
1.7213e+18, 31, 73, 0, 0, 3263, 39686, 671645909412
1.7213e+18, 31, 73, 0, 0, 3263, 39686, 671645909412
1.7213e+18, 31, 73, 0, 0, 3263, 39686, 671645909412
1.7213e+18, 31, 73, 0, 0, 3263, 39686, 671645909412
1.7213e+18, 31, 73, 0, 0, 3263, 39686, 671645909412
1.7213e+18, 31, 73, 0, 0, 3263, 39686, 671645909412
1.7213e+18, 31, 73, 0, 0, 3263, 39686, 671645909412
1.7213e+18, 31, 73, 0, 0, 3263, 39686, 671645909412
1.7213e+18, 31, 73, 0, 0, 3263, 39686, 671645909412
1.7213e+18, 31, 73, 0, 0, 3263, 39686, 671645909412
1.7213e+18, 31, 73, 0, 0, 3263, 39686, 671645909412
1.7213e+18, 31, 73, 0, 0, 3263, 39686, 671645909412
1.7213e+18, 31, 73, 0, 0, 3263, 39686, 671645916827
1.7213e+18, 31, 73, 0, 0, 3263, 39686, 671645916827
1.7213e+18, 31, 73, 0, 0, 3263, 39686, 671645916827
1.7213e+18, 31, 73, 0, 0, 3263, 39686, 671645916827
1.7213e+18, 31, 73, 0, 0, 3263, 39686, 671645916827
1.7213e+18, 31, 73, 0, 0, 3263, 39686, 671645916827
1.7213e+18, 31, 73, 0, 0, 3263, 39686, 671645916827
1.7213e+18, 31, 73, 0, 0, 3263, 39686, 671645916827
1.7213e+18, 31, 73, 0, 0, 3263, 39686, 671645916827
1.7213e+18, 31, 73, 0, 0, 3263, 39686, 671645916827
1.7213e+18, 31, 73, 0, 0, 3263, 39686, 671645916827
1.7213e+18, 31, 73, 0, 0, 3263, 39686, 671645916827
1.7213e+18, 31, 73, 0, 0, 3263, 39686, 671645916827
1.7213e+18, 31, 73, 0, 0, 3263, 39686, 671645916827
1.7213e+18, 31, 73, 0, 0, 3263, 39686, 671645916827
1.7213e+18, 31, 73, 0, 0, 3263, 39686, 671645916827
1.7213e+18, 31, 73, 0, 0, 3263, 39686, 671645916827
1.7213e+18, 31, 73, 0, 0, 3263, 39686, 671645916827
1.7213e+18, 31, 73, 0, 0, 3263, 39686, 671645916827
1.7213e+18, 31, 73, 0, 0, 3263, 39686, 671645916827
1.7213e+18, 31, 73, 0, 0, 3263, 39686, 671645916827
1.7213e+18, 31, 73, 0, 0, 3263, 39686, 671645916827
1.7213e+18, 31, 73, 0, 0, 3263, 39686, 671645916827
1.7213e+18, 31, 73, 0, 0, 3263, 39686, 671645916827
1.7213e+18, 31, 73, 0, 0, 3263, 39686, 671645916827
1.7213e+18, 31, 73, 0, 0, 3263, 39686, 671645916827
1.7213e+18, 31, 73, 0, 0, 3263, 39686, 671645916827
1.7213e+18, 31, 73, 0, 0, 3263, 39686, 671645916827
1.7213e+18, 31, 73, 0, 0, 3263, 39686, 671645916827
1.7213e+18, 31, 73, 0, 0, 3263, 39686, 671645924117
1.7213e+18, 31, 73, 0, 0, 3263, 39686, 671645924117
1.7213e+18, 31, 73, 0, 0, 3263, 39686, 671645924117
1.7213e+18, 31, 73, 0, 0, 3263, 39686, 671645924117
1.7213e+18, 31, 73, 0, 0, 3263, 39686, 671645924117
1.7213e+18, 31, 73, 0, 0, 3263, 39686, 671645924117
1.7213e+18, 31, 73, 0, 0, 3263, 39686, 671645924117
1.7213e+18, 31, 73, 0, 0, 3263, 39686, 671645924117
1.7213e+18, 31, 73, 0, 0, 3263, 39686, 671645924117
1.7213e+18, 31, 73, 0, 0, 3263, 39686, 671645924117
1.7213e+18, 31, 73, 0, 0, 3263, 39686, 671645924117
1.7213e+18, 31, 73, 0, 0, 3263, 39686, 671645924117
1.7213e+18, 31, 73, 0, 0, 3263, 39686, 671645924117
1.7213e+18, 31, 73, 0, 0, 3263, 39686, 671645924117
1.7213e+18, 31, 73, 0, 0, 3263, 39686, 671645924117
1.7213e+18, 31, 73, 0, 0, 3263, 39686, 671645924117
1.7213e+18, 31, 73, 0, 0, 3263, 39686, 671645924117
1.7213e+18, 31, 73, 0, 0, 3263, 39686, 671645924117
1.7213e+18, 31, 73, 0, 0, 3263, 39686, 671645924117
1.7213e+18, 31, 73, 0, 0, 3263, 39686, 671645924117
1.7213e+18, 31, 73, 0, 0, 3263, 39686, 671645924117
1.7213e+18, 31, 73, 0, 0, 3263, 39686, 671645924117
1.7213e+18, 31, 73, 0, 0, 3263, 39686, 671645924117
1.7213e+18, 31, 73, 0, 0, 3263, 39686, 671645924117
1.7213e+18, 31, 73, 0, 0, 3263, 39686, 671645924117
1.7213e+18, 31, 73, 0, 0, 3263, 39686, 671645924117
1.7213e+18, 31, 73, 0, 0, 3263, 39686, 671645924117
1.7213e+18, 31, 73, 0, 0, 3263, 39686, 671645924117
1.7213e+18, 31, 73, 0, 0, 3263, 39686, 671645931467
1.7213e+18, 31, 73, 0, 0, 3263, 39686, 671645931467
1.7213e+18, 31, 73, 0, 0, 3263, 39686, 671645931467
1.7213e+18, 31, 73, 0, 0, 3263, 39686, 671645931467
1.7213e+18, 31, 73, 0, 0, 3263, 39686, 671645931467
1.7213e+18, 31, 73, 0, 0, 3263, 39686, 671645931467
1.7213e+18, 31, 73, 0, 0, 3263, 39686, 671645931467
1.7213e+18, 31, 73, 0, 0, 3263, 39686, 671645931467
1.7213e+18, 31, 73, 0, 0, 3263, 39686, 671645931467
1.7213e+18, 31, 73, 0, 0, 3263, 39686, 671645931467
1.7213e+18, 31, 73, 0, 0, 3263, 39686, 671645931467
1.7213e+18, 31, 73, 0, 0, 3263, 39686, 671645931467
1.7213e+18, 31, 73, 0, 0, 3263, 39686, 671645931467
1.7213e+18, 31, 73, 0, 0, 3263, 39686, 671645931467
1.7213e+18, 31, 73, 0, 0, 3263, 39686, 671645931467
1.7213e+18, 31, 73, 0, 0, 3263, 39686, 671645931467
1.7213e+18, 31, 73, 0, 0, 3263, 39686, 671645931467
1.7213e+18, 31, 73, 0, 0, 3263, 39686, 671645931467
1.7213e+18, 31, 73, 0, 0, 3263, 39686, 671645931467
1.7213e+18, 31, 73, 0, 0, 3263, 39686, 671645931467
1.7213e+18, 31, 73, 0, 0, 3263, 39686, 671645931467
1.7213e+18, 31, 73, 0, 0, 3263, 39686, 671645931467
1.7213e+18, 31, 73, 0, 0, 3263, 39686, 671645931467
1.7213e+18, 31, 73, 0, 0, 3263, 39686, 671645931467
1.7213e+18, 31, 73, 0, 0, 3263, 39686, 671645931467
1.7213e+18, 31, 73, 0, 0, 3263, 39686, 671645931467
1.7213e+18, 31, 73, 0, 0, 3263, 39686, 671645931467
1.7213e+18, 31, 73, 0, 0, 3263, 39686, 671645931467
1.7213e+18, 31, 73, 0, 0, 3263, 39686, 671645931467
1.7213e+18, 31, 73, 0, 0, 3263, 39686, 671645938909
1.7213e+18, 31, 73, 0, 0, 3263, 39686, 671645938909
1.7213e+18, 31, 73, 0, 0, 3263, 39686, 671645938909
1.7213e+18, 31, 73, 0, 0, 3263, 39686, 671645938909
1.7213e+18, 31, 73, 0, 0, 3263, 39686, 671645938909
1.7213e+18, 31, 73, 0, 0, 3263, 39686, 671645938909
1.7213e+18, 31, 73, 0, 0, 3263, 39686, 671645938909
1.7213e+18, 31, 73, 0, 0, 3263, 39686, 671645938909
1.7213e+18, 31, 73, 0, 0, 3263, 39686, 671645938909
1.7213e+18, 31, 73, 0, 0, 3263, 39686, 671645938909
1.7213e+18, 31, 73, 0, 0, 3263, 39686, 671645938909
1.7213e+18, 31, 73, 0, 0, 3263, 39686, 671645938909
1.7213e+18, 31, 73, 0, 0, 3263, 39686, 671645938909
1.7213e+18, 31, 73, 0, 0, 3263, 39686, 671645938909
1.7213e+18, 31, 73, 0, 0, 3263, 39686, 671645938909
1.7213e+18, 31, 73, 0, 0, 3263, 39686, 671645938909
1.7213e+18, 31, 73, 0, 0, 3263, 39686, 671645938909
1.7213e+18, 31, 73, 0, 0, 3263, 39686, 671645938909
1.7213e+18, 31, 73, 0, 0, 3263, 39686, 671645938909
1.7213e+18, 31, 73, 0, 0, 3263, 39686, 671645938909
1.7213e+18, 31, 73, 0, 0, 3263, 39686, 671645938909
1.7213e+18, 31, 73, 0, 0, 3263, 39686, 671645938909
1.7213e+18, 31, 73, 0, 0, 3263, 39686, 671645938909
1.7213e+18, 31, 73, 0, 0, 3263, 39686, 671645938909
1.7213e+18, 31, 73, 0, 0, 3263, 39686, 671645938909
1.7213e+18, 31, 73, 0, 0, 3263, 39686, 671645938909
1.7213e+18, 31, 73, 0, 0, 3263, 39686, 671645938909
1.7213e+18, 31, 73, 0, 0, 3263, 39686, 671645938909
1.7213e+18, 31, 73, 0, 0, 3263, 39686, 671645938909
1.7213e+18, 31, 73, 0, 0, 3263, 39686, 671645946189
1.7213e+18, 31, 73, 0, 0, 3263, 39686, 671645946189
1.7213e+18, 31, 73, 0, 0, 3263, 39686, 671645946189
1.7213e+18, 31, 73, 0, 0, 3263, 39686, 671645946189
1.7213e+18, 31, 73, 0, 0, 3263, 39686, 671645946189
1.7213e+18, 31, 73, 0, 0, 3263, 39686, 671645946189
1.7213e+18, 31, 73, 0, 0, 3263, 39686, 671645946189
1.7213e+18, 31, 73, 0, 0, 3263, 39686, 671645946189
1.7213e+18, 31, 73, 0, 0, 3263, 39686, 671645946189
1.7213e+18, 31, 73, 0, 0, 3263, 39686, 671645946189
1.7213e+18, 31, 73, 0, 0, 3263, 39686, 671645946189
1.7213e+18, 31, 73, 0, 0, 3263, 39686, 671645946189
1.7213e+18, 31, 73, 0, 0, 3263, 39686, 671645946189
1.7213e+18, 31, 73, 0, 0, 3263, 39686, 671645946189
1.7213e+18, 31, 73, 0, 0, 3263, 39686, 671645946189
1.7213e+18, 31, 73, 0, 0, 3263, 39686, 671645946189
1.7213e+18, 31, 73, 0, 0, 3263, 39686, 671645946189
1.7213e+18, 31, 73, 0, 0, 3263, 39686, 671645946189
1.7213e+18, 31, 73, 0, 0, 3263, 39686, 671645946189
1.7213e+18, 31, 73, 0, 0, 3263, 39686, 671645946189
1.7213e+18, 31, 73, 0, 0, 3263, 39686, 671645946189
1.7213e+18, 31, 73, 0, 0, 3263, 39686, 671645946189
1.7213e+18, 31, 73, 0, 0, 3263, 39686, 671645946189
1.7213e+18, 31, 73, 0, 0, 3263, 39686, 671645946189
1.7213e+18, 31, 73, 0, 0, 3263, 39686, 671645946189
1.7213e+18, 31, 73, 0, 0, 3263, 39686, 671645946189
1.7213e+18, 31, 73, 0, 0, 3263, 39686, 671645946189
1.7213e+18, 31, 73, 0, 0, 3263, 39686, 671645946189
1.7213e+18, 31, 73, 0, 0, 3263, 39686, 671645946189
1.7213e+18, 31, 73, 0, 0, 3263, 39686, 671645946189
1.7213e+18, 31, 73, 0, 0, 3263, 39686, 671645953640
1.7213e+18, 31, 73, 0, 0, 3263, 39686, 671645953640
1.7213e+18, 31, 73, 0, 0, 3263, 39686, 671645953640
1.7213e+18, 31, 73, 0, 0, 3263, 39686, 671645953640
1.7213e+18, 31, 73, 0, 0, 3263, 39686, 671645953640
1.7213e+18, 31, 73, 0, 0, 3263, 39686, 671645953640
1.7213e+18, 31, 73, 0, 0, 3263, 39686, 671645953640
1.7213e+18, 31, 73, 0, 0, 3263, 39686, 671645953640
1.7213e+18, 31, 73, 0, 0, 3263, 39686, 671645953640
1.7213e+18, 31, 73, 0, 0, 3263, 39686, 671645953640
1.7213e+18, 31, 73, 0, 0, 3263, 39686, 671645953640
1.7213e+18, 31, 73, 0, 0, 3263, 39686, 671645953640
1.7213e+18, 31, 73, 0, 0, 3263, 39686, 671645953640
1.7213e+18, 31, 73, 0, 0, 3263, 39686, 671645953640
1.7213e+18, 31, 73, 0, 0, 3263, 39686, 671645953640
1.7213e+18, 31, 73, 0, 0, 3263, 39686, 671645953640
1.7213e+18, 31, 73, 0, 0, 3263, 39686, 671645953640
1.7213e+18, 31, 73, 0, 0, 3263, 39686, 671645953640
1.7213e+18, 31, 73, 0, 0, 3263, 39686, 671645953640
1.7213e+18, 31, 73, 0, 0, 3263, 39686, 671645953640
1.7213e+18, 31, 73, 0, 0, 3263, 39686, 671645953640
1.7213e+18, 31, 73, 0, 0, 3263, 39686, 671645953640
1.7213e+18, 31, 73, 0, 0, 3263, 39686, 671645953640
1.7213e+18, 31, 73, 0, 0, 3263, 39686, 671645953640
1.7213e+18, 31, 73, 0, 0, 3263, 39686, 671645953640
1.7213e+18, 31, 73, 0, 0, 3263, 39686, 671645953640
1.7213e+18, 31, 73, 0, 0, 3263, 39686, 671645953640
1.7213e+18, 31, 73, 0, 0, 3263, 39686, 671645953640
1.7213e+18, 31, 73, 0, 0, 3263, 39686, 671645953640
1.7213e+18, 31, 73, 0, 0, 3263, 39686, 671645960908
1.7213e+18, 31, 73, 0, 0, 3263, 39686, 671645960908
1.7213e+18, 31, 73, 0, 0, 3263, 39686, 671645960908
1.7213e+18, 31, 73, 0, 0, 3263, 39686, 671645960908
1.7213e+18, 31, 73, 0, 0, 3263, 39686, 671645960908
1.7213e+18, 31, 73, 0, 0, 3263, 39686, 671645960908
1.7213e+18, 31, 73, 0, 0, 3263, 39686, 671645960908
1.7213e+18, 31, 73, 0, 0, 3263, 39686, 671645960908
1.7213e+18, 31, 73, 0, 0, 3263, 39686, 671645960908
1.7213e+18, 31, 73, 0, 0, 3263, 39686, 671645960908
1.7213e+18, 31, 73, 0, 0, 3263, 39686, 671645960908
1.7213e+18, 31, 73, 0, 0, 3263, 39686, 671645960908
1.7213e+18, 31, 73, 0, 0, 3263, 39686, 671645960908
1.7213e+18, 31, 73, 0, 0, 3263, 39686, 671645960908
1.7213e+18, 31, 73, 0, 0, 3263, 39686, 671645960908
