timestamp, temperature_gpu, power_draw_w,utilization_gpu, utilization_memory, memory_used_mib, memory_free_mib, total_energy_consumption_j
1.72235e+18, 29, 54, 2, 0, 2124, 40824, 1042033672
1.72235e+18, 29, 54, 2, 0, 2124, 40824, 1042033672
1.72235e+18, 29, 54, 2, 0, 2124, 40824, 1042033672
1.72235e+18, 29, 54, 2, 0, 2124, 40824, 1042033672
1.72235e+18, 29, 54, 2, 0, 2124, 40824, 1042033672
1.72235e+18, 29, 54, 2, 0, 2124, 40824, 1042033672
1.72235e+18, 29, 54, 2, 0, 2124, 40824, 1042033672
1.72235e+18, 29, 54, 2, 0, 2124, 40824, 1042033672
1.72235e+18, 29, 54, 2, 0, 2124, 40824, 1042033672
1.72235e+18, 29, 54, 2, 0, 2124, 40824, 1042033672
1.72235e+18, 29, 54, 2, 0, 2124, 40824, 1042033672
1.72235e+18, 29, 54, 2, 0, 2124, 40824, 1042033672
1.72235e+18, 29, 54, 2, 0, 2124, 40824, 1042039250
1.72235e+18, 29, 54, 2, 0, 2124, 40824, 1042039250
1.72235e+18, 29, 54, 2, 0, 2124, 40824, 1042039250
1.72235e+18, 29, 54, 2, 0, 2124, 40824, 1042039250
1.72235e+18, 29, 54, 6, 0, 2124, 40824, 1042039250
1.72235e+18, 29, 54, 6, 0, 2124, 40824, 1042039250
1.72235e+18, 29, 54, 6, 0, 2124, 40824, 1042039250
1.72235e+18, 29, 54, 6, 0, 2124, 40824, 1042039250
1.72235e+18, 29, 54, 6, 0, 2124, 40824, 1042039250
1.72235e+18, 29, 54, 6, 0, 2124, 40824, 1042039250
1.72235e+18, 29, 54, 6, 0, 2124, 40824, 1042039250
1.72235e+18, 29, 54, 6, 0, 2124, 40824, 1042039250
1.72235e+18, 29, 54, 6, 0, 2124, 40824, 1042039250
1.72235e+18, 29, 54, 6, 0, 2124, 40824, 1042039250
1.72235e+18, 29, 54, 6, 0, 2124, 40824, 1042039250
1.72235e+18, 29, 54, 6, 0, 2124, 40824, 1042039250
1.72235e+18, 29, 54, 6, 0, 2124, 40824, 1042039250
1.72235e+18, 29, 54, 6, 0, 2124, 40824, 1042039250
1.72235e+18, 29, 54, 6, 0, 2124, 40824, 1042039250
1.72235e+18, 29, 54, 6, 0, 2124, 40824, 1042039250
1.72235e+18, 29, 54, 6, 0, 2124, 40824, 1042039250
1.72235e+18, 29, 54, 6, 0, 2124, 40824, 1042039250
1.72235e+18, 29, 54, 6, 0, 2124, 40824, 1042039250
1.72235e+18, 29, 54, 6, 0, 2124, 40824, 1042039250
1.72235e+18, 29, 54, 6, 0, 2124, 40824, 1042039250
1.72235e+18, 29, 54, 6, 0, 2124, 40824, 1042039250
1.72235e+18, 29, 54, 6, 0, 2124, 40824, 1042039250
1.72235e+18, 29, 54, 6, 0, 2124, 40824, 1042044836
1.72235e+18, 29, 55, 6, 0, 2124, 40824, 1042044836
1.72235e+18, 29, 55, 6, 0, 2124, 40824, 1042044836
1.72235e+18, 29, 55, 6, 0, 2124, 40824, 1042044836
1.72235e+18, 29, 55, 6, 0, 2124, 40824, 1042044836
1.72235e+18, 29, 55, 6, 0, 2124, 40824, 1042044836
1.72235e+18, 29, 55, 6, 0, 2124, 40824, 1042044836
1.72235e+18, 29, 55, 6, 0, 2124, 40824, 1042044836
1.72235e+18, 29, 55, 6, 0, 2124, 40824, 1042044836
1.72235e+18, 29, 55, 6, 0, 2124, 40824, 1042044836
1.72235e+18, 29, 55, 6, 0, 2124, 40824, 1042044836
1.72235e+18, 29, 55, 6, 0, 2124, 40824, 1042044836
1.72235e+18, 29, 55, 6, 0, 2124, 40824, 1042044836
1.72235e+18, 29, 55, 6, 0, 2124, 40824, 1042044836
1.72235e+18, 29, 55, 6, 0, 2124, 40824, 1042044836
1.72235e+18, 29, 55, 6, 0, 2124, 40824, 1042044836
1.72235e+18, 29, 55, 6, 0, 2124, 40824, 1042044836
1.72235e+18, 29, 55, 6, 0, 2124, 40824, 1042044836
1.72235e+18, 29, 55, 6, 0, 2124, 40824, 1042044836
1.72235e+18, 29, 55, 6, 0, 2124, 40824, 1042044836
1.72235e+18, 29, 55, 6, 0, 2124, 40824, 1042044836
1.72235e+18, 29, 55, 6, 0, 2124, 40824, 1042044836
1.72235e+18, 29, 55, 6, 0, 2124, 40824, 1042044836
1.72235e+18, 29, 55, 6, 0, 2124, 40824, 1042044836
1.72235e+18, 29, 55, 6, 0, 2124, 40824, 1042044836
1.72235e+18, 29, 55, 6, 0, 2124, 40824, 1042044836
1.72235e+18, 29, 55, 6, 0, 2124, 40824, 1042044836
1.72235e+18, 29, 55, 6, 0, 2124, 40824, 1042050488
1.72235e+18, 29, 55, 6, 0, 2124, 40824, 1042050488
1.72235e+18, 29, 55, 6, 0, 2124, 40824, 1042050488
1.72235e+18, 29, 55, 6, 0, 2124, 40824, 1042050488
1.72235e+18, 29, 55, 6, 0, 2124, 40824, 1042050488
1.72235e+18, 29, 55, 6, 0, 2124, 40824, 1042050488
1.72235e+18, 29, 55, 6, 0, 2124, 40824, 1042050488
1.72235e+18, 29, 55, 0, 0, 2124, 40824, 1042050488
1.72235e+18, 29, 55, 0, 0, 2124, 40824, 1042050488
1.72235e+18, 29, 55, 0, 0, 2124, 40824, 1042050488
1.72235e+18, 29, 55, 0, 0, 2124, 40824, 1042050488
1.72235e+18, 29, 55, 0, 0, 2124, 40824, 1042050488
1.72235e+18, 29, 55, 0, 0, 2124, 40824, 1042050488
1.72235e+18, 29, 55, 0, 0, 2124, 40824, 1042050488
1.72235e+18, 29, 55, 0, 0, 2124, 40824, 1042050488
1.72235e+18, 29, 55, 0, 0, 2124, 40824, 1042050488
1.72235e+18, 29, 55, 0, 0, 2124, 40824, 1042050488
1.72235e+18, 29, 55, 0, 0, 2124, 40824, 1042050488
1.72235e+18, 29, 55, 0, 0, 2124, 40824, 1042050488
1.72235e+18, 29, 55, 0, 0, 2124, 40824, 1042050488
1.72235e+18, 29, 55, 0, 0, 2124, 40824, 1042050488
1.72235e+18, 29, 55, 0, 0, 2124, 40824, 1042050488
1.72235e+18, 29, 55, 0, 0, 2124, 40824, 1042050488
1.72235e+18, 29, 55, 0, 0, 2124, 40824, 1042050488
1.72235e+18, 29, 55, 0, 0, 2124, 40824, 1042050488
1.72235e+18, 29, 55, 0, 0, 2124, 40824, 1042050488
1.72235e+18, 29, 55, 0, 0, 2124, 40824, 1042050488
1.72235e+18, 29, 55, 0, 0, 2124, 40824, 1042056055
1.72235e+18, 29, 55, 0, 0, 2124, 40824, 1042056055
1.72235e+18, 29, 55, 0, 0, 2124, 40824, 1042056055
1.72235e+18, 29, 55, 0, 0, 2124, 40824, 1042056055
1.72235e+18, 29, 55, 0, 0, 2124, 40824, 1042056055
1.72235e+18, 29, 55, 0, 0, 2124, 40824, 1042056055
1.72235e+18, 29, 55, 0, 0, 2124, 40824, 1042056055
1.72235e+18, 29, 55, 0, 0, 2124, 40824, 1042056055
1.72235e+18, 29, 55, 0, 0, 2124, 40824, 1042056055
1.72235e+18, 29, 55, 0, 0, 2124, 40824, 1042056055
1.72235e+18, 29, 55, 0, 0, 2124, 40824, 1042056055
1.72235e+18, 29, 55, 0, 0, 2124, 40824, 1042056055
1.72235e+18, 29, 55, 0, 0, 2124, 40824, 1042056055
1.72235e+18, 29, 55, 0, 0, 2124, 40824, 1042056055
1.72235e+18, 29, 55, 0, 0, 2124, 40824, 1042056055
1.72235e+18, 29, 55, 0, 0, 2124, 40824, 1042056055
1.72235e+18, 29, 55, 0, 0, 2124, 40824, 1042056055
1.72235e+18, 29, 55, 0, 0, 2124, 40824, 1042056055
1.72235e+18, 29, 55, 0, 0, 2124, 40824, 1042056055
1.72235e+18, 29, 55, 0, 0, 2124, 40824, 1042056055
1.72235e+18, 29, 55, 0, 0, 2124, 40824, 1042056055
1.72235e+18, 29, 55, 0, 0, 2124, 40824, 1042056055
1.72235e+18, 29, 55, 0, 0, 2124, 40824, 1042056055
1.72235e+18, 29, 55, 0, 0, 2124, 40824, 1042056055
1.72235e+18, 29, 55, 0, 0, 2124, 40824, 1042056055
1.72235e+18, 29, 55, 0, 0, 2124, 40824, 1042056055
1.72235e+18, 29, 55, 0, 0, 2124, 40824, 1042061718
1.72235e+18, 29, 55, 0, 0, 2124, 40824, 1042061718
1.72235e+18, 29, 55, 0, 0, 2124, 40824, 1042061718
1.72235e+18, 29, 55, 0, 0, 2124, 40824, 1042061718
1.72235e+18, 29, 55, 0, 0, 2124, 40824, 1042061718
1.72235e+18, 29, 55, 0, 0, 2124, 40824, 1042061718
1.72235e+18, 29, 55, 0, 0, 2124, 40824, 1042061718
1.72235e+18, 29, 55, 0, 0, 2124, 40824, 1042061718
1.72235e+18, 29, 55, 0, 0, 2124, 40824, 1042061718
1.72235e+18, 29, 55, 0, 0, 2124, 40824, 1042061718
1.72235e+18, 29, 55, 0, 0, 2124, 40824, 1042061718
1.72235e+18, 29, 55, 0, 0, 2124, 40824, 1042061718
1.72235e+18, 29, 55, 0, 0, 2124, 40824, 1042061718
1.72235e+18, 29, 55, 0, 0, 2124, 40824, 1042061718
1.72235e+18, 29, 55, 0, 0, 2124, 40824, 1042061718
1.72235e+18, 29, 55, 0, 0, 2124, 40824, 1042061718
1.72235e+18, 29, 55, 0, 0, 2124, 40824, 1042061718
1.72235e+18, 29, 55, 0, 0, 2124, 40824, 1042061718
1.72235e+18, 29, 55, 0, 0, 2124, 40824, 1042061718
1.72235e+18, 29, 55, 0, 0, 2124, 40824, 1042061718
1.72235e+18, 29, 55, 0, 0, 2124, 40824, 1042061718
1.72235e+18, 29, 55, 0, 0, 2124, 40824, 1042061718
1.72235e+18, 29, 55, 0, 0, 2124, 40824, 1042061718
1.72235e+18, 29, 55, 0, 0, 2124, 40824, 1042061718
1.72235e+18, 29, 55, 0, 0, 2124, 40824, 1042061718
1.72235e+18, 29, 55, 0, 0, 2124, 40824, 1042061718
1.72235e+18, 29, 55, 0, 0, 2124, 40824, 1042061718
1.72235e+18, 29, 55, 0, 0, 2124, 40824, 1042067268
1.72235e+18, 29, 55, 0, 0, 2124, 40824, 1042067268
1.72235e+18, 29, 55, 0, 0, 2124, 40824, 1042067268
1.72235e+18, 29, 55, 0, 0, 2124, 40824, 1042067268
1.72235e+18, 29, 55, 0, 0, 2124, 40824, 1042067268
1.72235e+18, 29, 55, 0, 0, 2124, 40824, 1042067268
1.72235e+18, 29, 55, 0, 0, 2124, 40824, 1042067268
1.72235e+18, 29, 55, 0, 0, 2124, 40824, 1042067268
1.72235e+18, 29, 55, 0, 0, 2124, 40824, 1042067268
1.72235e+18, 29, 55, 0, 0, 2124, 40824, 1042067268
1.72235e+18, 29, 55, 0, 0, 2124, 40824, 1042067268
1.72235e+18, 29, 55, 0, 0, 2124, 40824, 1042067268
1.72235e+18, 29, 55, 0, 0, 2124, 40824, 1042067268
1.72235e+18, 29, 55, 0, 0, 2124, 40824, 1042067268
1.72235e+18, 29, 55, 0, 0, 2124, 40824, 1042067268
1.72235e+18, 29, 55, 0, 0, 2124, 40824, 1042067268
1.72235e+18, 29, 55, 0, 0, 2124, 40824, 1042067268
1.72235e+18, 29, 55, 0, 0, 2124, 40824, 1042067268
1.72235e+18, 29, 55, 0, 0, 2124, 40824, 1042067268
1.72235e+18, 29, 55, 0, 0, 2124, 40824, 1042067268
1.72235e+18, 29, 55, 0, 0, 2124, 40824, 1042067268
1.72235e+18, 29, 55, 0, 0, 2124, 40824, 1042067268
1.72235e+18, 29, 55, 0, 0, 2124, 40824, 1042067268
1.72235e+18, 29, 55, 0, 0, 2124, 40824, 1042067268
1.72235e+18, 29, 55, 0, 0, 2124, 40824, 1042067268
1.72235e+18, 29, 55, 0, 0, 2124, 40824, 1042067268
1.72235e+18, 29, 55, 0, 0, 2124, 40824, 1042067268
1.72235e+18, 29, 55, 0, 0, 2124, 40824, 1042072873
1.72235e+18, 29, 55, 0, 0, 2124, 40824, 1042072873
1.72235e+18, 29, 55, 0, 0, 2124, 40824, 1042072873
1.72235e+18, 29, 55, 0, 0, 2124, 40824, 1042072873
1.72235e+18, 29, 55, 0, 0, 2124, 40824, 1042072873
1.72235e+18, 29, 55, 0, 0, 2124, 40824, 1042072873
1.72235e+18, 29, 55, 0, 0, 2124, 40824, 1042072873
1.72235e+18, 29, 55, 0, 0, 2124, 40824, 1042072873
1.72235e+18, 29, 55, 0, 0, 2124, 40824, 1042072873
1.72235e+18, 29, 55, 0, 0, 2124, 40824, 1042072873
1.72235e+18, 29, 55, 0, 0, 2124, 40824, 1042072873
1.72235e+18, 29, 55, 0, 0, 2124, 40824, 1042072873
1.72235e+18, 29, 55, 0, 0, 2124, 40824, 1042072873
1.72235e+18, 29, 55, 0, 0, 2124, 40824, 1042072873
1.72235e+18, 29, 55, 0, 0, 2124, 40824, 1042072873
1.72235e+18, 29, 55, 0, 0, 2124, 40824, 1042072873
1.72235e+18, 29, 55, 0, 0, 2124, 40824, 1042072873
1.72235e+18, 29, 55, 0, 0, 2124, 40824, 1042072873
1.72235e+18, 29, 55, 0, 0, 2124, 40824, 1042072873
1.72235e+18, 29, 55, 0, 0, 2124, 40824, 1042072873
1.72235e+18, 29, 55, 0, 0, 2124, 40824, 1042072873
1.72235e+18, 29, 55, 0, 0, 2124, 40824, 1042072873
1.72235e+18, 29, 55, 0, 0, 2124, 40824, 1042072873
1.72235e+18, 29, 55, 0, 0, 2124, 40824, 1042072873
1.72235e+18, 29, 55, 0, 0, 2124, 40824, 1042072873
1.72235e+18, 29, 55, 0, 0, 2124, 40824, 1042072873
1.72235e+18, 29, 55, 0, 0, 2124, 40824, 1042072873
1.72235e+18, 29, 55, 0, 0, 2124, 40824, 1042072873
1.72235e+18, 29, 55, 0, 0, 2124, 40824, 1042078514
1.72235e+18, 29, 55, 0, 0, 2124, 40824, 1042078514
1.72235e+18, 29, 55, 0, 0, 2124, 40824, 1042078514
1.72235e+18, 29, 55, 0, 0, 2124, 40824, 1042078514
1.72235e+18, 29, 55, 0, 0, 2124, 40824, 1042078514
1.72235e+18, 29, 55, 0, 0, 2124, 40824, 1042078514
1.72235e+18, 29, 55, 0, 0, 2124, 40824, 1042078514
1.72235e+18, 29, 55, 0, 0, 2124, 40824, 1042078514
1.72235e+18, 29, 55, 0, 0, 2124, 40824, 1042078514
1.72235e+18, 29, 55, 0, 0, 2124, 40824, 1042078514
1.72235e+18, 29, 55, 0, 0, 2124, 40824, 1042078514
1.72235e+18, 29, 55, 0, 0, 2124, 40824, 1042078514
1.72235e+18, 29, 55, 0, 0, 2124, 40824, 1042078514
1.72235e+18, 29, 55, 0, 0, 2124, 40824, 1042078514
1.72235e+18, 29, 55, 0, 0, 2124, 40824, 1042078514
1.72235e+18, 29, 55, 0, 0, 2124, 40824, 1042078514
1.72235e+18, 29, 55, 0, 0, 2124, 40824, 1042078514
1.72235e+18, 29, 55, 0, 0, 2124, 40824, 1042078514
1.72235e+18, 29, 55, 0, 0, 2124, 40824, 1042078514
1.72235e+18, 29, 55, 0, 0, 2124, 40824, 1042078514
1.72235e+18, 29, 55, 0, 0, 2124, 40824, 1042078514
1.72235e+18, 29, 55, 0, 0, 2124, 40824, 1042078514
1.72235e+18, 29, 55, 0, 0, 2124, 40824, 1042078514
1.72235e+18, 29, 55, 0, 0, 2124, 40824, 1042078514
1.72235e+18, 29, 55, 0, 0, 2124, 40824, 1042078514
1.72235e+18, 29, 55, 0, 0, 2124, 40824, 1042078514
1.72235e+18, 29, 55, 0, 0, 2124, 40824, 1042084097
1.72235e+18, 29, 55, 0, 0, 2124, 40824, 1042084097
1.72235e+18, 29, 55, 0, 0, 2124, 40824, 1042084097
1.72235e+18, 29, 55, 0, 0, 2124, 40824, 1042084097
1.72235e+18, 29, 55, 0, 0, 2124, 40824, 1042084097
1.72235e+18, 29, 55, 0, 0, 2124, 40824, 1042084097
1.72235e+18, 29, 55, 0, 0, 2124, 40824, 1042084097
1.72235e+18, 29, 55, 0, 0, 2124, 40824, 1042084097
1.72235e+18, 29, 55, 0, 0, 2124, 40824, 1042084097
1.72235e+18, 29, 55, 0, 0, 2124, 40824, 1042084097
1.72235e+18, 29, 55, 0, 0, 2124, 40824, 1042084097
1.72235e+18, 29, 55, 0, 0, 2124, 40824, 1042084097
1.72235e+18, 29, 55, 0, 0, 2124, 40824, 1042084097
1.72235e+18, 29, 55, 0, 0, 2124, 40824, 1042084097
1.72235e+18, 29, 55, 0, 0, 2124, 40824, 1042084097
1.72235e+18, 29, 55, 0, 0, 2124, 40824, 1042084097
1.72235e+18, 29, 55, 0, 0, 2124, 40824, 1042084097
1.72235e+18, 29, 55, 0, 0, 2124, 40824, 1042084097
1.72235e+18, 29, 55, 0, 0, 2124, 40824, 1042084097
1.72235e+18, 29, 55, 0, 0, 2124, 40824, 1042084097
1.72235e+18, 29, 55, 0, 0, 2124, 40824, 1042084097
1.72235e+18, 29, 55, 0, 0, 2124, 40824, 1042084097
1.72235e+18, 29, 55, 0, 0, 2124, 40824, 1042084097
1.72235e+18, 29, 55, 0, 0, 2124, 40824, 1042084097
1.72235e+18, 29, 55, 0, 0, 2124, 40824, 1042084097
1.72235e+18, 29, 55, 0, 0, 2124, 40824, 1042084097
1.72235e+18, 29, 55, 0, 0, 2124, 40824, 1042084097
1.72235e+18, 29, 55, 0, 0, 2124, 40824, 1042084097
1.72235e+18, 29, 55, 0, 0, 2124, 40824, 1042089733
1.72235e+18, 29, 55, 0, 0, 2124, 40824, 1042089733
1.72235e+18, 29, 55, 0, 0, 2124, 40824, 1042089733
1.72235e+18, 29, 55, 0, 0, 2124, 40824, 1042089733
1.72235e+18, 29, 55, 0, 0, 2124, 40824, 1042089733
1.72235e+18, 29, 55, 0, 0, 2124, 40824, 1042089733
1.72235e+18, 29, 55, 0, 0, 2124, 40824, 1042089733
1.72235e+18, 29, 55, 0, 0, 2124, 40824, 1042089733
1.72235e+18, 29, 55, 0, 0, 2124, 40824, 1042089733
1.72235e+18, 29, 55, 0, 0, 2124, 40824, 1042089733
1.72235e+18, 29, 55, 0, 0, 2124, 40824, 1042089733
1.72235e+18, 29, 55, 0, 0, 2124, 40824, 1042089733
1.72235e+18, 29, 55, 0, 0, 2124, 40824, 1042089733
1.72235e+18, 29, 55, 0, 0, 2124, 40824, 1042089733
1.72235e+18, 29, 55, 0, 0, 2124, 40824, 1042089733
1.72235e+18, 29, 55, 0, 0, 2124, 40824, 1042089733
1.72235e+18, 29, 55, 0, 0, 2124, 40824, 1042089733
1.72235e+18, 29, 55, 0, 0, 2124, 40824, 1042089733
1.72235e+18, 29, 55, 0, 0, 2124, 40824, 1042089733
1.72235e+18, 29, 55, 0, 0, 2124, 40824, 1042089733
1.72235e+18, 29, 55, 0, 0, 2124, 40824, 1042089733
1.72235e+18, 29, 55, 0, 0, 2124, 40824, 1042089733
1.72235e+18, 29, 55, 0, 0, 2124, 40824, 1042089733
1.72235e+18, 29, 55, 0, 0, 2124, 40824, 1042089733
1.72235e+18, 29, 55, 0, 0, 2124, 40824, 1042089733
1.72235e+18, 29, 55, 0, 0, 2124, 40824, 1042089733
1.72235e+18, 29, 55, 0, 0, 2124, 40824, 1042095287
1.72235e+18, 29, 55, 0, 0, 2124, 40824, 1042095287
1.72235e+18, 29, 55, 0, 0, 2124, 40824, 1042095287
1.72235e+18, 29, 55, 0, 0, 2124, 40824, 1042095287
1.72235e+18, 29, 55, 0, 0, 2124, 40824, 1042095287
1.72235e+18, 29, 55, 0, 0, 2124, 40824, 1042095287
1.72235e+18, 29, 55, 0, 0, 2124, 40824, 1042095287
1.72235e+18, 29, 55, 0, 0, 2124, 40824, 1042095287
1.72235e+18, 29, 55, 0, 0, 2124, 40824, 1042095287
1.72235e+18, 29, 55, 0, 0, 2124, 40824, 1042095287
1.72235e+18, 29, 55, 0, 0, 2124, 40824, 1042095287
1.72235e+18, 29, 55, 0, 0, 2124, 40824, 1042095287
1.72235e+18, 29, 55, 0, 0, 2124, 40824, 1042095287
1.72235e+18, 29, 55, 0, 0, 2124, 40824, 1042095287
1.72235e+18, 29, 55, 0, 0, 2124, 40824, 1042095287
1.72235e+18, 29, 55, 0, 0, 2124, 40824, 1042095287
1.72235e+18, 29, 55, 0, 0, 2124, 40824, 1042095287
1.72235e+18, 29, 55, 0, 0, 2124, 40824, 1042095287
1.72235e+18, 29, 55, 0, 0, 2124, 40824, 1042095287
1.72235e+18, 29, 55, 0, 0, 2124, 40824, 1042095287
1.72235e+18, 29, 55, 0, 0, 2124, 40824, 1042095287
1.72235e+18, 29, 55, 0, 0, 2124, 40824, 1042095287
1.72235e+18, 29, 55, 0, 0, 2124, 40824, 1042095287
1.72235e+18, 29, 55, 0, 0, 2124, 40824, 1042095287
1.72235e+18, 29, 55, 0, 0, 2124, 40824, 1042095287
1.72235e+18, 29, 55, 0, 0, 2124, 40824, 1042095287
1.72235e+18, 29, 55, 0, 0, 2124, 40824, 1042095287
1.72235e+18, 29, 55, 0, 0, 2124, 40824, 1042095287
1.72235e+18, 29, 55, 0, 0, 2124, 40824, 1042100967
1.72235e+18, 29, 55, 0, 0, 2124, 40824, 1042100967
1.72235e+18, 29, 55, 0, 0, 2124, 40824, 1042100967
1.72235e+18, 29, 55, 0, 0, 2124, 40824, 1042100967
1.72235e+18, 29, 55, 0, 0, 2124, 40824, 1042100967
1.72235e+18, 29, 55, 0, 0, 2124, 40824, 1042100967
1.72235e+18, 29, 55, 0, 0, 2124, 40824, 1042100967
1.72235e+18, 29, 55, 0, 0, 2124, 40824, 1042100967
1.72235e+18, 29, 55, 0, 0, 2124, 40824, 1042100967
1.72235e+18, 29, 55, 0, 0, 2124, 40824, 1042100967
1.72235e+18, 29, 55, 0, 0, 2124, 40824, 1042100967
1.72235e+18, 29, 55, 0, 0, 2124, 40824, 1042100967
1.72235e+18, 29, 55, 0, 0, 2124, 40824, 1042100967
1.72235e+18, 29, 55, 0, 0, 2124, 40824, 1042100967
1.72235e+18, 29, 55, 0, 0, 2124, 40824, 1042100967
1.72235e+18, 29, 55, 0, 0, 2124, 40824, 1042100967
1.72235e+18, 29, 55, 0, 0, 2124, 40824, 1042100967
1.72235e+18, 29, 55, 0, 0, 2124, 40824, 1042100967
1.72235e+18, 29, 55, 0, 0, 2124, 40824, 1042100967
1.72235e+18, 29, 55, 0, 0, 2124, 40824, 1042100967
1.72235e+18, 29, 55, 0, 0, 2124, 40824, 1042100967
1.72235e+18, 29, 55, 0, 0, 2124, 40824, 1042100967
1.72235e+18, 29, 55, 0, 0, 2124, 40824, 1042100967
1.72235e+18, 29, 55, 0, 0, 2124, 40824, 1042100967
1.72235e+18, 29, 55, 0, 0, 2124, 40824, 1042100967
1.72235e+18, 29, 55, 0, 0, 2124, 40824, 1042100967
1.72235e+18, 29, 55, 0, 0, 2124, 40824, 1042106520
1.72235e+18, 29, 55, 0, 0, 2124, 40824, 1042106520
1.72235e+18, 29, 55, 0, 0, 2124, 40824, 1042106520
1.72235e+18, 29, 55, 0, 0, 2124, 40824, 1042106520
1.72235e+18, 29, 55, 0, 0, 2124, 40824, 1042106520
1.72235e+18, 29, 55, 0, 0, 2124, 40824, 1042106520
1.72235e+18, 29, 55, 0, 0, 2124, 40824, 1042106520
1.72235e+18, 29, 55, 0, 0, 2124, 40824, 1042106520
1.72235e+18, 29, 55, 0, 0, 2124, 40824, 1042106520
1.72235e+18, 29, 55, 0, 0, 2124, 40824, 1042106520
1.72235e+18, 29, 55, 0, 0, 2124, 40824, 1042106520
1.72235e+18, 29, 55, 0, 0, 2124, 40824, 1042106520
1.72235e+18, 29, 55, 0, 0, 2124, 40824, 1042106520
1.72235e+18, 29, 55, 0, 0, 2124, 40824, 1042106520
1.72235e+18, 29, 55, 0, 0, 2124, 40824, 1042106520
1.72235e+18, 29, 55, 0, 0, 2124, 40824, 1042106520
1.72235e+18, 29, 55, 0, 0, 2124, 40824, 1042106520
1.72235e+18, 29, 55, 0, 0, 2124, 40824, 1042106520
1.72235e+18, 29, 55, 0, 0, 2124, 40824, 1042106520
1.72235e+18, 29, 55, 0, 0, 2124, 40824, 1042106520
1.72235e+18, 29, 55, 0, 0, 2124, 40824, 1042106520
1.72235e+18, 29, 55, 0, 0, 2124, 40824, 1042106520
1.72235e+18, 29, 55, 0, 0, 2124, 40824, 1042106520
1.72235e+18, 29, 55, 0, 0, 2124, 40824, 1042106520
1.72235e+18, 29, 55, 0, 0, 2124, 40824, 1042106520
1.72235e+18, 29, 55, 0, 0, 2124, 40824, 1042106520
1.72235e+18, 29, 55, 0, 0, 2124, 40824, 1042106520
1.72235e+18, 29, 55, 0, 0, 2124, 40824, 1042112100
1.72235e+18, 29, 55, 0, 0, 2124, 40824, 1042112100
1.72235e+18, 29, 55, 0, 0, 2124, 40824, 1042112100
1.72235e+18, 29, 55, 0, 0, 2124, 40824, 1042112100
1.72235e+18, 29, 55, 0, 0, 2124, 40824, 1042112100
1.72235e+18, 29, 55, 0, 0, 2124, 40824, 1042112100
1.72235e+18, 29, 55, 0, 0, 2124, 40824, 1042112100
1.72235e+18, 29, 55, 0, 0, 2124, 40824, 1042112100
1.72235e+18, 29, 55, 0, 0, 2124, 40824, 1042112100
1.72235e+18, 29, 55, 0, 0, 2124, 40824, 1042112100
1.72235e+18, 29, 55, 0, 0, 2124, 40824, 1042112100
1.72235e+18, 29, 55, 0, 0, 2124, 40824, 1042112100
1.72235e+18, 29, 55, 0, 0, 2124, 40824, 1042112100
1.72235e+18, 29, 55, 0, 0, 2124, 40824, 1042112100
1.72235e+18, 29, 55, 0, 0, 2124, 40824, 1042112100
1.72235e+18, 29, 55, 0, 0, 2124, 40824, 1042112100
1.72235e+18, 29, 55, 0, 0, 2124, 40824, 1042112100
1.72235e+18, 29, 55, 0, 0, 2124, 40824, 1042112100
1.72235e+18, 29, 55, 0, 0, 2124, 40824, 1042112100
1.72235e+18, 29, 55, 0, 0, 2124, 40824, 1042112100
1.72235e+18, 29, 55, 0, 0, 2124, 40824, 1042112100
1.72235e+18, 29, 55, 0, 0, 2124, 40824, 1042112100
1.72235e+18, 29, 55, 0, 0, 2124, 40824, 1042112100
1.72235e+18, 29, 55, 0, 0, 2124, 40824, 1042112100
1.72235e+18, 29, 55, 0, 0, 2124, 40824, 1042112100
1.72235e+18, 29, 55, 0, 0, 2124, 40824, 1042112100
1.72235e+18, 29, 55, 0, 0, 2124, 40824, 1042112100
1.72235e+18, 29, 55, 0, 0, 2124, 40824, 1042117759
1.72235e+18, 29, 55, 0, 0, 2124, 40824, 1042117759
1.72235e+18, 29, 55, 0, 0, 2124, 40824, 1042117759
1.72235e+18, 29, 55, 0, 0, 2124, 40824, 1042117759
1.72235e+18, 29, 55, 0, 0, 2124, 40824, 1042117759
1.72235e+18, 29, 55, 0, 0, 2124, 40824, 1042117759
1.72235e+18, 29, 55, 0, 0, 2124, 40824, 1042117759
1.72235e+18, 29, 55, 0, 0, 2124, 40824, 1042117759
1.72235e+18, 29, 55, 0, 0, 2124, 40824, 1042117759
1.72235e+18, 29, 55, 0, 0, 2124, 40824, 1042117759
1.72235e+18, 29, 55, 0, 0, 2124, 40824, 1042117759
1.72235e+18, 29, 55, 0, 0, 2124, 40824, 1042117759
1.72235e+18, 29, 55, 0, 0, 2124, 40824, 1042117759
1.72235e+18, 29, 55, 0, 0, 2124, 40824, 1042117759
1.72235e+18, 29, 55, 0, 0, 2124, 40824, 1042117759
1.72235e+18, 29, 55, 0, 0, 2124, 40824, 1042117759
1.72235e+18, 29, 55, 0, 0, 2124, 40824, 1042117759
1.72235e+18, 29, 55, 0, 0, 2124, 40824, 1042117759
1.72235e+18, 29, 55, 0, 0, 2124, 40824, 1042117759
1.72235e+18, 29, 55, 0, 0, 2124, 40824, 1042117759
1.72235e+18, 29, 55, 0, 0, 2124, 40824, 1042117759
1.72235e+18, 29, 55, 0, 0, 2124, 40824, 1042117759
1.72235e+18, 29, 55, 0, 0, 2124, 40824, 1042117759
1.72235e+18, 29, 55, 0, 0, 2124, 40824, 1042117759
1.72235e+18, 29, 55, 0, 0, 2124, 40824, 1042117759
1.72235e+18, 29, 55, 0, 0, 2124, 40824, 1042117759
1.72235e+18, 30, 55, 0, 0, 2124, 40824, 1042123985
1.72235e+18, 30, 55, 0, 0, 2124, 40824, 1042123985
1.72235e+18, 30, 55, 0, 0, 2124, 40824, 1042123985
1.72235e+18, 30, 55, 0, 0, 2124, 40824, 1042123985
1.72235e+18, 30, 55, 0, 0, 2124, 40824, 1042123985
1.72235e+18, 30, 55, 0, 0, 2124, 40824, 1042123985
1.72235e+18, 30, 55, 0, 0, 2124, 40824, 1042123985
1.72235e+18, 30, 55, 0, 0, 2124, 40824, 1042123985
1.72235e+18, 30, 55, 0, 0, 2124, 40824, 1042123985
1.72235e+18, 30, 55, 0, 0, 2124, 40824, 1042123985
1.72235e+18, 30, 55, 0, 0, 2124, 40824, 1042123985
1.72235e+18, 30, 55, 0, 0, 2124, 40824, 1042123985
1.72235e+18, 30, 55, 0, 0, 2124, 40824, 1042123985
1.72235e+18, 30, 55, 0, 0, 2124, 40824, 1042123985
1.72235e+18, 30, 55, 0, 0, 2124, 40824, 1042123985
1.72235e+18, 30, 55, 0, 0, 2124, 40824, 1042123985
1.72235e+18, 30, 55, 0, 0, 2124, 40824, 1042123985
1.72235e+18, 30, 55, 0, 0, 2124, 40824, 1042123985
1.72235e+18, 30, 68, 0, 0, 2124, 40824, 1042123985
1.72235e+18, 30, 68, 0, 0, 2124, 40824, 1042123985
1.72235e+18, 30, 68, 0, 0, 2124, 40824, 1042123985
1.72235e+18, 30, 68, 0, 0, 2124, 40824, 1042123985
1.72235e+18, 30, 68, 15, 2, 2124, 40824, 1042123985
1.72235e+18, 30, 68, 15, 2, 2124, 40824, 1042123985
1.72235e+18, 30, 68, 15, 2, 2124, 40824, 1042123985
1.72235e+18, 30, 68, 15, 2, 2124, 40824, 1042123985
1.72235e+18, 30, 68, 15, 2, 2124, 40824, 1042123985
1.72235e+18, 30, 68, 15, 2, 2124, 40824, 1042129887
1.72235e+18, 29, 68, 15, 2, 2124, 40824, 1042129887
1.72235e+18, 29, 68, 15, 2, 2124, 40824, 1042129887
1.72235e+18, 29, 68, 15, 2, 2124, 40824, 1042129887
1.72235e+18, 29, 68, 15, 2, 2124, 40824, 1042129887
1.72235e+18, 29, 68, 15, 2, 2124, 40824, 1042129887
1.72235e+18, 29, 68, 15, 2, 2124, 40824, 1042129887
1.72235e+18, 29, 68, 15, 2, 2124, 40824, 1042129887
1.72235e+18, 29, 68, 15, 2, 2124, 40824, 1042129887
1.72235e+18, 29, 68, 15, 2, 2124, 40824, 1042129887
1.72235e+18, 29, 68, 15, 2, 2124, 40824, 1042129887
1.72235e+18, 29, 68, 15, 2, 2124, 40824, 1042129887
1.72235e+18, 29, 68, 15, 2, 2124, 40824, 1042129887
1.72235e+18, 29, 68, 15, 2, 2124, 40824, 1042129887
1.72235e+18, 29, 68, 15, 2, 2124, 40824, 1042129887
1.72235e+18, 29, 68, 15, 2, 2124, 40824, 1042129887
1.72235e+18, 29, 68, 15, 2, 2124, 40824, 1042129887
1.72235e+18, 29, 68, 15, 2, 2124, 40824, 1042129887
1.72235e+18, 29, 68, 15, 2, 2124, 40824, 1042129887
1.72235e+18, 29, 68, 15, 2, 2124, 40824, 1042129887
1.72235e+18, 29, 56, 15, 2, 2124, 40824, 1042129887
1.72235e+18, 29, 56, 15, 2, 2124, 40824, 1042129887
1.72235e+18, 29, 56, 15, 2, 2124, 40824, 1042129887
1.72235e+18, 29, 56, 15, 2, 2124, 40824, 1042129887
1.72235e+18, 29, 56, 15, 2, 2124, 40824, 1042129887
1.72235e+18, 29, 56, 15, 2, 2124, 40824, 1042129887
1.72235e+18, 29, 56, 15, 2, 2124, 40824, 1042129887
1.72235e+18, 29, 56, 15, 2, 2124, 40824, 1042129887
1.72235e+18, 29, 56, 15, 2, 2124, 40824, 1042135529
1.72235e+18, 29, 56, 15, 2, 2124, 40824, 1042135529
1.72235e+18, 29, 56, 15, 2, 2124, 40824, 1042135529
1.72235e+18, 29, 56, 15, 2, 2124, 40824, 1042135529
1.72235e+18, 29, 56, 15, 2, 2124, 40824, 1042135529
1.72235e+18, 29, 56, 15, 2, 2124, 40824, 1042135529
1.72235e+18, 29, 56, 15, 2, 2124, 40824, 1042135529
1.72235e+18, 29, 56, 15, 2, 2124, 40824, 1042135529
1.72235e+18, 29, 56, 15, 2, 2124, 40824, 1042135529
1.72235e+18, 29, 56, 15, 2, 2124, 40824, 1042135529
1.72235e+18, 29, 56, 15, 2, 2124, 40824, 1042135529
1.72235e+18, 29, 56, 15, 2, 2124, 40824, 1042135529
1.72235e+18, 29, 56, 15, 2, 2124, 40824, 1042135529
1.72235e+18, 29, 56, 15, 2, 2124, 40824, 1042135529
1.72235e+18, 29, 56, 15, 2, 2124, 40824, 1042135529
1.72235e+18, 29, 56, 15, 2, 2124, 40824, 1042135529
1.72235e+18, 29, 56, 15, 2, 2124, 40824, 1042135529
1.72235e+18, 29, 56, 15, 2, 2124, 40824, 1042135529
1.72235e+18, 29, 56, 15, 2, 2124, 40824, 1042135529
1.72235e+18, 29, 56, 15, 2, 2124, 40824, 1042135529
1.72235e+18, 29, 56, 15, 2, 2124, 40824, 1042135529
1.72235e+18, 29, 56, 15, 2, 2124, 40824, 1042135529
1.72235e+18, 29, 56, 15, 2, 2124, 40824, 1042135529
1.72235e+18, 29, 56, 15, 2, 2124, 40824, 1042135529
1.72235e+18, 29, 56, 15, 2, 2124, 40824, 1042135529
1.72235e+18, 29, 56, 15, 2, 2124, 40824, 1042135529
1.72235e+18, 29, 56, 0, 0, 2124, 40824, 1042135529
1.72235e+18, 29, 56, 0, 0, 2124, 40824, 1042135529
1.72235e+18, 29, 56, 0, 0, 2124, 40824, 1042141229
1.72235e+18, 29, 56, 0, 0, 2124, 40824, 1042141229
1.72235e+18, 29, 56, 0, 0, 2124, 40824, 1042141229
1.72235e+18, 29, 56, 0, 0, 2124, 40824, 1042141229
1.72235e+18, 29, 56, 0, 0, 2124, 40824, 1042141229
1.72235e+18, 29, 56, 0, 0, 2124, 40824, 1042141229
1.72235e+18, 29, 56, 0, 0, 2124, 40824, 1042141229
1.72235e+18, 29, 56, 0, 0, 2124, 40824, 1042141229
1.72235e+18, 29, 56, 0, 0, 2124, 40824, 1042141229
1.72235e+18, 29, 56, 0, 0, 2124, 40824, 1042141229
1.72235e+18, 29, 56, 0, 0, 2124, 40824, 1042141229
1.72235e+18, 29, 56, 0, 0, 2124, 40824, 1042141229
1.72235e+18, 29, 56, 0, 0, 2124, 40824, 1042141229
1.72235e+18, 29, 56, 0, 0, 2124, 40824, 1042141229
1.72235e+18, 29, 56, 0, 0, 2124, 40824, 1042141229
1.72235e+18, 29, 56, 0, 0, 2124, 40824, 1042141229
1.72235e+18, 29, 56, 0, 0, 2124, 40824, 1042141229
1.72235e+18, 29, 56, 0, 0, 2124, 40824, 1042141229
1.72235e+18, 29, 56, 0, 0, 2124, 40824, 1042141229
1.72235e+18, 29, 56, 0, 0, 2124, 40824, 1042141229
1.72235e+18, 29, 56, 0, 0, 2124, 40824, 1042141229
1.72235e+18, 29, 56, 0, 0, 2124, 40824, 1042141229
1.72235e+18, 29, 56, 0, 0, 2124, 40824, 1042141229
1.72235e+18, 29, 56, 0, 0, 2124, 40824, 1042141229
1.72235e+18, 29, 56, 0, 0, 2124, 40824, 1042141229
1.72235e+18, 29, 56, 0, 0, 2124, 40824, 1042141229
1.72235e+18, 29, 56, 0, 0, 2124, 40824, 1042141229
1.72235e+18, 29, 56, 0, 0, 2124, 40824, 1042146856
1.72235e+18, 29, 56, 0, 0, 2124, 40824, 1042146856
1.72235e+18, 29, 56, 0, 0, 2124, 40824, 1042146856
1.72235e+18, 29, 56, 0, 0, 2124, 40824, 1042146856
1.72235e+18, 29, 56, 0, 0, 2124, 40824, 1042146856
1.72235e+18, 29, 56, 0, 0, 2124, 40824, 1042146856
1.72235e+18, 29, 56, 0, 0, 2124, 40824, 1042146856
1.72235e+18, 29, 56, 0, 0, 2124, 40824, 1042146856
1.72235e+18, 29, 56, 0, 0, 2124, 40824, 1042146856
1.72235e+18, 29, 56, 0, 0, 2124, 40824, 1042146856
1.72235e+18, 29, 56, 0, 0, 2124, 40824, 1042146856
1.72235e+18, 29, 56, 0, 0, 2124, 40824, 1042146856
1.72235e+18, 29, 56, 0, 0, 2124, 40824, 1042146856
1.72235e+18, 29, 56, 0, 0, 2124, 40824, 1042146856
1.72235e+18, 29, 56, 0, 0, 2124, 40824, 1042146856
1.72235e+18, 29, 56, 0, 0, 2124, 40824, 1042146856
1.72235e+18, 29, 56, 0, 0, 2124, 40824, 1042146856
1.72235e+18, 29, 56, 0, 0, 2124, 40824, 1042146856
1.72235e+18, 29, 56, 0, 0, 2124, 40824, 1042146856
1.72235e+18, 29, 56, 0, 0, 2124, 40824, 1042146856
1.72235e+18, 29, 56, 0, 0, 2124, 40824, 1042146856
1.72235e+18, 29, 56, 0, 0, 2124, 40824, 1042146856
1.72235e+18, 29, 56, 0, 0, 2124, 40824, 1042146856
1.72235e+18, 29, 56, 0, 0, 2124, 40824, 1042146856
1.72235e+18, 29, 56, 0, 0, 2124, 40824, 1042146856
1.72235e+18, 29, 56, 0, 0, 2124, 40824, 1042146856
1.72235e+18, 29, 56, 0, 0, 2124, 40824, 1042146856
1.72235e+18, 29, 56, 0, 0, 2124, 40824, 1042152469
1.72235e+18, 29, 56, 0, 0, 2124, 40824, 1042152469
1.72235e+18, 29, 56, 0, 0, 2124, 40824, 1042152469
1.72235e+18, 29, 56, 0, 0, 2124, 40824, 1042152469
1.72235e+18, 29, 56, 0, 0, 2124, 40824, 1042152469
1.72235e+18, 29, 56, 0, 0, 2124, 40824, 1042152469
1.72235e+18, 29, 56, 0, 0, 2124, 40824, 1042152469
1.72235e+18, 29, 56, 0, 0, 2124, 40824, 1042152469
1.72235e+18, 29, 56, 0, 0, 2124, 40824, 1042152469
1.72235e+18, 29, 56, 0, 0, 2124, 40824, 1042152469
1.72235e+18, 29, 56, 0, 0, 2124, 40824, 1042152469
1.72235e+18, 29, 56, 0, 0, 2124, 40824, 1042152469
1.72235e+18, 29, 56, 0, 0, 2124, 40824, 1042152469
1.72235e+18, 29, 56, 0, 0, 2124, 40824, 1042152469
1.72235e+18, 29, 56, 0, 0, 2124, 40824, 1042152469
1.72235e+18, 29, 56, 0, 0, 2124, 40824, 1042152469
1.72235e+18, 29, 56, 0, 0, 2124, 40824, 1042152469
1.72235e+18, 29, 56, 0, 0, 2124, 40824, 1042152469
1.72235e+18, 29, 56, 0, 0, 2124, 40824, 1042152469
1.72235e+18, 29, 56, 0, 0, 2124, 40824, 1042152469
1.72235e+18, 29, 56, 0, 0, 2124, 40824, 1042152469
1.72235e+18, 29, 56, 0, 0, 2124, 40824, 1042152469
1.72235e+18, 29, 56, 0, 0, 2124, 40824, 1042152469
1.72235e+18, 29, 56, 0, 0, 2124, 40824, 1042152469
1.72235e+18, 29, 56, 0, 0, 2124, 40824, 1042152469
1.72235e+18, 29, 56, 0, 0, 2124, 40824, 1042152469
1.72235e+18, 29, 56, 0, 0, 2124, 40824, 1042152469
1.72235e+18, 29, 56, 0, 0, 2124, 40824, 1042158111
1.72235e+18, 29, 56, 0, 0, 2124, 40824, 1042158111
1.72235e+18, 29, 56, 0, 0, 2124, 40824, 1042158111
1.72235e+18, 29, 56, 0, 0, 2124, 40824, 1042158111
1.72235e+18, 29, 56, 0, 0, 2124, 40824, 1042158111
1.72235e+18, 29, 56, 0, 0, 2124, 40824, 1042158111
1.72235e+18, 29, 56, 0, 0, 2124, 40824, 1042158111
1.72235e+18, 29, 56, 0, 0, 2124, 40824, 1042158111
1.72235e+18, 29, 56, 0, 0, 2124, 40824, 1042158111
1.72235e+18, 29, 56, 0, 0, 2124, 40824, 1042158111
1.72235e+18, 29, 56, 0, 0, 2124, 40824, 1042158111
1.72235e+18, 29, 56, 0, 0, 2124, 40824, 1042158111
1.72235e+18, 29, 56, 0, 0, 2124, 40824, 1042158111
1.72235e+18, 29, 56, 0, 0, 2124, 40824, 1042158111
1.72235e+18, 29, 56, 0, 0, 2124, 40824, 1042158111
1.72235e+18, 29, 56, 0, 0, 2124, 40824, 1042158111
1.72235e+18, 29, 56, 0, 0, 2124, 40824, 1042158111
1.72235e+18, 29, 56, 0, 0, 2124, 40824, 1042158111
1.72235e+18, 29, 56, 0, 0, 2124, 40824, 1042158111
1.72235e+18, 29, 56, 0, 0, 2124, 40824, 1042158111
1.72235e+18, 29, 56, 0, 0, 2124, 40824, 1042158111
1.72235e+18, 29, 56, 0, 0, 2124, 40824, 1042158111
1.72235e+18, 29, 56, 0, 0, 2124, 40824, 1042158111
1.72235e+18, 29, 56, 0, 0, 2124, 40824, 1042158111
1.72235e+18, 29, 56, 0, 0, 2124, 40824, 1042158111
1.72235e+18, 29, 56, 0, 0, 2124, 40824, 1042158111
1.72235e+18, 29, 56, 0, 0, 2124, 40824, 1042163771
1.72235e+18, 29, 56, 0, 0, 2124, 40824, 1042163771
1.72235e+18, 29, 56, 0, 0, 2124, 40824, 1042163771
1.72235e+18, 29, 56, 0, 0, 2124, 40824, 1042163771
1.72235e+18, 29, 56, 0, 0, 2124, 40824, 1042163771
1.72235e+18, 29, 56, 0, 0, 2124, 40824, 1042163771
1.72235e+18, 29, 56, 0, 0, 2124, 40824, 1042163771
1.72235e+18, 29, 56, 0, 0, 2124, 40824, 1042163771
1.72235e+18, 29, 56, 0, 0, 2124, 40824, 1042163771
1.72235e+18, 29, 56, 0, 0, 2124, 40824, 1042163771
1.72235e+18, 29, 56, 0, 0, 2124, 40824, 1042163771
1.72235e+18, 29, 56, 0, 0, 2124, 40824, 1042163771
1.72235e+18, 29, 56, 0, 0, 2124, 40824, 1042163771
1.72235e+18, 29, 56, 0, 0, 2124, 40824, 1042163771
1.72235e+18, 29, 56, 0, 0, 2124, 40824, 1042163771
1.72235e+18, 29, 56, 0, 0, 2124, 40824, 1042163771
1.72235e+18, 29, 56, 0, 0, 2124, 40824, 1042163771
1.72235e+18, 29, 56, 0, 0, 2124, 40824, 1042163771
1.72235e+18, 29, 56, 0, 0, 2124, 40824, 1042163771
1.72235e+18, 29, 56, 0, 0, 2124, 40824, 1042163771
1.72235e+18, 29, 56, 0, 0, 2124, 40824, 1042163771
1.72235e+18, 29, 56, 0, 0, 2124, 40824, 1042163771
1.72235e+18, 29, 56, 0, 0, 2124, 40824, 1042163771
1.72235e+18, 29, 56, 0, 0, 2124, 40824, 1042163771
1.72235e+18, 29, 56, 0, 0, 2124, 40824, 1042163771
1.72235e+18, 29, 56, 0, 0, 2124, 40824, 1042163771
1.72235e+18, 29, 55, 0, 0, 2124, 40824, 1042163771
1.72235e+18, 29, 55, 0, 0, 2124, 40824, 1042169367
1.72235e+18, 29, 55, 0, 0, 2124, 40824, 1042169367
1.72235e+18, 29, 55, 0, 0, 2124, 40824, 1042169367
1.72235e+18, 29, 55, 0, 0, 2124, 40824, 1042169367
1.72235e+18, 29, 55, 0, 0, 2124, 40824, 1042169367
1.72235e+18, 29, 55, 0, 0, 2124, 40824, 1042169367
1.72235e+18, 29, 55, 0, 0, 2124, 40824, 1042169367
1.72235e+18, 29, 55, 0, 0, 2124, 40824, 1042169367
1.72235e+18, 29, 55, 0, 0, 2124, 40824, 1042169367
1.72235e+18, 29, 55, 0, 0, 2124, 40824, 1042169367
1.72235e+18, 29, 55, 0, 0, 2124, 40824, 1042169367
1.72235e+18, 29, 55, 0, 0, 2124, 40824, 1042169367
1.72235e+18, 29, 55, 0, 0, 2124, 40824, 1042169367
1.72235e+18, 29, 55, 0, 0, 2124, 40824, 1042169367
1.72235e+18, 29, 55, 0, 0, 2124, 40824, 1042169367
1.72235e+18, 29, 55, 0, 0, 2124, 40824, 1042169367
1.72235e+18, 29, 55, 0, 0, 2124, 40824, 1042169367
1.72235e+18, 29, 55, 0, 0, 2124, 40824, 1042169367
1.72235e+18, 29, 55, 0, 0, 2124, 40824, 1042169367
1.72235e+18, 29, 55, 0, 0, 2124, 40824, 1042169367
1.72235e+18, 29, 55, 0, 0, 2124, 40824, 1042169367
1.72235e+18, 29, 55, 0, 0, 2124, 40824, 1042169367
1.72235e+18, 29, 55, 0, 0, 2124, 40824, 1042169367
1.72235e+18, 29, 55, 0, 0, 2124, 40824, 1042169367
1.72235e+18, 29, 55, 0, 0, 2124, 40824, 1042169367
1.72235e+18, 29, 55, 0, 0, 2124, 40824, 1042174988
1.72235e+18, 29, 55, 0, 0, 2124, 40824, 1042174988
1.72235e+18, 29, 55, 0, 0, 2124, 40824, 1042174988
1.72235e+18, 29, 55, 0, 0, 2124, 40824, 1042174988
1.72235e+18, 29, 55, 0, 0, 2124, 40824, 1042174988
1.72235e+18, 29, 55, 0, 0, 2124, 40824, 1042174988
1.72235e+18, 29, 55, 0, 0, 2124, 40824, 1042174988
1.72235e+18, 29, 55, 0, 0, 2124, 40824, 1042174988
1.72235e+18, 29, 55, 0, 0, 2124, 40824, 1042174988
1.72235e+18, 29, 55, 0, 0, 2124, 40824, 1042174988
1.72235e+18, 29, 55, 0, 0, 2124, 40824, 1042174988
1.72235e+18, 29, 55, 0, 0, 2124, 40824, 1042174988
1.72235e+18, 29, 55, 0, 0, 2124, 40824, 1042174988
1.72235e+18, 29, 55, 0, 0, 2124, 40824, 1042174988
1.72235e+18, 29, 55, 0, 0, 2124, 40824, 1042174988
1.72235e+18, 29, 55, 0, 0, 2124, 40824, 1042174988
1.72235e+18, 29, 55, 0, 0, 2124, 40824, 1042174988
1.72235e+18, 29, 55, 0, 0, 2124, 40824, 1042174988
1.72235e+18, 29, 55, 0, 0, 2124, 40824, 1042174988
1.72235e+18, 29, 55, 0, 0, 2124, 40824, 1042174988
1.72235e+18, 29, 55, 0, 0, 2124, 40824, 1042174988
1.72235e+18, 29, 55, 0, 0, 2124, 40824, 1042174988
1.72235e+18, 29, 55, 0, 0, 2124, 40824, 1042174988
1.72235e+18, 29, 55, 0, 0, 2124, 40824, 1042174988
1.72235e+18, 29, 55, 0, 0, 2124, 40824, 1042174988
1.72235e+18, 29, 55, 0, 0, 2124, 40824, 1042174988
