device,ID,DCGM_FI_DEV_POWER_USAGE,DCGM_FI_DEV_TOTAL_ENERGY_CONSUMPTION,DCGM_FI_DEV_GPU_UTIL,DCGM_FI_DEV_MEM_COPY_UTIL,DCGM_FI_PROF_SM_ACTIVE,DCGM_FI_PROF_SM_OCCUPANCY,DCGM_FI_PROF_DRAM_ACTIVE,DCGM_FI_DEV_CPU_UTIL_TOTAL
GPU,3,55.991,32685890943,0,0,0.000,0.000,0.000,0.000,
GPU,3,55.991,32685890943,0,0,0.000,0.000,0.000,0.000,
GPU,3,55.991,32685890943,0,0,0.000,0.000,0.000,0.000,
GPU,3,55.991,32685890943,0,0,0.000,0.000,0.000,0.000,
GPU,3,55.991,32685890943,0,0,0.000,0.000,0.000,0.000,
GPU,3,55.991,32685890943,0,0,0.000,0.000,0.000,0.000,
GPU,3,55.991,32685890943,0,0,0.000,0.000,0.000,0.000,
GPU,3,55.991,32685890943,0,0,0.000,0.000,0.000,0.000,
GPU,3,55.991,32685890943,0,0,0.000,0.000,0.000,0.000,
GPU,3,55.991,32685890943,0,0,0.000,0.000,0.000,0.000,
GPU,3,55.991,32685890943,0,0,0.000,0.000,0.000,0.000,
GPU,3,55.991,32685890943,0,0,0.000,0.000,0.000,0.000,
GPU,3,58.098,32685890943,0,0,0.000,0.000,0.000,0.000,
GPU,3,58.098,32685890943,0,0,0.000,0.000,0.000,0.000,
GPU,3,58.098,32685890943,0,0,0.000,0.000,0.000,0.000,
GPU,3,58.098,32685890943,0,0,0.000,0.000,0.000,0.000,
GPU,3,58.098,32685890943,0,0,0.000,0.000,0.000,0.000,
GPU,3,58.098,32685890943,0,0,0.000,0.000,0.000,0.000,
GPU,3,58.098,32685890943,0,0,0.000,0.000,0.000,0.000,
GPU,3,58.098,32685890943,0,0,0.000,0.000,0.000,0.000,
GPU,3,58.098,32685890943,0,0,0.000,0.000,0.000,0.000,
GPU,3,58.098,32685890943,0,0,0.000,0.000,0.000,0.000,
GPU,3,58.098,32685890943,0,0,0.000,0.000,0.000,0.000,
GPU,3,58.098,32685890943,0,0,0.000,0.000,0.000,0.000,
GPU,3,58.098,32685890943,0,0,0.000,0.000,0.000,0.000,
GPU,3,58.098,32685890943,0,0,0.000,0.000,0.000,0.000,
GPU,3,58.098,32685890943,0,0,0.000,0.000,0.000,0.000,
GPU,3,58.098,32685890943,0,0,0.000,0.000,0.000,0.000,
GPU,3,58.098,32685890943,0,0,0.000,0.000,0.000,0.000,
GPU,3,58.098,32685890943,0,0,0.000,0.000,0.000,0.000,
GPU,3,58.098,32685890943,0,0,0.000,0.000,0.000,0.000,
GPU,3,58.098,32685890943,0,0,0.000,0.000,0.000,0.000,
GPU,3,58.098,32685890943,0,0,0.000,0.000,0.000,0.000,
GPU,3,58.098,32685890943,0,0,0.000,0.000,0.000,0.000,
GPU,3,58.098,32685890943,0,0,0.000,0.000,0.000,0.000,
GPU,3,58.098,32685890943,0,0,0.000,0.000,0.000,0.000,
GPU,3,58.098,32685890943,0,0,0.000,0.000,0.000,0.000,
GPU,3,58.098,32685890943,0,0,0.000,0.000,0.000,0.000,
GPU,3,58.098,32685890943,0,0,0.000,0.000,0.000,0.000,
GPU,3,58.098,32685890943,0,0,0.000,0.000,0.000,0.000,
GPU,3,58.098,32685890943,0,0,0.000,0.000,0.000,0.000,
GPU,3,58.098,32685890943,0,0,0.000,0.000,0.000,0.000,
GPU,3,58.098,32685890943,0,0,0.000,0.000,0.000,0.000,
GPU,3,58.098,32685890943,0,0,0.000,0.000,0.000,0.000,
GPU,3,58.098,32685896771,0,0,0.000,0.000,0.000,0.000,
GPU,3,58.098,32685896771,0,0,0.000,0.000,0.000,0.000,
GPU,3,58.098,32685896771,0,0,0.000,0.000,0.000,0.000,
GPU,3,58.098,32685896771,0,0,0.000,0.000,0.000,0.000,
GPU,3,58.098,32685896771,0,0,0.000,0.000,0.000,0.000,
GPU,3,58.098,32685896771,0,0,0.000,0.000,0.000,0.000,
GPU,3,58.098,32685896771,0,0,0.000,0.000,0.000,0.000,
GPU,3,58.098,32685896771,0,0,0.000,0.000,0.000,0.000,
GPU,3,58.098,32685896771,0,0,0.000,0.000,0.000,0.000,
GPU,3,58.098,32685896771,0,0,0.000,0.000,0.000,0.000,
GPU,3,58.098,32685896771,0,0,0.000,0.000,0.000,0.000,
GPU,3,58.098,32685896771,0,0,0.000,0.000,0.000,0.000,
GPU,3,58.098,32685896771,0,0,0.000,0.000,0.000,0.000,
GPU,3,58.098,32685896771,0,0,0.000,0.000,0.000,0.000,
GPU,3,58.098,32685896771,0,0,0.000,0.000,0.000,0.000,
GPU,3,58.098,32685896771,0,0,0.000,0.000,0.000,0.000,
GPU,3,58.098,32685896771,0,0,0.000,0.000,0.000,0.000,
GPU,3,58.098,32685896771,0,0,0.000,0.000,0.000,0.000,
GPU,3,58.098,32685896771,0,0,0.000,0.000,0.000,0.000,
GPU,3,58.098,32685896771,0,0,0.000,0.000,0.000,0.000,
GPU,3,58.098,32685896771,0,0,0.000,0.000,0.000,0.000,
GPU,3,58.098,32685896771,0,0,0.000,0.000,0.000,0.000,
GPU,3,58.098,32685896771,0,0,0.000,0.000,0.000,0.000,
GPU,3,58.098,32685896771,0,0,0.000,0.000,0.000,0.000,
GPU,3,58.098,32685896771,0,0,0.000,0.000,0.000,0.000,
GPU,3,58.098,32685896771,0,0,0.000,0.000,0.000,0.000,
GPU,3,58.098,32685896771,0,0,0.000,0.000,0.000,0.000,
GPU,3,58.098,32685896771,0,0,0.000,0.000,0.000,0.000,
GPU,3,58.098,32685896771,0,0,0.000,0.000,0.000,0.000,
GPU,3,58.098,32685896771,0,0,0.000,0.000,0.000,0.000,
GPU,3,58.098,32685896771,0,0,0.000,0.000,0.000,0.000,
GPU,3,58.098,32685896771,0,0,0.000,0.000,0.000,0.000,
GPU,3,58.098,32685896771,0,0,0.000,0.000,0.000,0.000,
GPU,3,58.098,32685896771,0,0,0.000,0.000,0.000,0.000,
GPU,3,58.098,32685896771,0,0,0.000,0.000,0.000,0.000,
GPU,3,58.098,32685896771,0,0,0.000,0.000,0.000,0.000,
GPU,3,57.848,32685896771,0,0,0.000,0.000,0.000,0.000,
GPU,3,57.848,32685896771,0,0,0.000,0.000,0.000,0.000,
GPU,3,57.848,32685896771,0,0,0.000,0.000,0.000,0.000,
GPU,3,57.848,32685896771,0,0,0.000,0.000,0.000,0.000,
GPU,3,57.848,32685896771,0,0,0.000,0.000,0.000,0.000,
GPU,3,57.848,32685896771,0,0,0.000,0.000,0.000,0.000,
GPU,3,57.848,32685896771,0,0,0.000,0.000,0.000,0.000,
GPU,3,57.848,32685896771,0,0,0.000,0.000,0.000,0.000,
GPU,3,57.848,32685896771,0,0,0.000,0.000,0.000,0.000,
GPU,3,57.848,32685896771,0,0,0.000,0.000,0.000,0.000,
GPU,3,57.848,32685896771,0,0,0.000,0.000,0.000,0.000,
GPU,3,57.848,32685896771,0,0,0.000,0.000,0.000,0.000,
GPU,3,57.848,32685896771,0,0,0.000,0.000,0.000,0.000,
GPU,3,57.848,32685896771,0,0,0.000,0.000,0.000,0.000,
GPU,3,57.848,32685896771,0,0,0.000,0.000,0.000,0.000,
GPU,3,57.848,32685896771,0,0,0.000,0.000,0.000,0.000,
GPU,3,57.848,32685896771,0,0,0.000,0.000,0.000,0.000,
GPU,3,57.848,32685896771,0,0,0.000,0.000,0.000,0.000,
GPU,3,57.848,32685896771,0,0,0.000,0.000,0.000,0.000,
GPU,3,57.848,32685896771,0,0,0.000,0.000,0.000,0.000,
GPU,3,57.848,32685896771,0,0,0.000,0.000,0.000,0.000,
GPU,3,57.848,32685896771,0,0,0.000,0.000,0.000,0.000,
GPU,3,57.848,32685896771,0,0,0.000,0.000,0.000,0.000,
GPU,3,57.848,32685896771,0,0,0.000,0.000,0.000,0.000,
GPU,3,57.848,32685896771,0,0,0.000,0.000,0.000,0.000,
GPU,3,57.848,32685902591,0,0,0.000,0.000,0.000,0.000,
GPU,3,57.848,32685902591,0,0,0.000,0.000,0.000,0.000,
GPU,3,57.848,32685902591,0,0,0.000,0.000,0.000,0.000,
GPU,3,57.848,32685902591,0,0,0.000,0.000,0.000,0.000,
GPU,3,57.848,32685902591,0,0,0.000,0.000,0.000,0.000,
GPU,3,57.848,32685902591,0,0,0.000,0.000,0.000,0.000,
GPU,3,57.848,32685902591,0,0,0.000,0.000,0.000,0.000,
GPU,3,57.848,32685902591,0,0,0.000,0.000,0.000,0.000,
GPU,3,57.848,32685902591,0,0,0.000,0.000,0.000,0.000,
GPU,3,57.848,32685902591,0,0,0.000,0.000,0.000,0.000,
GPU,3,57.848,32685902591,0,0,0.000,0.000,0.000,0.000,
GPU,3,57.848,32685902591,0,0,0.000,0.000,0.000,0.000,
GPU,3,57.848,32685902591,0,0,0.000,0.000,0.000,0.000,
GPU,3,57.848,32685902591,0,0,0.000,0.000,0.000,0.000,
GPU,3,57.848,32685902591,0,0,0.000,0.000,0.000,0.000,
GPU,3,57.848,32685902591,0,0,0.000,0.000,0.000,0.000,
GPU,3,57.848,32685902591,0,0,0.000,0.000,0.000,0.000,
GPU,3,57.848,32685902591,0,0,0.000,0.000,0.000,0.000,
GPU,3,57.848,32685902591,0,0,0.000,0.000,0.000,0.000,
GPU,3,57.848,32685902591,0,0,0.000,0.000,0.000,0.000,
GPU,3,57.848,32685902591,0,0,0.000,0.000,0.000,0.000,
GPU,3,57.848,32685902591,0,0,0.000,0.000,0.000,0.000,
GPU,3,57.848,32685902591,0,0,0.000,0.000,0.000,0.000,
GPU,3,57.848,32685902591,0,0,0.000,0.000,0.000,0.000,
GPU,3,57.848,32685902591,0,0,0.000,0.000,0.000,0.000,
GPU,3,57.848,32685902591,0,0,0.000,0.000,0.000,0.000,
GPU,3,57.848,32685902591,0,0,0.000,0.000,0.000,0.000,
GPU,3,57.848,32685902591,0,0,0.000,0.000,0.000,0.000,
GPU,3,57.848,32685902591,0,0,0.000,0.000,0.000,0.000,
GPU,3,57.848,32685902591,0,0,0.000,0.000,0.000,0.000,
GPU,3,57.848,32685902591,0,0,0.000,0.000,0.000,0.000,
GPU,3,57.848,32685902591,0,0,0.000,0.000,0.000,0.000,
GPU,3,57.848,32685902591,0,0,0.000,0.000,0.000,0.000,
GPU,3,57.848,32685902591,0,0,0.000,0.000,0.000,0.000,
GPU,3,57.848,32685902591,0,0,0.000,0.000,0.000,0.000,
GPU,3,57.848,32685902591,0,0,0.000,0.000,0.000,0.000,
GPU,3,57.848,32685902591,0,0,0.000,0.000,0.000,0.000,
GPU,3,57.848,32685902591,0,0,0.000,0.000,0.000,0.000,
GPU,3,57.848,32685902591,0,0,0.000,0.000,0.000,0.000,
GPU,3,57.848,32685902591,0,0,0.000,0.000,0.000,0.000,
GPU,3,57.848,32685902591,0,0,0.000,0.000,0.000,0.000,
GPU,3,57.848,32685902591,0,0,0.000,0.000,0.000,0.000,
GPU,3,57.848,32685902591,0,0,0.000,0.000,0.000,0.000,
GPU,3,57.848,32685902591,0,0,0.000,0.000,0.000,0.000,
GPU,3,57.848,32685902591,0,0,0.000,0.000,0.000,0.000,
GPU,3,57.848,32685902591,0,0,0.000,0.000,0.000,0.000,
GPU,3,57.848,32685902591,0,0,0.000,0.000,0.000,0.000,
GPU,3,57.848,32685902591,0,0,0.000,0.000,0.000,0.000,
GPU,3,57.848,32685902591,0,0,0.000,0.000,0.000,0.000,
GPU,3,57.848,32685902591,0,0,0.000,0.000,0.000,0.000,
GPU,3,57.848,32685902591,0,0,0.000,0.000,0.000,0.000,
GPU,3,57.848,32685902591,0,0,0.000,0.000,0.000,0.000,
GPU,3,57.848,32685902591,0,0,0.000,0.000,0.000,0.000,
GPU,3,57.848,32685902591,0,0,0.000,0.000,0.000,0.000,
GPU,3,57.848,32685902591,0,0,0.000,0.000,0.000,0.000,
GPU,3,57.848,32685902591,0,0,0.000,0.000,0.000,0.000,
GPU,3,57.848,32685902591,0,0,0.000,0.000,0.000,0.000,
GPU,3,57.848,32685902591,0,0,0.000,0.000,0.000,0.000,
GPU,3,57.848,32685902591,0,0,0.000,0.000,0.000,0.000,
GPU,3,57.848,32685902591,0,0,0.000,0.000,0.000,0.000,
GPU,3,57.848,32685902591,0,0,0.000,0.000,0.000,0.000,
GPU,3,57.848,32685902591,0,0,0.000,0.000,0.000,0.000,
GPU,3,57.848,32685902591,0,0,0.000,0.000,0.000,0.000,
GPU,3,57.848,32685902591,0,0,0.000,0.000,0.000,0.000,
GPU,3,57.848,32685902591,0,0,0.000,0.000,0.000,0.000,
GPU,3,57.848,32685902591,0,0,0.000,0.000,0.000,0.000,
GPU,3,57.848,32685902591,0,0,0.000,0.000,0.000,0.000,
GPU,3,57.848,32685902591,0,0,0.000,0.000,0.000,0.000,
GPU,3,57.848,32685908417,0,0,0.000,0.000,0.000,0.000,
GPU,3,57.848,32685908417,0,0,0.000,0.000,0.000,0.000,
GPU,3,57.848,32685908417,0,0,0.000,0.000,0.000,0.000,
GPU,3,57.848,32685908417,0,0,0.000,0.000,0.000,0.000,
GPU,3,57.848,32685908417,0,0,0.000,0.000,0.000,0.000,
GPU,3,57.848,32685908417,0,0,0.000,0.000,0.000,0.000,
GPU,3,57.848,32685908417,0,0,0.000,0.000,0.000,0.000,
GPU,3,57.848,32685908417,0,0,0.000,0.000,0.000,0.000,
GPU,3,57.848,32685908417,0,0,0.000,0.000,0.000,0.000,
GPU,3,57.848,32685908417,0,0,0.000,0.000,0.000,0.000,
GPU,3,57.848,32685908417,0,0,0.000,0.000,0.000,0.000,
GPU,3,57.848,32685908417,0,0,0.000,0.000,0.000,0.000,
GPU,3,57.848,32685908417,0,0,0.000,0.000,0.000,0.000,
GPU,3,57.848,32685908417,0,0,0.000,0.000,0.000,0.000,
GPU,3,57.848,32685908417,0,0,0.000,0.000,0.000,0.000,
GPU,3,57.848,32685908417,0,0,0.000,0.000,0.000,0.000,
GPU,3,57.848,32685908417,0,0,0.000,0.000,0.000,0.000,
GPU,3,57.848,32685908417,0,0,0.000,0.000,0.000,0.000,
GPU,3,57.848,32685908417,0,0,0.000,0.000,0.000,0.000,
GPU,3,57.848,32685908417,0,0,0.000,0.000,0.000,0.000,
GPU,3,57.848,32685908417,0,0,0.000,0.000,0.000,0.000,
GPU,3,57.848,32685908417,0,0,0.000,0.000,0.000,0.000,
GPU,3,57.848,32685908417,0,0,0.000,0.000,0.000,0.000,
GPU,3,57.848,32685908417,0,0,0.000,0.000,0.000,0.000,
GPU,3,57.848,32685908417,0,0,0.000,0.000,0.000,0.000,
GPU,3,57.848,32685908417,0,0,0.000,0.000,0.000,0.000,
GPU,3,57.848,32685908417,0,0,0.000,0.000,0.000,0.000,
GPU,3,57.848,32685908417,0,0,0.000,0.000,0.000,0.000,
GPU,3,57.848,32685908417,0,0,0.000,0.000,0.000,0.000,
GPU,3,57.848,32685908417,0,0,0.000,0.000,0.000,0.000,
GPU,3,57.848,32685908417,0,0,0.000,0.000,0.000,0.000,
GPU,3,57.848,32685908417,0,0,0.000,0.000,0.000,0.000,
GPU,3,57.848,32685908417,0,0,0.000,0.000,0.000,0.000,
GPU,3,57.848,32685908417,0,0,0.000,0.000,0.000,0.000,
GPU,3,57.848,32685908417,0,0,0.000,0.000,0.000,0.000,
GPU,3,57.848,32685908417,0,0,0.000,0.000,0.000,0.000,
GPU,3,57.848,32685908417,0,0,0.000,0.000,0.000,0.000,
GPU,3,57.848,32685908417,0,0,0.000,0.000,0.000,0.000,
GPU,3,57.848,32685908417,0,0,0.000,0.000,0.000,0.000,
GPU,3,57.848,32685908417,0,0,0.000,0.000,0.000,0.000,
GPU,3,57.848,32685908417,0,0,0.000,0.000,0.000,0.000,
GPU,3,57.848,32685908417,0,0,0.000,0.000,0.000,0.000,
GPU,3,57.848,32685908417,0,0,0.000,0.000,0.000,0.000,
GPU,3,57.848,32685908417,0,0,0.000,0.000,0.000,0.000,
GPU,3,57.848,32685908417,0,0,0.000,0.000,0.000,0.000,
GPU,3,57.848,32685908417,0,0,0.000,0.000,0.000,0.000,
GPU,3,57.848,32685908417,0,0,0.000,0.000,0.000,0.000,
GPU,3,57.848,32685908417,0,0,0.000,0.000,0.000,0.000,
GPU,3,57.848,32685908417,0,0,0.000,0.000,0.000,0.000,
GPU,3,57.848,32685908417,0,0,0.000,0.000,0.000,0.000,
GPU,3,57.848,32685908417,0,0,0.000,0.000,0.000,0.000,
GPU,3,57.848,32685908417,0,0,0.000,0.000,0.000,0.000,
GPU,3,57.848,32685908417,0,0,0.000,0.000,0.000,0.000,
GPU,3,57.848,32685908417,0,0,0.000,0.000,0.000,0.000,
GPU,3,57.848,32685908417,0,0,0.000,0.000,0.000,0.000,
GPU,3,57.848,32685908417,0,0,0.000,0.000,0.000,0.000,
GPU,3,57.848,32685908417,0,0,0.000,0.000,0.000,0.000,
GPU,3,57.848,32685908417,0,0,0.000,0.000,0.000,0.000,
GPU,3,57.848,32685908417,0,0,0.000,0.000,0.000,0.000,
GPU,3,57.848,32685908417,0,0,0.000,0.000,0.000,0.000,
GPU,3,57.848,32685908417,0,0,0.000,0.000,0.000,0.000,
GPU,3,57.848,32685908417,0,0,0.000,0.000,0.000,0.000,
GPU,3,57.848,32685908417,0,0,0.000,0.000,0.000,0.000,
GPU,3,57.848,32685908417,0,0,0.000,0.000,0.000,0.000,
GPU,3,57.848,32685908417,0,0,0.000,0.000,0.000,0.000,
GPU,3,57.848,32685908417,0,0,0.000,0.000,0.000,0.000,
GPU,3,57.848,32685908417,0,0,0.000,0.000,0.000,0.000,
GPU,3,57.848,32685908417,0,0,0.000,0.000,0.000,0.000,
GPU,3,57.848,32685908417,0,0,0.000,0.000,0.000,0.000,
GPU,3,57.848,32685908417,0,0,0.000,0.000,0.000,0.000,
GPU,3,57.848,32685914327,0,0,0.000,0.000,0.000,0.000,
GPU,3,57.848,32685914327,0,0,0.000,0.000,0.000,0.000,
GPU,3,57.848,32685914327,0,0,0.000,0.000,0.000,0.000,
GPU,3,57.848,32685914327,0,0,0.000,0.000,0.000,0.000,
GPU,3,57.848,32685914327,0,0,0.000,0.000,0.000,0.000,
GPU,3,57.848,32685914327,0,0,0.000,0.000,0.000,0.000,
GPU,3,57.848,32685914327,0,0,0.000,0.000,0.000,0.000,
GPU,3,57.848,32685914327,0,0,0.000,0.000,0.000,0.000,
GPU,3,57.848,32685914327,0,0,0.000,0.000,0.000,0.000,
GPU,3,57.848,32685914327,0,0,0.000,0.000,0.000,0.000,
GPU,3,57.848,32685914327,0,0,0.000,0.000,0.000,0.000,
GPU,3,57.848,32685914327,0,0,0.000,0.000,0.000,0.000,
GPU,3,57.848,32685914327,0,0,0.000,0.000,0.000,0.000,
GPU,3,57.848,32685914327,0,0,0.000,0.000,0.000,0.000,
GPU,3,57.848,32685914327,0,0,0.000,0.000,0.000,0.000,
GPU,3,57.848,32685914327,0,0,0.000,0.000,0.000,0.000,
GPU,3,57.848,32685914327,0,0,0.000,0.000,0.000,0.000,
GPU,3,57.848,32685914327,0,0,0.000,0.000,0.000,0.000,
GPU,3,57.848,32685914327,0,0,0.000,0.000,0.000,0.000,
GPU,3,57.848,32685914327,0,0,0.000,0.000,0.000,0.000,
GPU,3,57.848,32685914327,0,0,0.000,0.000,0.000,0.000,
GPU,3,57.848,32685914327,0,0,0.000,0.000,0.000,0.000,
GPU,3,57.848,32685914327,0,0,0.000,0.000,0.000,0.000,
GPU,3,57.848,32685914327,0,0,0.000,0.000,0.000,0.000,
GPU,3,57.848,32685914327,0,0,0.000,0.000,0.000,0.000,
GPU,3,57.848,32685914327,0,0,0.000,0.000,0.000,0.000,
GPU,3,57.848,32685914327,0,0,0.000,0.000,0.000,0.000,
GPU,3,57.848,32685914327,0,0,0.000,0.000,0.000,0.000,
GPU,3,57.848,32685914327,0,0,0.000,0.000,0.000,0.000,
GPU,3,57.848,32685914327,0,0,0.000,0.000,0.000,0.000,
GPU,3,57.848,32685914327,0,0,0.000,0.000,0.000,0.000,
GPU,3,57.848,32685914327,0,0,0.000,0.000,0.000,0.000,
GPU,3,57.848,32685914327,0,0,0.000,0.000,0.000,0.000,
GPU,3,57.848,32685914327,0,0,0.000,0.000,0.000,0.000,
GPU,3,57.848,32685914327,0,0,0.000,0.000,0.000,0.000,
GPU,3,57.848,32685914327,0,0,0.000,0.000,0.000,0.000,
GPU,3,57.848,32685914327,0,0,0.000,0.000,0.000,0.000,
GPU,3,57.848,32685914327,0,0,0.000,0.000,0.000,0.000,
GPU,3,57.848,32685914327,0,0,0.000,0.000,0.000,0.000,
GPU,3,57.848,32685914327,0,0,0.000,0.000,0.000,0.000,
GPU,3,57.848,32685914327,0,0,0.000,0.000,0.000,0.000,
GPU,3,57.848,32685914327,0,0,0.000,0.000,0.000,0.000,
GPU,3,57.848,32685914327,0,0,0.000,0.000,0.000,0.000,
GPU,3,57.848,32685914327,0,0,0.000,0.000,0.000,0.000,
GPU,3,57.848,32685914327,0,0,0.000,0.000,0.000,0.000,
GPU,3,57.848,32685914327,0,0,0.000,0.000,0.000,0.000,
GPU,3,57.848,32685914327,0,0,0.000,0.000,0.000,0.000,
GPU,3,57.848,32685914327,0,0,0.000,0.000,0.000,0.000,
GPU,3,57.848,32685914327,0,0,0.000,0.000,0.000,0.000,
GPU,3,57.848,32685914327,0,0,0.000,0.000,0.000,0.000,
GPU,3,57.848,32685914327,0,0,0.000,0.000,0.000,0.000,
GPU,3,57.848,32685914327,0,0,0.000,0.000,0.000,0.000,
GPU,3,57.848,32685914327,0,0,0.000,0.000,0.000,0.000,
GPU,3,57.848,32685914327,0,0,0.000,0.000,0.000,0.000,
GPU,3,57.848,32685914327,0,0,0.000,0.000,0.000,0.000,
GPU,3,57.848,32685914327,0,0,0.000,0.000,0.000,0.000,
GPU,3,57.848,32685914327,0,0,0.000,0.000,0.000,0.000,
GPU,3,57.848,32685914327,0,0,0.000,0.000,0.000,0.000,
GPU,3,57.848,32685914327,0,0,0.000,0.000,0.000,0.000,
GPU,3,57.848,32685914327,0,0,0.000,0.000,0.000,0.000,
GPU,3,57.848,32685914327,0,0,0.000,0.000,0.000,0.000,
GPU,3,57.848,32685914327,0,0,0.000,0.000,0.000,0.000,
GPU,3,57.848,32685914327,0,0,0.000,0.000,0.000,0.000,
GPU,3,57.848,32685914327,0,0,0.000,0.000,0.000,0.000,
GPU,3,57.848,32685914327,0,0,0.000,0.000,0.000,0.000,
GPU,3,57.848,32685920072,0,0,0.000,0.000,0.000,0.000,
GPU,3,57.848,32685920072,0,0,0.000,0.000,0.000,0.000,
GPU,3,57.848,32685920072,0,0,0.000,0.000,0.000,0.000,
GPU,3,57.848,32685920072,0,0,0.000,0.000,0.000,0.000,
GPU,3,57.848,32685920072,0,0,0.000,0.000,0.000,0.000,
GPU,3,57.848,32685920072,0,0,0.000,0.000,0.000,0.000,
GPU,3,57.848,32685920072,0,0,0.000,0.000,0.000,0.000,
GPU,3,57.848,32685920072,0,0,0.000,0.000,0.000,0.000,
GPU,3,57.848,32685920072,0,0,0.000,0.000,0.000,0.000,
GPU,3,57.848,32685920072,0,0,0.000,0.000,0.000,0.000,
GPU,3,57.848,32685920072,0,0,0.000,0.000,0.000,0.000,
GPU,3,57.848,32685920072,0,0,0.000,0.000,0.000,0.000,
GPU,3,57.848,32685920072,0,0,0.000,0.000,0.000,0.000,
GPU,3,57.848,32685920072,0,0,0.000,0.000,0.000,0.000,
GPU,3,57.848,32685920072,0,0,0.000,0.000,0.000,0.000,
GPU,3,57.848,32685920072,0,0,0.000,0.000,0.000,0.000,
GPU,3,57.848,32685920072,0,0,0.000,0.000,0.000,0.000,
GPU,3,57.848,32685920072,0,0,0.000,0.000,0.000,0.000,
GPU,3,57.848,32685920072,0,0,0.000,0.000,0.000,0.000,
GPU,3,57.848,32685920072,0,0,0.000,0.000,0.000,0.000,
GPU,3,57.848,32685920072,0,0,0.000,0.000,0.000,0.000,
GPU,3,57.848,32685920072,0,0,0.000,0.000,0.000,0.000,
GPU,3,57.848,32685920072,0,0,0.000,0.000,0.000,0.000,
GPU,3,57.848,32685920072,0,0,0.000,0.000,0.000,0.000,
GPU,3,57.848,32685920072,0,0,0.000,0.000,0.000,0.000,
GPU,3,57.848,32685920072,0,0,0.000,0.000,0.000,0.000,
GPU,3,57.848,32685920072,0,0,0.000,0.000,0.000,0.000,
GPU,3,57.848,32685920072,0,0,0.000,0.000,0.000,0.000,
GPU,3,57.848,32685920072,0,0,0.000,0.000,0.000,0.000,
GPU,3,57.848,32685920072,0,0,0.000,0.000,0.000,0.000,
GPU,3,57.848,32685920072,0,0,0.000,0.000,0.000,0.000,
GPU,3,57.848,32685920072,0,0,0.000,0.000,0.000,0.000,
GPU,3,57.848,32685920072,0,0,0.000,0.000,0.000,0.000,
GPU,3,57.848,32685920072,0,0,0.000,0.000,0.000,0.000,
GPU,3,57.848,32685920072,0,0,0.000,0.000,0.000,0.000,
GPU,3,57.848,32685920072,0,0,0.000,0.000,0.000,0.000,
GPU,3,57.848,32685920072,0,0,0.000,0.000,0.000,0.000,
GPU,3,57.848,32685920072,0,0,0.000,0.000,0.000,0.000,
GPU,3,57.848,32685920072,0,0,0.000,0.000,0.000,0.000,
GPU,3,57.848,32685920072,0,0,0.000,0.000,0.000,0.000,
GPU,3,57.848,32685920072,0,0,0.000,0.000,0.000,0.000,
GPU,3,57.848,32685920072,0,0,0.000,0.000,0.000,0.000,
GPU,3,57.848,32685920072,0,0,0.000,0.000,0.000,0.000,
GPU,3,57.848,32685920072,0,0,0.000,0.000,0.000,0.000,
GPU,3,57.848,32685920072,0,0,0.000,0.000,0.000,0.000,
GPU,3,57.848,32685920072,0,0,0.000,0.000,0.000,0.000,
GPU,3,57.848,32685920072,0,0,0.000,0.000,0.000,0.000,
GPU,3,57.848,32685920072,0,0,0.000,0.000,0.000,0.000,
GPU,3,57.848,32685920072,0,0,0.000,0.000,0.000,0.000,
GPU,3,57.848,32685920072,0,0,0.000,0.000,0.000,0.000,
GPU,3,57.848,32685920072,0,0,0.000,0.000,0.000,0.000,
GPU,3,57.848,32685920072,0,0,0.000,0.000,0.000,0.000,
GPU,3,57.848,32685920072,0,0,0.000,0.000,0.000,0.000,
GPU,3,57.848,32685920072,0,0,0.000,0.000,0.000,0.000,
GPU,3,57.848,32685920072,0,0,0.000,0.000,0.000,0.000,
GPU,3,57.848,32685920072,0,0,0.000,0.000,0.000,0.000,
GPU,3,57.848,32685920072,0,0,0.000,0.000,0.000,0.000,
GPU,3,57.848,32685920072,0,0,0.000,0.000,0.000,0.000,
GPU,3,57.848,32685920072,0,0,0.000,0.000,0.000,0.000,
GPU,3,57.848,32685920072,0,0,0.000,0.000,0.000,0.000,
GPU,3,57.848,32685920072,0,0,0.000,0.000,0.000,0.000,
GPU,3,57.848,32685920072,0,0,0.000,0.000,0.000,0.000,
GPU,3,57.848,32685920072,0,0,0.000,0.000,0.000,0.000,
GPU,3,57.848,32685920072,0,0,0.000,0.000,0.000,0.000,
GPU,3,57.848,32685920072,0,0,0.000,0.000,0.000,0.000,
GPU,3,57.848,32685920072,0,0,0.000,0.000,0.000,0.000,
GPU,3,57.848,32685920072,0,0,0.000,0.000,0.000,0.000,
GPU,3,57.848,32685920072,0,0,0.000,0.000,0.000,0.000,
GPU,3,57.848,32685920072,0,0,0.000,0.000,0.000,0.000,
GPU,3,57.848,32685920072,0,0,0.000,0.000,0.000,0.000,
GPU,3,57.848,32685920072,0,0,0.000,0.000,0.000,0.000,
GPU,3,57.848,32685925962,0,0,0.000,0.000,0.000,0.000,
GPU,3,57.848,32685925962,0,0,0.000,0.000,0.000,0.000,
GPU,3,57.848,32685925962,0,0,0.000,0.000,0.000,0.000,
GPU,3,57.848,32685925962,0,0,0.000,0.000,0.000,0.000,
GPU,3,57.848,32685925962,0,0,0.000,0.000,0.000,0.000,
GPU,3,57.848,32685925962,0,0,0.000,0.000,0.000,0.000,
GPU,3,57.848,32685925962,0,0,0.000,0.000,0.000,0.000,
GPU,3,57.848,32685925962,0,0,0.000,0.000,0.000,0.000,
GPU,3,57.848,32685925962,0,0,0.000,0.000,0.000,0.000,
GPU,3,57.848,32685925962,0,0,0.000,0.000,0.000,0.000,
GPU,3,57.848,32685925962,0,0,0.000,0.000,0.000,0.000,
GPU,3,57.848,32685925962,0,0,0.000,0.000,0.000,0.000,
GPU,3,57.848,32685925962,0,0,0.000,0.000,0.000,0.000,
GPU,3,57.848,32685925962,0,0,0.000,0.000,0.000,0.000,
GPU,3,57.848,32685925962,0,0,0.000,0.000,0.000,0.000,
GPU,3,57.848,32685925962,0,0,0.000,0.000,0.000,0.000,
GPU,3,57.848,32685925962,0,0,0.000,0.000,0.000,0.000,
GPU,3,57.848,32685925962,0,0,0.000,0.000,0.000,0.000,
GPU,3,57.848,32685925962,0,0,0.000,0.000,0.000,0.000,
GPU,3,57.848,32685925962,0,0,0.000,0.000,0.000,0.000,
GPU,3,57.848,32685925962,0,0,0.000,0.000,0.000,0.000,
GPU,3,57.848,32685925962,0,0,0.000,0.000,0.000,0.000,
GPU,3,57.848,32685925962,0,0,0.000,0.000,0.000,0.000,
GPU,3,57.848,32685925962,0,0,0.000,0.000,0.000,0.000,
GPU,3,57.848,32685925962,0,0,0.000,0.000,0.000,0.000,
GPU,3,57.848,32685925962,0,0,0.000,0.000,0.000,0.000,
GPU,3,57.848,32685925962,0,0,0.000,0.000,0.000,0.000,
GPU,3,57.848,32685925962,0,0,0.000,0.000,0.000,0.000,
GPU,3,57.848,32685925962,0,0,0.000,0.000,0.000,0.000,
GPU,3,57.848,32685925962,0,0,0.000,0.000,0.000,0.000,
GPU,3,57.848,32685925962,0,0,0.000,0.000,0.000,0.000,
GPU,3,57.848,32685925962,0,0,0.000,0.000,0.000,0.000,
GPU,3,57.848,32685925962,0,0,0.000,0.000,0.000,0.000,
GPU,3,57.848,32685925962,0,0,0.000,0.000,0.000,0.000,
GPU,3,57.848,32685925962,0,0,0.000,0.000,0.000,0.000,
GPU,3,57.848,32685925962,0,0,0.000,0.000,0.000,0.000,
GPU,3,57.848,32685925962,0,0,0.000,0.000,0.000,0.000,
GPU,3,57.848,32685925962,0,0,0.000,0.000,0.000,0.000,
GPU,3,57.848,32685925962,0,0,0.000,0.000,0.000,0.000,
GPU,3,57.848,32685925962,0,0,0.000,0.000,0.000,0.000,
GPU,3,57.848,32685925962,0,0,0.000,0.000,0.000,0.000,
GPU,3,57.914,32685925962,0,0,0.000,0.000,0.000,0.000,
GPU,3,57.914,32685925962,0,0,0.000,0.000,0.000,0.000,
GPU,3,57.914,32685925962,0,0,0.000,0.000,0.000,0.000,
GPU,3,57.914,32685925962,0,0,0.000,0.000,0.000,0.000,
GPU,3,57.914,32685925962,0,0,0.000,0.000,0.000,0.000,
GPU,3,57.914,32685925962,0,0,0.000,0.000,0.000,0.000,
GPU,3,57.914,32685925962,0,0,0.000,0.000,0.000,0.000,
GPU,3,57.914,32685925962,0,0,0.000,0.000,0.000,0.000,
GPU,3,57.914,32685925962,0,0,0.000,0.000,0.000,0.000,
GPU,3,57.914,32685925962,0,0,0.000,0.000,0.000,0.000,
GPU,3,57.914,32685925962,0,0,0.000,0.000,0.000,0.000,
GPU,3,57.914,32685925962,0,0,0.000,0.000,0.000,0.000,
GPU,3,57.914,32685925962,0,0,0.000,0.000,0.000,0.000,
GPU,3,57.914,32685925962,0,0,0.000,0.000,0.000,0.000,
GPU,3,57.914,32685925962,0,0,0.000,0.000,0.000,0.000,
GPU,3,57.914,32685925962,0,0,0.000,0.000,0.000,0.000,
GPU,3,57.914,32685925962,0,0,0.000,0.000,0.000,0.000,
GPU,3,57.914,32685925962,0,0,0.000,0.000,0.000,0.000,
GPU,3,57.914,32685925962,0,0,0.000,0.000,0.000,0.000,
GPU,3,57.914,32685925962,0,0,0.000,0.000,0.000,0.000,
GPU,3,57.914,32685925962,0,0,0.000,0.000,0.000,0.000,
GPU,3,57.914,32685925962,0,0,0.000,0.000,0.000,0.000,
GPU,3,57.914,32685925962,0,0,0.000,0.000,0.000,0.000,
GPU,3,57.914,32685925962,0,0,0.000,0.000,0.000,0.000,
GPU,3,57.914,32685925962,0,0,0.000,0.000,0.000,0.000,
GPU,3,57.914,32685931717,0,0,0.000,0.000,0.000,0.000,
GPU,3,57.914,32685931717,0,0,0.000,0.000,0.000,0.000,
GPU,3,57.914,32685931717,0,0,0.000,0.000,0.000,0.000,
GPU,3,57.914,32685931717,0,0,0.000,0.000,0.000,0.000,
GPU,3,57.914,32685931717,0,0,0.000,0.000,0.000,0.000,
GPU,3,57.914,32685931717,0,0,0.000,0.000,0.000,0.000,
GPU,3,57.914,32685931717,0,0,0.000,0.000,0.000,0.000,
GPU,3,57.914,32685931717,0,0,0.000,0.000,0.000,0.000,
GPU,3,57.914,32685931717,0,0,0.000,0.000,0.000,0.000,
GPU,3,57.914,32685931717,0,0,0.000,0.000,0.000,0.000,
GPU,3,57.914,32685931717,0,0,0.000,0.000,0.000,0.000,
GPU,3,57.914,32685931717,0,0,0.000,0.000,0.000,0.000,
GPU,3,57.914,32685931717,0,0,0.000,0.000,0.000,0.000,
GPU,3,57.914,32685931717,0,0,0.000,0.000,0.000,0.000,
GPU,3,57.914,32685931717,0,0,0.000,0.000,0.000,0.000,
GPU,3,57.914,32685931717,0,0,0.000,0.000,0.000,0.000,
GPU,3,57.914,32685931717,0,0,0.000,0.000,0.000,0.000,
GPU,3,57.914,32685931717,0,0,0.000,0.000,0.000,0.000,
GPU,3,57.914,32685931717,0,0,0.000,0.000,0.000,0.000,
GPU,3,57.914,32685931717,0,0,0.000,0.000,0.000,0.000,
GPU,3,57.914,32685931717,0,0,0.000,0.000,0.000,0.000,
GPU,3,57.914,32685931717,0,0,0.000,0.000,0.000,0.000,
GPU,3,57.914,32685931717,0,0,0.000,0.000,0.000,0.000,
GPU,3,57.914,32685931717,0,0,0.000,0.000,0.000,0.000,
GPU,3,57.914,32685931717,0,0,0.000,0.000,0.000,0.000,
GPU,3,57.914,32685931717,0,0,0.000,0.000,0.000,0.000,
GPU,3,57.914,32685931717,0,0,0.000,0.000,0.000,0.000,
GPU,3,57.914,32685931717,0,0,0.000,0.000,0.000,0.000,
GPU,3,57.914,32685931717,0,0,0.000,0.000,0.000,0.000,
GPU,3,57.914,32685931717,0,0,0.000,0.000,0.000,0.000,
GPU,3,57.914,32685931717,0,0,0.000,0.000,0.000,0.000,
GPU,3,57.914,32685931717,0,0,0.000,0.000,0.000,0.000,
GPU,3,57.914,32685931717,0,0,0.000,0.000,0.000,0.000,
GPU,3,57.914,32685931717,0,0,0.000,0.000,0.000,0.000,
GPU,3,57.914,32685931717,0,0,0.000,0.000,0.000,0.000,
GPU,3,57.914,32685931717,0,0,0.000,0.000,0.000,0.000,
GPU,3,57.914,32685931717,0,0,0.000,0.000,0.000,0.000,
GPU,3,57.914,32685931717,0,0,0.000,0.000,0.000,0.000,
GPU,3,57.914,32685931717,0,0,0.000,0.000,0.000,0.000,
GPU,3,57.914,32685931717,0,0,0.000,0.000,0.000,0.000,
GPU,3,57.914,32685931717,0,0,0.000,0.000,0.000,0.000,
GPU,3,57.914,32685931717,0,0,0.000,0.000,0.000,0.000,
GPU,3,57.914,32685931717,0,0,0.000,0.000,0.000,0.000,
GPU,3,57.914,32685931717,0,0,0.000,0.000,0.000,0.000,
GPU,3,57.848,32685931717,0,0,0.000,0.000,0.000,0.000,
GPU,3,57.848,32685931717,0,0,0.000,0.000,0.000,0.000,
GPU,3,57.848,32685931717,0,0,0.000,0.000,0.000,0.000,
GPU,3,57.848,32685931717,0,0,0.000,0.000,0.000,0.000,
GPU,3,57.848,32685931717,0,0,0.000,0.000,0.000,0.000,
GPU,3,57.848,32685931717,0,0,0.000,0.000,0.000,0.000,
GPU,3,57.848,32685931717,0,0,0.000,0.000,0.000,0.000,
GPU,3,57.848,32685931717,0,0,0.000,0.000,0.000,0.000,
GPU,3,57.848,32685931717,0,0,0.000,0.000,0.000,0.000,
GPU,3,57.848,32685931717,0,0,0.000,0.000,0.000,0.000,
GPU,3,57.848,32685931717,0,0,0.000,0.000,0.000,0.000,
GPU,3,57.848,32685931717,0,0,0.000,0.000,0.000,0.000,
GPU,3,57.848,32685931717,0,0,0.000,0.000,0.000,0.000,
GPU,3,57.848,32685931717,0,0,0.000,0.000,0.000,0.000,
GPU,3,57.848,32685931717,0,0,0.000,0.000,0.000,0.000,
GPU,3,57.848,32685931717,0,0,0.000,0.000,0.000,0.000,
GPU,3,57.848,32685931717,0,0,0.000,0.000,0.000,0.000,
GPU,3,57.848,32685931717,0,0,0.000,0.000,0.000,0.000,
GPU,3,57.848,32685931717,0,0,0.000,0.000,0.000,0.000,
GPU,3,57.848,32685931717,0,0,0.000,0.000,0.000,0.000,
GPU,3,57.848,32685931717,0,0,0.000,0.000,0.000,0.000,
GPU,3,57.848,32685931717,0,0,0.000,0.000,0.000,0.000,
GPU,3,57.848,32685931717,0,0,0.000,0.000,0.000,0.000,
GPU,3,57.848,32685931717,0,0,0.000,0.000,0.000,0.000,
GPU,3,57.848,32685931717,0,0,0.000,0.000,0.000,0.000,
GPU,3,57.848,32685937628,0,0,0.000,0.000,0.000,0.000,
GPU,3,57.848,32685937628,0,0,0.000,0.000,0.000,0.000,
GPU,3,57.848,32685937628,0,0,0.000,0.000,0.000,0.000,
GPU,3,57.848,32685937628,0,0,0.000,0.000,0.000,0.000,
GPU,3,57.848,32685937628,0,0,0.000,0.000,0.000,0.000,
GPU,3,57.848,32685937628,0,0,0.000,0.000,0.000,0.000,
GPU,3,57.848,32685937628,0,0,0.000,0.000,0.000,0.000,
GPU,3,57.848,32685937628,0,0,0.000,0.000,0.000,0.000,
GPU,3,57.848,32685937628,0,0,0.000,0.000,0.000,0.000,
GPU,3,57.848,32685937628,0,0,0.000,0.000,0.000,0.000,
GPU,3,57.848,32685937628,0,0,0.000,0.000,0.000,0.000,
GPU,3,57.848,32685937628,0,0,0.000,0.000,0.000,0.000,
GPU,3,57.848,32685937628,0,0,0.000,0.000,0.000,0.000,
GPU,3,57.848,32685937628,0,0,0.000,0.000,0.000,0.000,
GPU,3,57.848,32685937628,0,0,0.000,0.000,0.000,0.000,
GPU,3,57.848,32685937628,0,0,0.000,0.000,0.000,0.000,
GPU,3,57.848,32685937628,0,0,0.000,0.000,0.000,0.000,
GPU,3,57.848,32685937628,0,0,0.000,0.000,0.000,0.000,
GPU,3,57.848,32685937628,0,0,0.000,0.000,0.000,0.000,
GPU,3,57.848,32685937628,0,0,0.000,0.000,0.000,0.000,
GPU,3,57.848,32685937628,0,0,0.000,0.000,0.000,0.000,
GPU,3,57.848,32685937628,0,0,0.000,0.000,0.000,0.000,
GPU,3,57.848,32685937628,0,0,0.000,0.000,0.000,0.000,
GPU,3,57.848,32685937628,0,0,0.000,0.000,0.000,0.000,
GPU,3,57.848,32685937628,0,0,0.000,0.000,0.000,0.000,
GPU,3,57.848,32685937628,0,0,0.000,0.000,0.000,0.000,
GPU,3,57.848,32685937628,0,0,0.000,0.000,0.000,0.000,
GPU,3,57.848,32685937628,0,0,0.000,0.000,0.000,0.000,
GPU,3,57.848,32685937628,0,0,0.000,0.000,0.000,0.000,
GPU,3,57.848,32685937628,0,0,0.000,0.000,0.000,0.000,
GPU,3,57.848,32685937628,0,0,0.000,0.000,0.000,0.000,
GPU,3,57.848,32685937628,0,0,0.000,0.000,0.000,0.000,
GPU,3,57.848,32685937628,0,0,0.000,0.000,0.000,0.000,
GPU,3,57.848,32685937628,0,0,0.000,0.000,0.000,0.000,
GPU,3,57.848,32685937628,0,0,0.000,0.000,0.000,0.000,
GPU,3,57.848,32685937628,0,0,0.000,0.000,0.000,0.000,
GPU,3,57.848,32685937628,0,0,0.000,0.000,0.000,0.000,
GPU,3,57.848,32685937628,0,0,0.000,0.000,0.000,0.000,
GPU,3,57.848,32685937628,0,0,0.000,0.000,0.000,0.000,
GPU,3,57.848,32685937628,0,0,0.000,0.000,0.000,0.000,
GPU,3,57.848,32685937628,0,0,0.000,0.000,0.000,0.000,
GPU,3,57.848,32685937628,0,0,0.000,0.000,0.000,0.000,
GPU,3,57.848,32685937628,0,0,0.000,0.000,0.000,0.000,
GPU,3,57.848,32685937628,0,0,0.000,0.000,0.000,0.000,
GPU,3,57.848,32685937628,0,0,0.000,0.000,0.000,0.000,
GPU,3,57.848,32685937628,0,0,0.000,0.000,0.000,0.000,
GPU,3,57.848,32685937628,0,0,0.000,0.000,0.000,0.000,
GPU,3,57.848,32685937628,0,0,0.000,0.000,0.000,0.000,
GPU,3,57.848,32685937628,0,0,0.000,0.000,0.000,0.000,
GPU,3,57.848,32685937628,0,0,0.000,0.000,0.000,0.000,
GPU,3,57.848,32685937628,0,0,0.000,0.000,0.000,0.000,
GPU,3,57.848,32685937628,0,0,0.000,0.000,0.000,0.000,
GPU,3,57.848,32685937628,0,0,0.000,0.000,0.000,0.000,
GPU,3,57.848,32685937628,0,0,0.000,0.000,0.000,0.000,
GPU,3,57.848,32685937628,0,0,0.000,0.000,0.000,0.000,
GPU,3,57.848,32685937628,0,0,0.000,0.000,0.000,0.000,
GPU,3,57.848,32685937628,0,0,0.000,0.000,0.000,0.000,
GPU,3,57.848,32685937628,0,0,0.000,0.000,0.000,0.000,
GPU,3,57.848,32685937628,0,0,0.000,0.000,0.000,0.000,
GPU,3,57.848,32685937628,0,0,0.000,0.000,0.000,0.000,
GPU,3,57.848,32685937628,0,0,0.000,0.000,0.000,0.000,
GPU,3,57.848,32685937628,0,0,0.000,0.000,0.000,0.000,
GPU,3,57.848,32685937628,0,0,0.000,0.000,0.000,0.000,
GPU,3,57.848,32685937628,0,0,0.000,0.000,0.000,0.000,
GPU,3,57.848,32685937628,0,0,0.000,0.000,0.000,0.000,
GPU,3,57.848,32685943378,0,0,0.000,0.000,0.000,0.000,
GPU,3,57.848,32685943378,0,0,0.000,0.000,0.000,0.000,
GPU,3,57.848,32685943378,0,0,0.000,0.000,0.000,0.000,
GPU,3,57.848,32685943378,0,0,0.000,0.000,0.000,0.000,
GPU,3,57.848,32685943378,0,0,0.000,0.000,0.000,0.000,
GPU,3,57.848,32685943378,0,0,0.000,0.000,0.000,0.000,
GPU,3,57.848,32685943378,0,0,0.000,0.000,0.000,0.000,
GPU,3,57.848,32685943378,0,0,0.000,0.000,0.000,0.000,
GPU,3,57.848,32685943378,0,0,0.000,0.000,0.000,0.000,
GPU,3,57.848,32685943378,0,0,0.000,0.000,0.000,0.000,
GPU,3,57.848,32685943378,0,0,0.000,0.000,0.000,0.000,
GPU,3,57.848,32685943378,0,0,0.000,0.000,0.000,0.000,
GPU,3,57.848,32685943378,0,0,0.000,0.000,0.000,0.000,
GPU,3,57.848,32685943378,0,0,0.000,0.000,0.000,0.000,
GPU,3,57.848,32685943378,0,0,0.000,0.000,0.000,0.000,
GPU,3,57.848,32685943378,0,0,0.000,0.000,0.000,0.000,
GPU,3,57.848,32685943378,0,0,0.000,0.000,0.000,0.000,
GPU,3,57.848,32685943378,0,0,0.000,0.000,0.000,0.000,
GPU,3,57.848,32685943378,0,0,0.000,0.000,0.000,0.000,
GPU,3,57.848,32685943378,0,0,0.000,0.000,0.000,0.000,
GPU,3,57.848,32685943378,0,0,0.000,0.000,0.000,0.000,
GPU,3,57.848,32685943378,0,0,0.000,0.000,0.000,0.000,
GPU,3,57.848,32685943378,0,0,0.000,0.000,0.000,0.000,
GPU,3,57.848,32685943378,0,0,0.000,0.000,0.000,0.000,
GPU,3,57.848,32685943378,0,0,0.000,0.000,0.000,0.000,
GPU,3,57.848,32685943378,0,0,0.000,0.000,0.000,0.000,
GPU,3,57.848,32685943378,0,0,0.000,0.000,0.000,0.000,
GPU,3,57.848,32685943378,0,0,0.000,0.000,0.000,0.000,
GPU,3,57.848,32685943378,0,0,0.000,0.000,0.000,0.000,
GPU,3,57.848,32685943378,0,0,0.000,0.000,0.000,0.000,
GPU,3,57.848,32685943378,0,0,0.000,0.000,0.000,0.000,
GPU,3,57.848,32685943378,0,0,0.000,0.000,0.000,0.000,
GPU,3,57.848,32685943378,0,0,0.000,0.000,0.000,0.000,
GPU,3,57.848,32685943378,0,0,0.000,0.000,0.000,0.000,
GPU,3,57.848,32685943378,0,0,0.000,0.000,0.000,0.000,
GPU,3,57.848,32685943378,0,0,0.000,0.000,0.000,0.000,
GPU,3,57.848,32685943378,0,0,0.000,0.000,0.000,0.000,
GPU,3,57.848,32685943378,0,0,0.000,0.000,0.000,0.000,
GPU,3,57.848,32685943378,0,0,0.000,0.000,0.000,0.000,
GPU,3,57.848,32685943378,0,0,0.000,0.000,0.000,0.000,
GPU,3,57.848,32685943378,0,0,0.000,0.000,0.000,0.000,
GPU,3,57.848,32685943378,0,0,0.000,0.000,0.000,0.000,
GPU,3,57.848,32685943378,0,0,0.000,0.000,0.000,0.000,
GPU,3,57.848,32685943378,0,0,0.000,0.000,0.000,0.000,
GPU,3,57.848,32685943378,0,0,0.000,0.000,0.000,0.000,
GPU,3,57.848,32685943378,0,0,0.000,0.000,0.000,0.000,
GPU,3,57.848,32685943378,0,0,0.000,0.000,0.000,0.000,
GPU,3,57.848,32685943378,0,0,0.000,0.000,0.000,0.000,
GPU,3,57.848,32685943378,0,0,0.000,0.000,0.000,0.000,
GPU,3,57.848,32685943378,0,0,0.000,0.000,0.000,0.000,
GPU,3,57.848,32685943378,0,0,0.000,0.000,0.000,0.000,
GPU,3,57.848,32685943378,0,0,0.000,0.000,0.000,0.000,
GPU,3,57.848,32685943378,0,0,0.000,0.000,0.000,0.000,
GPU,3,57.848,32685943378,0,0,0.000,0.000,0.000,0.000,
GPU,3,57.848,32685943378,0,0,0.000,0.000,0.000,0.000,
GPU,3,57.848,32685943378,0,0,0.000,0.000,0.000,0.000,
GPU,3,57.848,32685943378,0,0,0.000,0.000,0.000,0.000,
GPU,3,57.848,32685943378,0,0,0.000,0.000,0.000,0.000,
GPU,3,57.848,32685943378,0,0,0.000,0.000,0.000,0.000,
GPU,3,57.848,32685943378,0,0,0.000,0.000,0.000,0.000,
GPU,3,57.848,32685943378,0,0,0.000,0.000,0.000,0.000,
GPU,3,57.848,32685943378,0,0,0.000,0.000,0.000,0.000,
GPU,3,57.848,32685943378,0,0,0.000,0.000,0.000,0.000,
GPU,3,57.848,32685943378,0,0,0.000,0.000,0.000,0.000,
GPU,3,57.848,32685943378,0,0,0.000,0.000,0.000,0.000,
GPU,3,57.848,32685943378,0,0,0.000,0.000,0.000,0.000,
GPU,3,57.848,32685943378,0,0,0.000,0.000,0.000,0.000,
GPU,3,57.848,32685943378,0,0,0.000,0.000,0.000,0.000,
GPU,3,57.848,32685949195,0,0,0.000,0.000,0.000,0.000,
GPU,3,57.848,32685949195,0,0,0.000,0.000,0.000,0.000,
GPU,3,57.848,32685949195,0,0,0.000,0.000,0.000,0.000,
GPU,3,57.848,32685949195,0,0,0.000,0.000,0.000,0.000,
GPU,3,57.848,32685949195,0,0,0.000,0.000,0.000,0.000,
GPU,3,57.848,32685949195,0,0,0.000,0.000,0.000,0.000,
GPU,3,57.848,32685949195,0,0,0.000,0.000,0.000,0.000,
GPU,3,57.848,32685949195,0,0,0.000,0.000,0.000,0.000,
GPU,3,57.848,32685949195,0,0,0.000,0.000,0.000,0.000,
GPU,3,57.848,32685949195,0,0,0.000,0.000,0.000,0.000,
GPU,3,57.848,32685949195,0,0,0.000,0.000,0.000,0.000,
GPU,3,57.848,32685949195,0,0,0.000,0.000,0.000,0.000,
GPU,3,57.848,32685949195,0,0,0.000,0.000,0.000,0.000,
GPU,3,57.848,32685949195,0,0,0.000,0.000,0.000,0.000,
GPU,3,57.848,32685949195,0,0,0.000,0.000,0.000,0.000,
GPU,3,57.848,32685949195,0,0,0.000,0.000,0.000,0.000,
GPU,3,57.848,32685949195,0,0,0.000,0.000,0.000,0.000,
GPU,3,57.848,32685949195,0,0,0.000,0.000,0.000,0.000,
GPU,3,57.848,32685949195,0,0,0.000,0.000,0.000,0.000,
GPU,3,57.848,32685949195,0,0,0.000,0.000,0.000,0.000,
GPU,3,57.848,32685949195,0,0,0.000,0.000,0.000,0.000,
GPU,3,57.848,32685949195,0,0,0.000,0.000,0.000,0.000,
GPU,3,57.848,32685949195,0,0,0.000,0.000,0.000,0.000,
GPU,3,57.848,32685949195,0,0,0.000,0.000,0.000,0.000,
GPU,3,57.848,32685949195,0,0,0.000,0.000,0.000,0.000,
GPU,3,57.848,32685949195,0,0,0.000,0.000,0.000,0.000,
GPU,3,57.848,32685949195,0,0,0.000,0.000,0.000,0.000,
GPU,3,57.848,32685949195,0,0,0.000,0.000,0.000,0.000,
GPU,3,57.848,32685949195,0,0,0.000,0.000,0.000,0.000,
GPU,3,57.848,32685949195,0,0,0.000,0.000,0.000,0.000,
GPU,3,57.848,32685949195,0,0,0.000,0.000,0.000,0.000,
GPU,3,57.848,32685949195,0,0,0.000,0.000,0.000,0.000,
GPU,3,57.848,32685949195,0,0,0.000,0.000,0.000,0.000,
GPU,3,57.848,32685949195,0,0,0.000,0.000,0.000,0.000,
GPU,3,57.848,32685949195,0,0,0.000,0.000,0.000,0.000,
GPU,3,57.848,32685949195,0,0,0.000,0.000,0.000,0.000,
GPU,3,57.848,32685949195,0,0,0.000,0.000,0.000,0.000,
GPU,3,57.848,32685949195,0,0,0.000,0.000,0.000,0.000,
GPU,3,57.848,32685949195,0,0,0.000,0.000,0.000,0.000,
GPU,3,57.848,32685949195,0,0,0.000,0.000,0.000,0.000,
GPU,3,57.848,32685949195,0,0,0.000,0.000,0.000,0.000,
GPU,3,57.848,32685949195,0,0,0.000,0.000,0.000,0.000,
GPU,3,57.848,32685949195,0,0,0.000,0.000,0.000,0.000,
GPU,3,57.848,32685949195,0,0,0.000,0.000,0.000,0.000,
GPU,3,57.848,32685949195,0,0,0.000,0.000,0.000,0.000,
GPU,3,57.848,32685949195,0,0,0.000,0.000,0.000,0.000,
GPU,3,57.848,32685949195,0,0,0.000,0.000,0.000,0.000,
GPU,3,57.848,32685949195,0,0,0.000,0.000,0.000,0.000,
GPU,3,57.848,32685949195,0,0,0.000,0.000,0.000,0.000,
GPU,3,57.848,32685949195,0,0,0.000,0.000,0.000,0.000,
GPU,3,57.848,32685949195,0,0,0.000,0.000,0.000,0.000,
GPU,3,57.848,32685949195,0,0,0.000,0.000,0.000,0.000,
GPU,3,57.848,32685949195,0,0,0.000,0.000,0.000,0.000,
GPU,3,57.848,32685949195,0,0,0.000,0.000,0.000,0.000,
GPU,3,57.848,32685949195,0,0,0.000,0.000,0.000,0.000,
GPU,3,57.848,32685949195,0,0,0.000,0.000,0.000,0.000,
GPU,3,57.848,32685949195,0,0,0.000,0.000,0.000,0.000,
GPU,3,57.848,32685949195,0,0,0.000,0.000,0.000,0.000,
GPU,3,57.848,32685949195,0,0,0.000,0.000,0.000,0.000,
GPU,3,57.848,32685949195,0,0,0.000,0.000,0.000,0.000,
GPU,3,57.848,32685949195,0,0,0.000,0.000,0.000,0.000,
GPU,3,57.848,32685949195,0,0,0.000,0.000,0.000,0.000,
GPU,3,57.848,32685949195,0,0,0.000,0.000,0.000,0.000,
GPU,3,57.848,32685949195,0,0,0.000,0.000,0.000,0.000,
GPU,3,57.848,32685949195,0,0,0.000,0.000,0.000,0.000,
GPU,3,57.848,32685949195,0,0,0.000,0.000,0.000,0.000,
GPU,3,57.848,32685949195,0,0,0.000,0.000,0.000,0.000,
GPU,3,57.848,32685955039,0,0,0.000,0.000,0.000,0.000,
GPU,3,57.848,32685955039,0,0,0.000,0.000,0.000,0.000,
GPU,3,57.848,32685955039,0,0,0.000,0.000,0.000,0.000,
GPU,3,57.848,32685955039,0,0,0.000,0.000,0.000,0.000,
GPU,3,57.848,32685955039,0,0,0.000,0.000,0.000,0.000,
GPU,3,57.848,32685955039,0,0,0.000,0.000,0.000,0.000,
GPU,3,57.848,32685955039,0,0,0.000,0.000,0.000,0.000,
GPU,3,57.848,32685955039,0,0,0.000,0.000,0.000,0.000,
GPU,3,57.848,32685955039,0,0,0.000,0.000,0.000,0.000,
GPU,3,57.848,32685955039,0,0,0.000,0.000,0.000,0.000,
GPU,3,57.848,32685955039,0,0,0.000,0.000,0.000,0.000,
GPU,3,57.848,32685955039,0,0,0.000,0.000,0.000,0.000,
GPU,3,57.848,32685955039,0,0,0.000,0.000,0.000,0.000,
GPU,3,57.848,32685955039,0,0,0.000,0.000,0.000,0.000,
GPU,3,57.848,32685955039,0,0,0.000,0.000,0.000,0.000,
GPU,3,57.848,32685955039,0,0,0.000,0.000,0.000,0.000,
GPU,3,57.848,32685955039,0,0,0.000,0.000,0.000,0.000,
GPU,3,57.848,32685955039,0,0,0.000,0.000,0.000,0.000,
GPU,3,57.848,32685955039,0,0,0.000,0.000,0.000,0.000,
GPU,3,57.848,32685955039,0,0,0.000,0.000,0.000,0.000,
GPU,3,57.848,32685955039,0,0,0.000,0.000,0.000,0.000,
GPU,3,57.848,32685955039,0,0,0.000,0.000,0.000,0.000,
GPU,3,57.848,32685955039,0,0,0.000,0.000,0.000,0.000,
GPU,3,57.848,32685955039,0,0,0.000,0.000,0.000,0.000,
GPU,3,57.848,32685955039,0,0,0.000,0.000,0.000,0.000,
GPU,3,57.848,32685955039,0,0,0.000,0.000,0.000,0.000,
GPU,3,57.848,32685955039,0,0,0.000,0.000,0.000,0.000,
GPU,3,57.848,32685955039,0,0,0.000,0.000,0.000,0.000,
GPU,3,57.848,32685955039,0,0,0.000,0.000,0.000,0.000,
GPU,3,57.848,32685955039,0,0,0.000,0.000,0.000,0.000,
GPU,3,57.848,32685955039,0,0,0.000,0.000,0.000,0.000,
GPU,3,57.848,32685955039,0,0,0.000,0.000,0.000,0.000,
GPU,3,57.848,32685955039,0,0,0.000,0.000,0.000,0.000,
GPU,3,57.848,32685955039,0,0,0.000,0.000,0.000,0.000,
GPU,3,57.848,32685955039,0,0,0.000,0.000,0.000,0.000,
GPU,3,57.848,32685955039,0,0,0.000,0.000,0.000,0.000,
GPU,3,57.848,32685955039,0,0,0.000,0.000,0.000,0.000,
GPU,3,57.848,32685955039,0,0,0.000,0.000,0.000,0.000,
GPU,3,57.848,32685955039,0,0,0.000,0.000,0.000,0.000,
GPU,3,57.848,32685955039,0,0,0.000,0.000,0.000,0.000,
GPU,3,57.848,32685955039,0,0,0.000,0.000,0.000,0.000,
GPU,3,57.848,32685955039,0,0,0.000,0.000,0.000,0.000,
GPU,3,57.848,32685955039,0,0,0.000,0.000,0.000,0.000,
GPU,3,57.848,32685955039,0,0,0.000,0.000,0.000,0.000,
GPU,3,57.848,32685955039,0,0,0.000,0.000,0.000,0.000,
GPU,3,57.848,32685955039,0,0,0.000,0.000,0.000,0.000,
GPU,3,57.848,32685955039,0,0,0.000,0.000,0.000,0.000,
GPU,3,57.848,32685955039,0,0,0.000,0.000,0.000,0.000,
GPU,3,57.848,32685955039,0,0,0.000,0.000,0.000,0.000,
GPU,3,57.848,32685955039,0,0,0.000,0.000,0.000,0.000,
GPU,3,57.848,32685955039,0,0,0.000,0.000,0.000,0.000,
GPU,3,57.848,32685955039,0,0,0.000,0.000,0.000,0.000,
GPU,3,57.848,32685955039,0,0,0.000,0.000,0.000,0.000,
GPU,3,57.848,32685955039,0,0,0.000,0.000,0.000,0.000,
GPU,3,57.848,32685955039,0,0,0.000,0.000,0.001,0.000,
GPU,3,57.848,32685955039,0,0,0.000,0.000,0.001,0.000,
GPU,3,57.848,32685955039,0,0,0.000,0.000,0.001,0.000,
GPU,3,57.848,32685955039,0,0,0.000,0.000,0.001,0.000,
GPU,3,57.848,32685955039,0,0,0.000,0.000,0.001,0.000,
GPU,3,57.848,32685955039,0,0,0.000,0.000,0.001,0.000,
GPU,3,57.848,32685955039,0,0,0.000,0.000,0.001,0.000,
GPU,3,57.848,32685955039,0,0,0.000,0.000,0.001,0.000,
GPU,3,57.848,32685955039,0,0,0.000,0.000,0.001,0.000,
GPU,3,57.848,32685955039,0,0,0.000,0.000,0.001,0.000,
GPU,3,57.848,32685955039,0,0,0.000,0.000,0.001,0.000,
GPU,3,57.848,32685955039,0,0,0.000,0.000,0.001,0.000,
GPU,3,57.848,32685955039,0,0,0.000,0.000,0.001,0.000,
GPU,3,57.848,32685955039,0,0,0.000,0.000,0.001,0.000,
GPU,3,57.848,32685961002,0,0,0.000,0.000,0.001,0.000,
GPU,3,57.848,32685961002,0,0,0.000,0.000,0.001,0.000,
GPU,3,57.848,32685961002,0,0,0.000,0.000,0.000,0.000,
GPU,3,57.848,32685961002,0,0,0.000,0.000,0.000,0.000,
GPU,3,57.848,32685961002,0,0,0.000,0.000,0.000,0.000,
GPU,3,57.848,32685961002,0,0,0.000,0.000,0.000,0.000,
GPU,3,57.848,32685961002,0,0,0.000,0.000,0.000,0.000,
GPU,3,57.848,32685961002,0,0,0.000,0.000,0.000,0.000,
GPU,3,57.848,32685961002,0,0,0.000,0.000,0.000,0.000,
GPU,3,57.848,32685961002,0,0,0.000,0.000,0.000,0.000,
GPU,3,57.848,32685961002,0,0,0.000,0.000,0.000,0.000,
GPU,3,57.848,32685961002,0,0,0.000,0.000,0.000,0.000,
GPU,3,57.848,32685961002,0,0,0.000,0.000,0.000,0.000,
GPU,3,57.848,32685961002,0,0,0.000,0.000,0.000,0.000,
GPU,3,57.848,32685961002,0,0,0.000,0.000,0.000,0.000,
GPU,3,57.848,32685961002,0,0,0.000,0.000,0.000,0.000,
GPU,3,57.848,32685961002,0,0,0.000,0.000,0.000,0.000,
GPU,3,57.848,32685961002,0,0,0.000,0.000,0.000,0.000,
GPU,3,57.848,32685961002,0,0,0.000,0.000,0.000,0.000,
GPU,3,57.848,32685961002,0,0,0.000,0.000,0.000,0.000,
GPU,3,57.848,32685961002,0,0,0.000,0.000,0.000,0.000,
GPU,3,57.848,32685961002,0,0,0.000,0.000,0.000,0.000,
GPU,3,57.848,32685961002,0,0,0.000,0.000,0.000,0.000,
GPU,3,57.848,32685961002,0,0,0.000,0.000,0.000,0.000,
GPU,3,57.848,32685961002,0,0,0.000,0.000,0.000,0.000,
GPU,3,57.848,32685961002,0,0,0.000,0.000,0.000,0.000,
GPU,3,57.848,32685961002,0,0,0.000,0.000,0.000,0.000,
GPU,3,57.848,32685961002,0,0,0.000,0.000,0.000,0.000,
GPU,3,57.848,32685961002,0,0,0.000,0.000,0.000,0.000,
GPU,3,57.848,32685961002,0,0,0.000,0.000,0.000,0.000,
GPU,3,57.848,32685961002,0,0,0.000,0.000,0.000,0.000,
GPU,3,57.848,32685961002,0,0,0.000,0.000,0.000,0.000,
GPU,3,57.848,32685961002,0,0,0.000,0.000,0.000,0.000,
GPU,3,57.848,32685961002,0,0,0.000,0.000,0.000,0.000,
GPU,3,57.848,32685961002,0,0,0.000,0.000,0.000,0.000,
GPU,3,57.848,32685961002,0,0,0.000,0.000,0.000,0.000,
GPU,3,57.848,32685961002,0,0,0.000,0.000,0.000,0.000,
GPU,3,57.848,32685961002,0,0,0.000,0.000,0.000,0.000,
GPU,3,57.848,32685961002,0,0,0.000,0.000,0.000,0.000,
GPU,3,57.848,32685961002,0,0,0.000,0.000,0.000,0.000,
GPU,3,57.848,32685961002,0,0,0.000,0.000,0.000,0.000,
GPU,3,57.848,32685961002,0,0,0.000,0.000,0.000,0.000,
GPU,3,57.848,32685961002,0,0,0.000,0.000,0.000,0.000,
GPU,3,57.848,32685961002,0,0,0.000,0.000,0.000,0.000,
GPU,3,57.848,32685961002,0,0,0.000,0.000,0.000,0.000,
GPU,3,57.848,32685961002,0,0,0.000,0.000,0.000,0.000,
GPU,3,57.848,32685961002,0,0,0.000,0.000,0.000,0.000,
GPU,3,57.848,32685961002,0,0,0.000,0.000,0.000,0.000,
GPU,3,57.848,32685961002,0,0,0.000,0.000,0.000,0.000,
GPU,3,57.848,32685961002,0,0,0.000,0.000,0.000,0.000,
GPU,3,57.848,32685961002,0,0,0.000,0.000,0.000,0.000,
GPU,3,58.390,32685961002,0,0,0.000,0.000,0.000,0.000,
GPU,3,58.390,32685961002,0,0,0.000,0.000,0.000,0.000,
GPU,3,58.390,32685961002,0,0,0.000,0.000,0.000,0.000,
GPU,3,58.390,32685961002,0,0,0.000,0.000,0.000,0.000,
GPU,3,58.390,32685961002,0,0,0.000,0.000,0.000,0.000,
GPU,3,58.390,32685961002,0,0,0.000,0.000,0.000,0.000,
GPU,3,58.390,32685961002,0,0,0.000,0.000,0.000,0.000,
GPU,3,58.390,32685961002,0,0,0.000,0.000,0.000,0.000,
GPU,3,58.390,32685961002,0,0,0.000,0.000,0.000,0.000,
GPU,3,58.390,32685961002,0,0,0.000,0.000,0.000,0.000,
GPU,3,58.390,32685961002,0,0,0.000,0.000,0.000,0.000,
GPU,3,58.390,32685961002,0,0,0.000,0.000,0.000,0.000,
GPU,3,58.390,32685961002,0,0,0.000,0.000,0.000,0.000,
GPU,3,58.390,32685961002,0,0,0.000,0.000,0.000,0.000,
GPU,3,58.390,32685961002,0,0,0.000,0.000,0.000,0.000,
GPU,3,58.390,32685961002,0,0,0.000,0.000,0.000,0.000,
GPU,3,58.390,32685961002,0,0,0.000,0.000,0.000,0.000,
GPU,3,58.390,32685966845,0,0,0.000,0.000,0.000,0.000,
GPU,3,58.390,32685966845,0,0,0.000,0.000,0.000,0.000,
GPU,3,58.390,32685966845,0,0,0.000,0.000,0.000,0.000,
GPU,3,58.390,32685966845,0,0,0.000,0.000,0.000,0.000,
GPU,3,58.390,32685966845,0,0,0.000,0.000,0.000,0.000,
GPU,3,58.390,32685966845,0,0,0.000,0.000,0.000,0.000,
GPU,3,58.390,32685966845,0,0,0.000,0.000,0.000,0.000,
GPU,3,58.390,32685966845,0,0,0.000,0.000,0.000,0.000,
GPU,3,58.390,32685966845,0,0,0.000,0.000,0.000,0.000,
GPU,3,58.390,32685966845,0,0,0.000,0.000,0.000,0.000,
GPU,3,58.390,32685966845,0,0,0.000,0.000,0.000,0.000,
GPU,3,58.390,32685966845,0,0,0.000,0.000,0.000,0.000,
GPU,3,58.390,32685966845,0,0,0.000,0.000,0.000,0.000,
GPU,3,58.390,32685966845,0,0,0.000,0.000,0.000,0.000,
GPU,3,58.390,32685966845,0,0,0.000,0.000,0.000,0.000,
GPU,3,58.390,32685966845,0,0,0.000,0.000,0.000,0.000,
GPU,3,58.390,32685966845,0,0,0.000,0.000,0.000,0.000,
GPU,3,58.390,32685966845,0,0,0.000,0.000,0.000,0.000,
GPU,3,58.390,32685966845,0,0,0.000,0.000,0.000,0.000,
GPU,3,58.390,32685966845,0,0,0.000,0.000,0.000,0.000,
GPU,3,58.390,32685966845,0,0,0.000,0.000,0.000,0.000,
GPU,3,58.390,32685966845,0,0,0.000,0.000,0.000,0.000,
GPU,3,58.390,32685966845,0,0,0.000,0.000,0.000,0.000,
GPU,3,58.390,32685966845,0,0,0.000,0.000,0.000,0.000,
GPU,3,58.390,32685966845,0,0,0.000,0.000,0.000,0.000,
GPU,3,58.390,32685966845,0,0,0.000,0.000,0.000,0.000,
GPU,3,58.390,32685966845,0,0,0.000,0.000,0.000,0.000,
GPU,3,58.390,32685966845,0,0,0.000,0.000,0.000,0.000,
GPU,3,58.390,32685966845,0,0,0.000,0.000,0.000,0.000,
GPU,3,58.390,32685966845,0,0,0.000,0.000,0.000,0.000,
GPU,3,58.390,32685966845,0,0,0.000,0.000,0.000,0.000,
GPU,3,58.390,32685966845,0,0,0.000,0.000,0.000,0.000,
GPU,3,58.390,32685966845,0,0,0.000,0.000,0.000,0.000,
GPU,3,58.390,32685966845,0,0,0.000,0.000,0.000,0.000,
GPU,3,58.390,32685966845,0,0,0.000,0.000,0.000,0.000,
GPU,3,58.390,32685966845,0,0,0.000,0.000,0.000,0.000,
GPU,3,58.390,32685966845,0,0,0.000,0.000,0.000,0.000,
GPU,3,58.390,32685966845,0,0,0.000,0.000,0.000,0.000,
GPU,3,58.390,32685966845,0,0,0.000,0.000,0.000,0.000,
GPU,3,58.390,32685966845,0,0,0.000,0.000,0.000,0.000,
GPU,3,58.390,32685966845,0,0,0.000,0.000,0.000,0.000,
GPU,3,58.390,32685966845,0,0,0.000,0.000,0.000,0.000,
GPU,3,58.390,32685966845,0,0,0.000,0.000,0.000,0.000,
GPU,3,58.390,32685966845,0,0,0.000,0.000,0.000,0.000,
GPU,3,58.390,32685966845,0,0,0.000,0.000,0.000,0.000,
GPU,3,58.390,32685966845,0,0,0.000,0.000,0.000,0.000,
GPU,3,58.390,32685966845,0,0,0.000,0.000,0.000,0.000,
GPU,3,58.390,32685966845,0,0,0.000,0.000,0.000,0.000,
GPU,3,58.390,32685966845,0,0,0.000,0.000,0.000,0.000,
GPU,3,58.390,32685966845,0,0,0.000,0.000,0.000,0.000,
GPU,3,58.390,32685966845,0,0,0.000,0.000,0.000,0.000,
GPU,3,58.390,32685966845,0,0,0.000,0.000,0.000,0.000,
GPU,3,58.390,32685966845,0,0,0.000,0.000,0.000,0.000,
GPU,3,57.848,32685966845,0,0,0.000,0.000,0.000,0.000,
GPU,3,57.848,32685966845,0,0,0.000,0.000,0.000,0.000,
GPU,3,57.848,32685966845,0,0,0.000,0.000,0.000,0.000,
GPU,3,57.848,32685966845,0,0,0.000,0.000,0.000,0.000,
GPU,3,57.848,32685966845,0,0,0.000,0.000,0.000,0.000,
GPU,3,57.848,32685966845,0,0,0.000,0.000,0.000,0.000,
GPU,3,57.848,32685966845,0,0,0.000,0.000,0.000,0.000,
GPU,3,57.848,32685966845,0,0,0.000,0.000,0.000,0.000,
GPU,3,57.848,32685966845,0,0,0.000,0.000,0.000,0.000,
GPU,3,57.848,32685966845,0,0,0.000,0.000,0.000,0.000,
GPU,3,57.848,32685966845,0,0,0.000,0.000,0.000,0.000,
GPU,3,57.848,32685966845,0,0,0.000,0.000,0.000,0.000,
GPU,3,57.848,32685966845,0,0,0.000,0.000,0.000,0.000,
GPU,3,57.848,32685966845,0,0,0.000,0.000,0.000,0.000,
GPU,3,57.848,32685966845,0,0,0.000,0.000,0.000,0.000,
GPU,3,57.848,32685972660,0,0,0.000,0.000,0.000,0.000,
GPU,3,57.848,32685972660,0,0,0.000,0.000,0.000,0.000,
GPU,3,57.848,32685972660,0,0,0.000,0.000,0.000,0.000,
GPU,3,57.848,32685972660,0,0,0.000,0.000,0.000,0.000,
GPU,3,57.848,32685972660,0,0,0.000,0.000,0.000,0.000,
GPU,3,57.848,32685972660,0,0,0.000,0.000,0.000,0.000,
GPU,3,57.848,32685972660,0,0,0.000,0.000,0.000,0.000,
GPU,3,57.848,32685972660,0,0,0.000,0.000,0.000,0.000,
GPU,3,57.848,32685972660,0,0,0.000,0.000,0.000,0.000,
GPU,3,57.848,32685972660,0,0,0.000,0.000,0.000,0.000,
GPU,3,57.848,32685972660,0,0,0.000,0.000,0.000,0.000,
GPU,3,57.848,32685972660,0,0,0.000,0.000,0.000,0.000,
GPU,3,57.848,32685972660,0,0,0.000,0.000,0.000,0.000,
GPU,3,57.848,32685972660,0,0,0.000,0.000,0.000,0.000,
GPU,3,57.848,32685972660,0,0,0.000,0.000,0.000,0.000,
GPU,3,57.848,32685972660,0,0,0.000,0.000,0.000,0.000,
GPU,3,57.848,32685972660,0,0,0.000,0.000,0.000,0.000,
GPU,3,57.848,32685972660,0,0,0.000,0.000,0.000,0.000,
GPU,3,57.848,32685972660,0,0,0.000,0.000,0.000,0.000,
GPU,3,57.848,32685972660,0,0,0.000,0.000,0.000,0.000,
GPU,3,57.848,32685972660,0,0,0.000,0.000,0.000,0.000,
GPU,3,57.848,32685972660,0,0,0.000,0.000,0.000,0.000,
GPU,3,57.848,32685972660,0,0,0.000,0.000,0.000,0.000,
GPU,3,57.848,32685972660,0,0,0.000,0.000,0.000,0.000,
GPU,3,57.848,32685972660,0,0,0.000,0.000,0.000,0.000,
GPU,3,57.848,32685972660,0,0,0.000,0.000,0.000,0.000,
GPU,3,57.848,32685972660,0,0,0.000,0.000,0.000,0.000,
GPU,3,57.848,32685972660,0,0,0.000,0.000,0.000,0.000,
GPU,3,57.848,32685972660,0,0,0.000,0.000,0.000,0.000,
GPU,3,57.848,32685972660,0,0,0.000,0.000,0.000,0.000,
GPU,3,57.848,32685972660,0,0,0.000,0.000,0.000,0.000,
GPU,3,57.848,32685972660,0,0,0.000,0.000,0.000,0.000,
GPU,3,57.848,32685972660,0,0,0.000,0.000,0.000,0.000,
GPU,3,57.848,32685972660,0,0,0.000,0.000,0.000,0.000,
GPU,3,57.848,32685972660,0,0,0.000,0.000,0.000,0.000,
GPU,3,57.848,32685972660,0,0,0.000,0.000,0.000,0.000,
GPU,3,57.848,32685972660,0,0,0.000,0.000,0.000,0.000,
GPU,3,57.848,32685972660,0,0,0.000,0.000,0.000,0.000,
GPU,3,57.848,32685972660,0,0,0.000,0.000,0.000,0.000,
GPU,3,57.848,32685972660,0,0,0.000,0.000,0.000,0.000,
GPU,3,57.848,32685972660,0,0,0.000,0.000,0.000,0.000,
GPU,3,57.848,32685972660,0,0,0.000,0.000,0.000,0.000,
GPU,3,57.848,32685972660,0,0,0.000,0.000,0.000,0.000,
GPU,3,57.848,32685972660,0,0,0.000,0.000,0.000,0.000,
GPU,3,57.848,32685972660,0,0,0.000,0.000,0.000,0.000,
GPU,3,57.848,32685972660,0,0,0.000,0.000,0.000,0.000,
GPU,3,57.848,32685972660,0,0,0.000,0.000,0.000,0.000,
GPU,3,57.848,32685972660,0,0,0.000,0.000,0.000,0.000,
GPU,3,57.848,32685972660,0,0,0.000,0.000,0.000,0.000,
GPU,3,57.848,32685972660,0,0,0.000,0.000,0.000,0.000,
GPU,3,57.848,32685972660,0,0,0.000,0.000,0.000,0.000,
GPU,3,57.848,32685972660,0,0,0.000,0.000,0.000,0.000,
GPU,3,57.848,32685972660,0,0,0.000,0.000,0.000,0.000,
GPU,3,57.848,32685972660,0,0,0.000,0.000,0.000,0.000,
GPU,3,57.848,32685972660,0,0,0.000,0.000,0.000,0.000,
GPU,3,57.848,32685972660,0,0,0.000,0.000,0.000,0.000,
GPU,3,57.848,32685972660,0,0,0.000,0.000,0.000,0.000,
GPU,3,57.848,32685972660,0,0,0.000,0.000,0.000,0.000,
GPU,3,57.848,32685972660,0,0,0.000,0.000,0.000,0.000,
GPU,3,57.848,32685972660,0,0,0.000,0.000,0.000,0.000,
GPU,3,57.848,32685972660,0,0,0.000,0.000,0.000,0.000,
GPU,3,57.848,32685972660,0,0,0.000,0.000,0.000,0.000,
GPU,3,57.848,32685972660,0,0,0.000,0.000,0.000,0.000,
GPU,3,57.848,32685972660,0,0,0.000,0.000,0.000,0.000,
GPU,3,57.848,32685972660,0,0,0.000,0.000,0.000,0.000,
GPU,3,57.848,32685972660,0,0,0.000,0.000,0.000,0.000,
GPU,3,57.848,32685972660,0,0,0.000,0.000,0.000,0.000,
GPU,3,57.848,32685972660,0,0,0.000,0.000,0.000,0.000,
GPU,3,57.848,32685978491,0,0,0.000,0.000,0.000,0.000,
GPU,3,57.848,32685978491,0,0,0.000,0.000,0.000,0.000,
GPU,3,57.848,32685978491,0,0,0.000,0.000,0.000,0.000,
GPU,3,57.848,32685978491,0,0,0.000,0.000,0.000,0.000,
GPU,3,57.848,32685978491,0,0,0.000,0.000,0.000,0.000,
GPU,3,57.848,32685978491,0,0,0.000,0.000,0.000,0.000,
GPU,3,57.848,32685978491,0,0,0.000,0.000,0.000,0.000,
GPU,3,57.848,32685978491,0,0,0.000,0.000,0.000,0.000,
GPU,3,57.848,32685978491,0,0,0.000,0.000,0.000,0.000,
GPU,3,57.848,32685978491,0,0,0.000,0.000,0.000,0.000,
GPU,3,57.848,32685978491,0,0,0.000,0.000,0.000,0.000,
GPU,3,57.848,32685978491,0,0,0.000,0.000,0.000,0.000,
GPU,3,57.848,32685978491,0,0,0.000,0.000,0.000,0.000,
GPU,3,57.848,32685978491,0,0,0.000,0.000,0.000,0.000,
GPU,3,57.848,32685978491,0,0,0.000,0.000,0.000,0.000,
GPU,3,57.848,32685978491,0,0,0.000,0.000,0.000,0.000,
GPU,3,57.848,32685978491,0,0,0.000,0.000,0.000,0.000,
GPU,3,57.848,32685978491,0,0,0.000,0.000,0.000,0.000,
GPU,3,57.848,32685978491,0,0,0.000,0.000,0.000,0.000,
GPU,3,57.848,32685978491,0,0,0.000,0.000,0.000,0.000,
GPU,3,57.848,32685978491,0,0,0.000,0.000,0.000,0.000,
GPU,3,57.848,32685978491,0,0,0.000,0.000,0.000,0.000,
GPU,3,57.848,32685978491,0,0,0.000,0.000,0.000,0.000,
GPU,3,57.848,32685978491,0,0,0.000,0.000,0.000,0.000,
GPU,3,57.848,32685978491,0,0,0.000,0.000,0.000,0.000,
GPU,3,57.848,32685978491,0,0,0.000,0.000,0.000,0.000,
GPU,3,57.848,32685978491,0,0,0.000,0.000,0.000,0.000,
GPU,3,57.848,32685978491,0,0,0.000,0.000,0.000,0.000,
GPU,3,57.848,32685978491,0,0,0.000,0.000,0.000,0.000,
GPU,3,57.848,32685978491,0,0,0.000,0.000,0.000,0.000,
GPU,3,57.848,32685978491,0,0,0.000,0.000,0.000,0.000,
GPU,3,57.848,32685978491,0,0,0.000,0.000,0.000,0.000,
GPU,3,57.848,32685978491,0,0,0.000,0.000,0.000,0.000,
GPU,3,57.848,32685978491,0,0,0.000,0.000,0.000,0.000,
GPU,3,57.848,32685978491,0,0,0.000,0.000,0.000,0.000,
GPU,3,57.848,32685978491,0,0,0.000,0.000,0.000,0.000,
GPU,3,57.848,32685978491,0,0,0.000,0.000,0.000,0.000,
GPU,3,57.848,32685978491,0,0,0.000,0.000,0.000,0.000,
GPU,3,57.848,32685978491,0,0,0.000,0.000,0.000,0.000,
GPU,3,57.848,32685978491,0,0,0.000,0.000,0.000,0.000,
GPU,3,57.848,32685978491,0,0,0.000,0.000,0.000,0.000,
GPU,3,57.848,32685978491,0,0,0.000,0.000,0.000,0.000,
GPU,3,57.848,32685978491,0,0,0.000,0.000,0.000,0.000,
GPU,3,57.848,32685978491,0,0,0.000,0.000,0.000,0.000,
GPU,3,57.848,32685978491,0,0,0.000,0.000,0.000,0.000,
GPU,3,57.848,32685978491,0,0,0.000,0.000,0.000,0.000,
GPU,3,57.848,32685978491,0,0,0.000,0.000,0.000,0.000,
GPU,3,57.848,32685978491,0,0,0.000,0.000,0.000,0.000,
GPU,3,57.848,32685978491,0,0,0.000,0.000,0.000,0.000,
GPU,3,57.848,32685978491,0,0,0.000,0.000,0.000,0.000,
GPU,3,57.848,32685978491,0,0,0.000,0.000,0.000,0.000,
GPU,3,57.848,32685978491,0,0,0.000,0.000,0.000,0.000,
GPU,3,57.848,32685978491,0,0,0.000,0.000,0.000,0.000,
GPU,3,57.848,32685978491,0,0,0.000,0.000,0.000,0.000,
GPU,3,57.848,32685978491,0,0,0.000,0.000,0.000,0.000,
GPU,3,57.848,32685978491,0,0,0.000,0.000,0.000,0.000,
GPU,3,57.848,32685978491,0,0,0.000,0.000,0.000,0.000,
GPU,3,57.848,32685978491,0,0,0.000,0.000,0.000,0.000,
GPU,3,57.848,32685978491,0,0,0.000,0.000,0.000,0.000,
GPU,3,57.848,32685978491,0,0,0.000,0.000,0.000,0.000,
GPU,3,57.848,32685978491,0,0,0.000,0.000,0.000,0.000,
GPU,3,57.848,32685978491,0,0,0.000,0.000,0.000,0.000,
GPU,3,57.848,32685978491,0,0,0.000,0.000,0.000,0.000,
GPU,3,57.848,32685978491,0,0,0.000,0.000,0.000,0.000,
GPU,3,57.848,32685978491,0,0,0.000,0.000,0.000,0.000,
GPU,3,57.848,32685978491,0,0,0.000,0.000,0.000,0.000,
GPU,3,57.848,32685978491,0,0,0.000,0.000,0.000,0.000,
GPU,3,57.848,32685978491,0,0,0.000,0.000,0.000,0.000,
GPU,3,57.848,32685978491,0,0,0.000,0.000,0.000,0.000,
GPU,3,57.848,32685978491,0,0,0.000,0.000,0.000,0.000,
GPU,3,57.848,32685984405,0,0,0.000,0.000,0.000,0.000,
GPU,3,57.848,32685984405,0,0,0.000,0.000,0.000,0.000,
GPU,3,57.848,32685984405,0,0,0.000,0.000,0.000,0.000,
GPU,3,57.848,32685984405,0,0,0.000,0.000,0.000,0.000,
GPU,3,57.848,32685984405,0,0,0.000,0.000,0.000,0.000,
GPU,3,57.848,32685984405,0,0,0.000,0.000,0.000,0.000,
GPU,3,57.848,32685984405,0,0,0.000,0.000,0.000,0.000,
GPU,3,57.848,32685984405,0,0,0.000,0.000,0.000,0.000,
GPU,3,57.848,32685984405,0,0,0.000,0.000,0.000,0.000,
GPU,3,57.848,32685984405,0,0,0.000,0.000,0.000,0.000,
GPU,3,57.848,32685984405,0,0,0.000,0.000,0.000,0.000,
GPU,3,57.848,32685984405,0,0,0.000,0.000,0.000,0.000,
GPU,3,57.848,32685984405,0,0,0.000,0.000,0.000,0.000,
GPU,3,57.848,32685984405,0,0,0.000,0.000,0.000,0.000,
GPU,3,57.848,32685984405,0,0,0.000,0.000,0.000,0.000,
GPU,3,57.848,32685984405,0,0,0.000,0.000,0.000,0.000,
GPU,3,57.848,32685984405,0,0,0.000,0.000,0.000,0.000,
GPU,3,57.848,32685984405,0,0,0.000,0.000,0.000,0.000,
GPU,3,57.848,32685984405,0,0,0.000,0.000,0.000,0.000,
GPU,3,57.848,32685984405,0,0,0.000,0.000,0.000,0.000,
GPU,3,57.848,32685984405,0,0,0.000,0.000,0.000,0.000,
GPU,3,57.848,32685984405,0,0,0.000,0.000,0.000,0.000,
GPU,3,57.848,32685984405,0,0,0.000,0.000,0.000,0.000,
GPU,3,57.848,32685984405,0,0,0.000,0.000,0.000,0.000,
GPU,3,57.848,32685984405,0,0,0.000,0.000,0.000,0.000,
GPU,3,57.848,32685984405,0,0,0.000,0.000,0.000,0.000,
GPU,3,57.848,32685984405,0,0,0.000,0.000,0.000,0.000,
GPU,3,57.848,32685984405,0,0,0.000,0.000,0.000,0.000,
GPU,3,57.848,32685984405,0,0,0.000,0.000,0.000,0.000,
GPU,3,57.848,32685984405,0,0,0.000,0.000,0.000,0.000,
GPU,3,57.848,32685984405,0,0,0.000,0.000,0.000,0.000,
GPU,3,57.848,32685984405,0,0,0.000,0.000,0.000,0.000,
GPU,3,57.848,32685984405,0,0,0.000,0.000,0.000,0.000,
GPU,3,57.848,32685984405,0,0,0.000,0.000,0.000,0.000,
GPU,3,57.848,32685984405,0,0,0.000,0.000,0.000,0.000,
GPU,3,57.848,32685984405,0,0,0.000,0.000,0.000,0.000,
GPU,3,57.848,32685984405,0,0,0.000,0.000,0.000,0.000,
GPU,3,57.848,32685984405,0,0,0.000,0.000,0.000,0.000,
GPU,3,57.848,32685984405,0,0,0.000,0.000,0.000,0.000,
GPU,3,57.848,32685984405,0,0,0.000,0.000,0.000,0.000,
GPU,3,57.848,32685984405,0,0,0.000,0.000,0.000,0.000,
GPU,3,57.848,32685984405,0,0,0.000,0.000,0.000,0.000,
GPU,3,57.848,32685984405,0,0,0.000,0.000,0.000,0.000,
GPU,3,57.848,32685984405,0,0,0.000,0.000,0.000,0.000,
GPU,3,57.848,32685984405,0,0,0.000,0.000,0.000,0.000,
GPU,3,57.848,32685984405,0,0,0.000,0.000,0.000,0.000,
GPU,3,57.848,32685984405,0,0,0.000,0.000,0.000,0.000,
GPU,3,57.848,32685984405,0,0,0.000,0.000,0.000,0.000,
GPU,3,57.848,32685984405,0,0,0.000,0.000,0.000,0.000,
GPU,3,57.848,32685984405,0,0,0.000,0.000,0.000,0.000,
GPU,3,57.848,32685984405,0,0,0.000,0.000,0.000,0.000,
GPU,3,57.848,32685984405,0,0,0.000,0.000,0.000,0.000,
GPU,3,57.848,32685984405,0,0,0.000,0.000,0.000,0.000,
GPU,3,57.848,32685984405,0,0,0.000,0.000,0.000,0.000,
GPU,3,57.848,32685984405,0,0,0.000,0.000,0.000,0.000,
GPU,3,57.848,32685984405,0,0,0.000,0.000,0.000,0.000,
GPU,3,57.848,32685984405,0,0,0.000,0.000,0.000,0.000,
GPU,3,57.848,32685984405,0,0,0.000,0.000,0.000,0.000,
GPU,3,57.848,32685984405,0,0,0.000,0.000,0.000,0.000,
GPU,3,57.848,32685984405,0,0,0.000,0.000,0.000,0.000,
GPU,3,57.848,32685984405,0,0,0.000,0.000,0.000,0.000,
GPU,3,57.848,32685984405,0,0,0.000,0.000,0.000,0.000,
GPU,3,57.848,32685984405,0,0,0.000,0.000,0.000,0.000,
GPU,3,57.848,32685984405,0,0,0.000,0.000,0.000,0.000,
GPU,3,57.848,32685984405,0,0,0.000,0.000,0.000,0.000,
GPU,3,57.848,32685984405,0,0,0.000,0.000,0.000,0.000,
GPU,3,57.848,32685990146,0,0,0.000,0.000,0.000,0.000,
GPU,3,57.848,32685990146,0,0,0.000,0.000,0.000,0.000,
GPU,3,57.848,32685990146,0,0,0.000,0.000,0.000,0.000,
GPU,3,57.848,32685990146,0,0,0.000,0.000,0.000,0.000,
GPU,3,57.848,32685990146,0,0,0.000,0.000,0.000,0.000,
GPU,3,57.848,32685990146,0,0,0.000,0.000,0.000,0.000,
GPU,3,57.848,32685990146,0,0,0.000,0.000,0.000,0.000,
GPU,3,57.848,32685990146,0,0,0.000,0.000,0.000,0.000,
GPU,3,57.848,32685990146,0,0,0.000,0.000,0.000,0.000,
GPU,3,57.848,32685990146,0,0,0.000,0.000,0.000,0.000,
GPU,3,57.848,32685990146,0,0,0.000,0.000,0.000,0.000,
GPU,3,57.848,32685990146,0,0,0.000,0.000,0.000,0.000,
GPU,3,57.848,32685990146,0,0,0.000,0.000,0.000,0.000,
GPU,3,57.848,32685990146,0,0,0.000,0.000,0.000,0.000,
GPU,3,57.848,32685990146,0,0,0.000,0.000,0.000,0.000,
GPU,3,57.848,32685990146,0,0,0.000,0.000,0.000,0.000,
GPU,3,57.848,32685990146,0,0,0.000,0.000,0.000,0.000,
GPU,3,57.848,32685990146,0,0,0.000,0.000,0.000,0.000,
GPU,3,57.848,32685990146,0,0,0.000,0.000,0.000,0.000,
GPU,3,57.848,32685990146,0,0,0.000,0.000,0.000,0.000,
GPU,3,57.848,32685990146,0,0,0.000,0.000,0.000,0.000,
GPU,3,57.848,32685990146,0,0,0.000,0.000,0.000,0.000,
GPU,3,57.848,32685990146,0,0,0.000,0.000,0.000,0.000,
GPU,3,57.848,32685990146,0,0,0.000,0.000,0.000,0.000,
GPU,3,57.848,32685990146,0,0,0.000,0.000,0.000,0.000,
GPU,3,57.848,32685990146,0,0,0.000,0.000,0.000,0.000,
GPU,3,57.848,32685990146,0,0,0.000,0.000,0.000,0.000,
GPU,3,57.848,32685990146,0,0,0.000,0.000,0.000,0.000,
GPU,3,57.848,32685990146,0,0,0.000,0.000,0.000,0.000,
GPU,3,57.848,32685990146,0,0,0.000,0.000,0.000,0.000,
GPU,3,57.848,32685990146,0,0,0.000,0.000,0.000,0.000,
GPU,3,57.848,32685990146,0,0,0.000,0.000,0.000,0.000,
GPU,3,57.848,32685990146,0,0,0.000,0.000,0.000,0.000,
GPU,3,57.848,32685990146,0,0,0.000,0.000,0.000,0.000,
GPU,3,57.848,32685990146,0,0,0.000,0.000,0.000,0.000,
GPU,3,57.848,32685990146,0,0,0.000,0.000,0.000,0.000,
GPU,3,57.848,32685990146,0,0,0.000,0.000,0.000,0.000,
GPU,3,57.848,32685990146,0,0,0.000,0.000,0.000,0.000,
GPU,3,57.848,32685990146,0,0,0.000,0.000,0.000,0.000,
GPU,3,57.848,32685990146,0,0,0.000,0.000,0.000,0.000,
GPU,3,57.848,32685990146,0,0,0.000,0.000,0.000,0.000,
GPU,3,57.848,32685990146,0,0,0.000,0.000,0.000,0.000,
GPU,3,57.848,32685990146,0,0,0.000,0.000,0.000,0.000,
GPU,3,57.848,32685990146,0,0,0.000,0.000,0.000,0.000,
GPU,3,57.848,32685990146,0,0,0.000,0.000,0.000,0.000,
GPU,3,57.848,32685990146,0,0,0.000,0.000,0.000,0.000,
GPU,3,57.848,32685990146,0,0,0.000,0.000,0.000,0.000,
GPU,3,57.848,32685990146,0,0,0.000,0.000,0.000,0.000,
GPU,3,57.848,32685990146,0,0,0.000,0.000,0.000,0.000,
GPU,3,57.848,32685990146,0,0,0.000,0.000,0.000,0.000,
GPU,3,57.848,32685990146,0,0,0.000,0.000,0.000,0.000,
GPU,3,57.848,32685990146,0,0,0.000,0.000,0.000,0.000,
GPU,3,57.848,32685990146,0,0,0.000,0.000,0.000,0.000,
GPU,3,57.848,32685990146,0,0,0.000,0.000,0.000,0.000,
GPU,3,57.848,32685990146,0,0,0.000,0.000,0.000,0.000,
GPU,3,57.848,32685990146,0,0,0.000,0.000,0.000,0.000,
GPU,3,57.848,32685990146,0,0,0.000,0.000,0.000,0.000,
GPU,3,57.848,32685990146,0,0,0.000,0.000,0.000,0.000,
GPU,3,57.848,32685990146,0,0,0.000,0.000,0.000,0.000,
GPU,3,57.848,32685990146,0,0,0.000,0.000,0.000,0.000,
GPU,3,57.848,32685990146,0,0,0.000,0.000,0.000,0.000,
GPU,3,57.848,32685990146,0,0,0.000,0.000,0.000,0.000,
GPU,3,57.848,32685990146,0,0,0.000,0.000,0.000,0.000,
GPU,3,57.848,32685990146,0,0,0.000,0.000,0.000,0.000,
GPU,3,57.848,32685990146,0,0,0.000,0.000,0.000,0.000,
GPU,3,57.848,32685990146,0,0,0.000,0.000,0.000,0.000,
GPU,3,57.848,32685990146,0,0,0.000,0.000,0.000,0.000,
GPU,3,57.848,32685990146,0,0,0.000,0.000,0.000,0.000,
GPU,3,57.848,32685990146,0,0,0.000,0.000,0.000,0.000,
GPU,3,57.848,32685990146,0,0,0.000,0.000,0.000,0.000,
GPU,3,57.848,32685996065,0,0,0.000,0.000,0.000,0.000,
GPU,3,57.848,32685996065,0,0,0.000,0.000,0.000,0.000,
GPU,3,57.848,32685996065,0,0,0.000,0.000,0.000,0.000,
GPU,3,57.848,32685996065,0,0,0.000,0.000,0.000,0.000,
GPU,3,57.848,32685996065,0,0,0.000,0.000,0.000,0.000,
GPU,3,57.848,32685996065,0,0,0.000,0.000,0.000,0.000,
GPU,3,57.848,32685996065,0,0,0.000,0.000,0.000,0.000,
GPU,3,57.848,32685996065,0,0,0.000,0.000,0.000,0.000,
GPU,3,57.848,32685996065,0,0,0.000,0.000,0.000,0.000,
GPU,3,57.848,32685996065,0,0,0.000,0.000,0.000,0.000,
GPU,3,57.848,32685996065,0,0,0.000,0.000,0.000,0.000,
GPU,3,57.848,32685996065,0,0,0.000,0.000,0.000,0.000,
GPU,3,57.848,32685996065,0,0,0.000,0.000,0.000,0.000,
GPU,3,57.848,32685996065,0,0,0.000,0.000,0.000,0.000,
GPU,3,57.848,32685996065,0,0,0.000,0.000,0.000,0.000,
GPU,3,57.848,32685996065,0,0,0.000,0.000,0.000,0.000,
GPU,3,57.848,32685996065,0,0,0.000,0.000,0.000,0.000,
GPU,3,57.848,32685996065,0,0,0.000,0.000,0.000,0.000,
GPU,3,57.848,32685996065,0,0,0.000,0.000,0.000,0.000,
GPU,3,57.848,32685996065,0,0,0.000,0.000,0.000,0.000,
GPU,3,57.848,32685996065,0,0,0.000,0.000,0.000,0.000,
GPU,3,57.848,32685996065,0,0,0.000,0.000,0.000,0.000,
GPU,3,57.848,32685996065,0,0,0.000,0.000,0.000,0.000,
GPU,3,57.848,32685996065,0,0,0.000,0.000,0.000,0.000,
GPU,3,57.848,32685996065,0,0,0.000,0.000,0.000,0.000,
GPU,3,57.848,32685996065,0,0,0.000,0.000,0.000,0.000,
GPU,3,57.848,32685996065,0,0,0.000,0.000,0.000,0.000,
GPU,3,57.848,32685996065,0,0,0.000,0.000,0.000,0.000,
GPU,3,57.848,32685996065,0,0,0.000,0.000,0.000,0.000,
GPU,3,57.848,32685996065,0,0,0.000,0.000,0.000,0.000,
GPU,3,57.848,32685996065,0,0,0.000,0.000,0.000,0.000,
GPU,3,57.848,32685996065,0,0,0.000,0.000,0.000,0.000,
GPU,3,57.848,32685996065,0,0,0.000,0.000,0.000,0.000,
GPU,3,57.848,32685996065,0,0,0.000,0.000,0.000,0.000,
GPU,3,57.848,32685996065,0,0,0.000,0.000,0.000,0.000,
GPU,3,57.848,32685996065,0,0,0.000,0.000,0.000,0.000,
GPU,3,57.848,32685996065,0,0,0.000,0.000,0.000,0.000,
GPU,3,57.848,32685996065,0,0,0.000,0.000,0.000,0.000,
GPU,3,57.848,32685996065,0,0,0.000,0.000,0.000,0.000,
GPU,3,57.848,32685996065,0,0,0.000,0.000,0.000,0.000,
GPU,3,57.848,32685996065,0,0,0.000,0.000,0.000,0.000,
GPU,3,57.848,32685996065,0,0,0.000,0.000,0.000,0.000,
GPU,3,57.848,32685996065,0,0,0.000,0.000,0.000,0.000,
GPU,3,57.848,32685996065,0,0,0.000,0.000,0.000,0.000,
GPU,3,57.848,32685996065,0,0,0.000,0.000,0.000,0.000,
GPU,3,57.848,32685996065,0,0,0.000,0.000,0.000,0.000,
GPU,3,57.848,32685996065,0,0,0.000,0.000,0.000,0.000,
GPU,3,57.848,32685996065,0,0,0.000,0.000,0.000,0.000,
GPU,3,57.848,32685996065,0,0,0.000,0.000,0.000,0.000,
GPU,3,57.848,32685996065,0,0,0.000,0.000,0.000,0.000,
GPU,3,57.848,32685996065,0,0,0.000,0.000,0.000,0.000,
GPU,3,57.848,32685996065,0,0,0.000,0.000,0.000,0.000,
GPU,3,57.848,32685996065,0,0,0.000,0.000,0.000,0.000,
GPU,3,57.848,32685996065,0,0,0.000,0.000,0.000,0.000,
GPU,3,57.848,32685996065,0,0,0.000,0.000,0.000,0.000,
GPU,3,57.848,32685996065,0,0,0.000,0.000,0.000,0.000,
GPU,3,57.848,32685996065,0,0,0.000,0.000,0.000,0.000,
GPU,3,57.848,32685996065,0,0,0.000,0.000,0.000,0.000,
GPU,3,57.848,32685996065,0,0,0.000,0.000,0.000,0.000,
GPU,3,57.848,32685996065,0,0,0.000,0.000,0.000,0.000,
GPU,3,57.848,32685996065,0,0,0.000,0.000,0.000,0.000,
GPU,3,57.914,32685996065,0,0,0.000,0.000,0.000,0.000,
GPU,3,57.914,32685996065,0,0,0.000,0.000,0.000,0.000,
GPU,3,57.914,32685996065,0,0,0.000,0.000,0.000,0.000,
GPU,3,57.914,32685996065,0,0,0.000,0.000,0.000,0.000,
GPU,3,57.914,32685996065,0,0,0.000,0.000,0.000,0.000,
GPU,3,57.914,32686001820,0,0,0.000,0.000,0.000,0.000,
GPU,3,57.914,32686001820,0,0,0.000,0.000,0.000,0.000,
GPU,3,57.914,32686001820,0,0,0.000,0.000,0.000,0.000,
GPU,3,57.914,32686001820,0,0,0.000,0.000,0.000,0.000,
GPU,3,57.914,32686001820,0,0,0.000,0.000,0.000,0.000,
GPU,3,57.914,32686001820,0,0,0.000,0.000,0.000,0.000,
GPU,3,57.914,32686001820,0,0,0.000,0.000,0.000,0.000,
GPU,3,57.914,32686001820,0,0,0.000,0.000,0.000,0.000,
GPU,3,57.914,32686001820,0,0,0.000,0.000,0.000,0.000,
GPU,3,57.914,32686001820,0,0,0.000,0.000,0.000,0.000,
GPU,3,57.914,32686001820,0,0,0.000,0.000,0.000,0.000,
GPU,3,57.914,32686001820,0,0,0.000,0.000,0.000,0.000,
GPU,3,57.914,32686001820,0,0,0.000,0.000,0.000,0.000,
GPU,3,57.914,32686001820,0,0,0.000,0.000,0.000,0.000,
GPU,3,57.914,32686001820,0,0,0.000,0.000,0.000,0.000,
GPU,3,57.914,32686001820,0,0,0.000,0.000,0.000,0.000,
GPU,3,57.914,32686001820,0,0,0.000,0.000,0.000,0.000,
GPU,3,57.914,32686001820,0,0,0.000,0.000,0.000,0.000,
GPU,3,57.914,32686001820,0,0,0.000,0.000,0.000,0.000,
GPU,3,57.914,32686001820,0,0,0.000,0.000,0.000,0.000,
GPU,3,57.914,32686001820,0,0,0.000,0.000,0.000,0.000,
GPU,3,57.914,32686001820,0,0,0.000,0.000,0.000,0.000,
GPU,3,57.914,32686001820,0,0,0.000,0.000,0.000,0.000,
GPU,3,57.914,32686001820,0,0,0.000,0.000,0.000,0.000,
GPU,3,57.914,32686001820,0,0,0.000,0.000,0.000,0.000,
GPU,3,57.914,32686001820,0,0,0.000,0.000,0.000,0.000,
GPU,3,57.914,32686001820,0,0,0.000,0.000,0.000,0.000,
GPU,3,57.914,32686001820,0,0,0.000,0.000,0.000,0.000,
GPU,3,57.914,32686001820,0,0,0.000,0.000,0.000,0.000,
GPU,3,57.914,32686001820,0,0,0.000,0.000,0.000,0.000,
GPU,3,57.914,32686001820,0,0,0.000,0.000,0.000,0.000,
GPU,3,57.914,32686001820,0,0,0.000,0.000,0.000,0.000,
GPU,3,57.914,32686001820,0,0,0.000,0.000,0.000,0.000,
GPU,3,57.914,32686001820,0,0,0.000,0.000,0.000,0.000,
GPU,3,57.914,32686001820,0,0,0.000,0.000,0.000,0.000,
GPU,3,57.914,32686001820,0,0,0.000,0.000,0.000,0.000,
GPU,3,57.914,32686001820,0,0,0.000,0.000,0.000,0.000,
GPU,3,57.914,32686001820,0,0,0.000,0.000,0.000,0.000,
GPU,3,57.914,32686001820,0,0,0.000,0.000,0.000,0.000,
GPU,3,57.914,32686001820,0,0,0.000,0.000,0.000,0.000,
GPU,3,57.914,32686001820,0,0,0.000,0.000,0.000,0.000,
GPU,3,57.914,32686001820,0,0,0.000,0.000,0.000,0.000,
GPU,3,57.914,32686001820,0,0,0.000,0.000,0.000,0.000,
GPU,3,57.914,32686001820,0,0,0.000,0.000,0.000,0.000,
GPU,3,57.914,32686001820,0,0,0.000,0.000,0.000,0.000,
GPU,3,57.914,32686001820,0,0,0.000,0.000,0.000,0.000,
GPU,3,57.914,32686001820,0,0,0.000,0.000,0.000,0.000,
GPU,3,57.914,32686001820,0,0,0.000,0.000,0.000,0.000,
GPU,3,57.914,32686001820,0,0,0.000,0.000,0.000,0.000,
GPU,3,57.914,32686001820,0,0,0.000,0.000,0.000,0.000,
GPU,3,57.914,32686001820,0,0,0.000,0.000,0.000,0.000,
GPU,3,57.914,32686001820,0,0,0.000,0.000,0.000,0.000,
GPU,3,57.914,32686001820,0,0,0.000,0.000,0.000,0.000,
GPU,3,57.914,32686001820,0,0,0.000,0.000,0.000,0.000,
GPU,3,57.914,32686001820,0,0,0.000,0.000,0.000,0.000,
GPU,3,57.914,32686001820,0,0,0.000,0.000,0.000,0.000,
GPU,3,57.914,32686001820,0,0,0.000,0.000,0.000,0.000,
GPU,3,57.914,32686001820,0,0,0.000,0.000,0.000,0.000,
GPU,3,57.914,32686001820,0,0,0.000,0.000,0.000,0.000,
GPU,3,57.914,32686001820,0,0,0.000,0.000,0.000,0.000,
GPU,3,57.914,32686001820,0,0,0.000,0.000,0.000,0.000,
GPU,3,57.914,32686001820,0,0,0.000,0.000,0.000,0.000,
GPU,3,57.914,32686001820,0,0,0.000,0.000,0.000,0.000,
GPU,3,57.914,32686001820,0,0,0.000,0.000,0.000,0.000,
GPU,3,57.914,32686001820,0,0,0.000,0.000,0.000,0.000,
GPU,3,57.914,32686001820,0,0,0.000,0.000,0.000,0.000,
GPU,3,57.914,32686001820,0,0,0.000,0.000,0.000,0.000,
GPU,3,57.848,32686001820,0,0,0.000,0.000,0.000,0.000,
GPU,3,57.848,32686007637,0,0,0.000,0.000,0.000,0.000,
GPU,3,57.848,32686007637,0,0,0.000,0.000,0.000,0.000,
GPU,3,57.848,32686007637,0,0,0.000,0.000,0.000,0.000,
GPU,3,57.848,32686007637,0,0,0.000,0.000,0.000,0.000,
GPU,3,57.848,32686007637,0,0,0.000,0.000,0.000,0.000,
GPU,3,57.848,32686007637,0,0,0.000,0.000,0.000,0.000,
GPU,3,57.848,32686007637,0,0,0.000,0.000,0.000,0.000,
GPU,3,57.848,32686007637,0,0,0.000,0.000,0.000,0.000,
GPU,3,57.848,32686007637,0,0,0.000,0.000,0.000,0.000,
GPU,3,57.848,32686007637,0,0,0.000,0.000,0.000,0.000,
GPU,3,57.848,32686007637,0,0,0.000,0.000,0.000,0.000,
GPU,3,57.848,32686007637,0,0,0.000,0.000,0.000,0.000,
GPU,3,57.848,32686007637,0,0,0.000,0.000,0.000,0.000,
GPU,3,57.848,32686007637,0,0,0.000,0.000,0.000,0.000,
GPU,3,57.848,32686007637,0,0,0.000,0.000,0.000,0.000,
GPU,3,57.848,32686007637,0,0,0.000,0.000,0.000,0.000,
GPU,3,57.848,32686007637,0,0,0.000,0.000,0.000,0.000,
GPU,3,57.848,32686007637,0,0,0.000,0.000,0.000,0.000,
GPU,3,57.848,32686007637,0,0,0.000,0.000,0.000,0.000,
GPU,3,57.848,32686007637,0,0,0.000,0.000,0.000,0.000,
GPU,3,57.848,32686007637,0,0,0.000,0.000,0.000,0.000,
GPU,3,57.848,32686007637,0,0,0.000,0.000,0.000,0.000,
GPU,3,57.848,32686007637,0,0,0.000,0.000,0.000,0.000,
GPU,3,57.848,32686007637,0,0,0.000,0.000,0.000,0.000,
GPU,3,57.848,32686007637,0,0,0.000,0.000,0.000,0.000,
GPU,3,57.848,32686007637,0,0,0.000,0.000,0.000,0.000,
GPU,3,57.848,32686007637,0,0,0.000,0.000,0.000,0.000,
GPU,3,57.848,32686007637,0,0,0.000,0.000,0.000,0.000,
GPU,3,57.848,32686007637,0,0,0.000,0.000,0.000,0.000,
GPU,3,57.848,32686007637,0,0,0.000,0.000,0.000,0.000,
GPU,3,57.848,32686007637,0,0,0.000,0.000,0.000,0.000,
GPU,3,57.848,32686007637,0,0,0.000,0.000,0.000,0.000,
GPU,3,57.848,32686007637,0,0,0.000,0.000,0.000,0.000,
GPU,3,57.848,32686007637,0,0,0.000,0.000,0.000,0.000,
GPU,3,57.848,32686007637,0,0,0.000,0.000,0.000,0.000,
GPU,3,57.848,32686007637,0,0,0.000,0.000,0.000,0.000,
GPU,3,57.848,32686007637,0,0,0.000,0.000,0.000,0.000,
GPU,3,57.848,32686007637,0,0,0.000,0.000,0.000,0.000,
GPU,3,57.848,32686007637,0,0,0.000,0.000,0.000,0.000,
GPU,3,57.848,32686007637,0,0,0.000,0.000,0.000,0.000,
GPU,3,57.848,32686007637,0,0,0.000,0.000,0.000,0.000,
GPU,3,57.848,32686007637,0,0,0.000,0.000,0.000,0.000,
GPU,3,57.848,32686007637,0,0,0.000,0.000,0.000,0.000,
GPU,3,57.848,32686007637,0,0,0.000,0.000,0.000,0.000,
GPU,3,57.848,32686007637,0,0,0.000,0.000,0.000,0.000,
GPU,3,57.848,32686007637,0,0,0.000,0.000,0.000,0.000,
GPU,3,57.848,32686007637,0,0,0.000,0.000,0.000,0.000,
GPU,3,57.848,32686007637,0,0,0.000,0.000,0.000,0.000,
GPU,3,57.848,32686007637,0,0,0.000,0.000,0.000,0.000,
GPU,3,57.848,32686007637,0,0,0.000,0.000,0.000,0.000,
GPU,3,57.848,32686007637,0,0,0.000,0.000,0.000,0.000,
GPU,3,57.848,32686007637,0,0,0.000,0.000,0.000,0.000,
GPU,3,57.848,32686007637,0,0,0.000,0.000,0.000,0.000,
GPU,3,57.848,32686007637,0,0,0.000,0.000,0.000,0.000,
GPU,3,57.848,32686007637,0,0,0.000,0.000,0.000,0.000,
GPU,3,57.848,32686007637,0,0,0.000,0.000,0.000,0.000,
GPU,3,57.848,32686007637,0,0,0.000,0.000,0.000,0.000,
GPU,3,57.848,32686007637,0,0,0.000,0.000,0.000,0.000,
GPU,3,57.848,32686007637,0,0,0.000,0.000,0.000,0.000,
GPU,3,57.848,32686007637,0,0,0.000,0.000,0.000,0.000,
GPU,3,57.848,32686007637,0,0,0.000,0.000,0.000,0.000,
GPU,3,57.848,32686007637,0,0,0.000,0.000,0.000,0.000,
GPU,3,57.848,32686007637,0,0,0.000,0.000,0.000,0.000,
GPU,3,57.848,32686007637,0,0,0.000,0.000,0.000,0.000,
GPU,3,57.848,32686007637,0,0,0.000,0.000,0.000,0.000,
GPU,3,57.848,32686007637,0,0,0.000,0.000,0.000,0.000,
GPU,3,57.848,32686007637,0,0,0.000,0.000,0.000,0.000,
GPU,3,57.848,32686007637,0,0,0.000,0.000,0.000,0.000,
GPU,3,57.848,32686013489,0,0,0.000,0.000,0.000,0.000,
GPU,3,57.848,32686013489,0,0,0.000,0.000,0.000,0.000,
GPU,3,57.848,32686013489,0,0,0.000,0.000,0.000,0.000,
GPU,3,57.848,32686013489,0,0,0.000,0.000,0.000,0.000,
GPU,3,57.848,32686013489,0,0,0.000,0.000,0.000,0.000,
GPU,3,57.848,32686013489,0,0,0.000,0.000,0.000,0.000,
GPU,3,57.848,32686013489,0,0,0.000,0.000,0.000,0.000,
GPU,3,57.848,32686013489,0,0,0.000,0.000,0.000,0.000,
GPU,3,57.848,32686013489,0,0,0.000,0.000,0.000,0.000,
GPU,3,57.848,32686013489,0,0,0.000,0.000,0.000,0.000,
GPU,3,57.848,32686013489,0,0,0.000,0.000,0.000,0.000,
GPU,3,57.848,32686013489,0,0,0.000,0.000,0.000,0.000,
GPU,3,57.848,32686013489,0,0,0.000,0.000,0.000,0.000,
GPU,3,57.848,32686013489,0,0,0.000,0.000,0.000,0.000,
GPU,3,57.848,32686013489,0,0,0.000,0.000,0.000,0.000,
GPU,3,57.848,32686013489,0,0,0.000,0.000,0.000,0.000,
GPU,3,57.848,32686013489,0,0,0.000,0.000,0.000,0.000,
GPU,3,57.848,32686013489,0,0,0.000,0.000,0.000,0.000,
GPU,3,57.848,32686013489,0,0,0.000,0.000,0.000,0.000,
GPU,3,57.848,32686013489,0,0,0.000,0.000,0.000,0.000,
GPU,3,57.848,32686013489,0,0,0.000,0.000,0.000,0.000,
GPU,3,57.848,32686013489,0,0,0.000,0.000,0.000,0.000,
GPU,3,57.848,32686013489,0,0,0.000,0.000,0.000,0.000,
GPU,3,57.848,32686013489,0,0,0.000,0.000,0.000,0.000,
GPU,3,57.848,32686013489,0,0,0.000,0.000,0.000,0.000,
GPU,3,57.848,32686013489,0,0,0.000,0.000,0.000,0.000,
GPU,3,57.848,32686013489,0,0,0.000,0.000,0.000,0.000,
GPU,3,57.848,32686013489,0,0,0.000,0.000,0.000,0.000,
GPU,3,57.848,32686013489,0,0,0.000,0.000,0.000,0.000,
GPU,3,57.848,32686013489,0,0,0.000,0.000,0.000,0.000,
GPU,3,57.848,32686013489,0,0,0.000,0.000,0.000,0.000,
GPU,3,57.848,32686013489,0,0,0.000,0.000,0.000,0.000,
GPU,3,57.848,32686013489,0,0,0.000,0.000,0.000,0.000,
GPU,3,57.848,32686013489,0,0,0.000,0.000,0.000,0.000,
GPU,3,57.848,32686013489,0,0,0.000,0.000,0.000,0.000,
GPU,3,57.848,32686013489,0,0,0.000,0.000,0.000,0.000,
GPU,3,57.848,32686013489,0,0,0.000,0.000,0.000,0.000,
GPU,3,57.848,32686013489,0,0,0.000,0.000,0.000,0.000,
GPU,3,57.848,32686013489,0,0,0.000,0.000,0.000,0.000,
GPU,3,57.848,32686013489,0,0,0.000,0.000,0.000,0.000,
GPU,3,57.848,32686013489,0,0,0.000,0.000,0.000,0.000,
GPU,3,57.848,32686013489,0,0,0.000,0.000,0.000,0.000,
GPU,3,57.848,32686013489,0,0,0.000,0.000,0.000,0.000,
GPU,3,57.848,32686013489,0,0,0.000,0.000,0.000,0.000,
GPU,3,57.848,32686013489,0,0,0.000,0.000,0.000,0.000,
GPU,3,57.848,32686013489,0,0,0.000,0.000,0.000,0.000,
GPU,3,57.848,32686013489,0,0,0.000,0.000,0.000,0.000,
GPU,3,57.848,32686013489,0,0,0.000,0.000,0.000,0.000,
GPU,3,57.848,32686013489,0,0,0.000,0.000,0.000,0.000,
GPU,3,57.848,32686013489,0,0,0.000,0.000,0.000,0.000,
GPU,3,57.848,32686013489,0,0,0.000,0.000,0.000,0.000,
GPU,3,57.848,32686013489,0,0,0.000,0.000,0.000,0.000,
GPU,3,57.848,32686013489,0,0,0.000,0.000,0.000,0.000,
GPU,3,57.848,32686013489,0,0,0.000,0.000,0.000,0.000,
GPU,3,57.848,32686013489,0,0,0.000,0.000,0.000,0.000,
GPU,3,57.848,32686013489,0,0,0.000,0.000,0.000,0.000,
GPU,3,57.848,32686013489,0,0,0.000,0.000,0.000,0.000,
GPU,3,57.848,32686013489,0,0,0.000,0.000,0.000,0.000,
GPU,3,57.848,32686013489,0,0,0.000,0.000,0.000,0.000,
GPU,3,57.848,32686013489,0,0,0.000,0.000,0.000,0.000,
GPU,3,57.848,32686013489,0,0,0.000,0.000,0.000,0.000,
GPU,3,57.848,32686013489,0,0,0.000,0.000,0.000,0.000,
GPU,3,57.848,32686013489,0,0,0.000,0.000,0.000,0.000,
GPU,3,57.848,32686013489,0,0,0.000,0.000,0.000,0.000,
GPU,3,57.848,32686013489,0,0,0.000,0.000,0.000,0.000,
GPU,3,57.848,32686013489,0,0,0.000,0.000,0.000,0.000,
GPU,3,57.848,32686013489,0,0,0.000,0.000,0.000,0.000,
GPU,3,57.848,32686019286,0,0,0.000,0.000,0.000,0.000,
GPU,3,57.848,32686019286,0,0,0.000,0.000,0.000,0.000,
GPU,3,57.848,32686019286,0,0,0.000,0.000,0.000,0.000,
GPU,3,57.848,32686019286,0,0,0.000,0.000,0.000,0.000,
GPU,3,57.848,32686019286,0,0,0.000,0.000,0.000,0.000,
GPU,3,57.848,32686019286,0,0,0.000,0.000,0.000,0.000,
GPU,3,57.848,32686019286,0,0,0.000,0.000,0.000,0.000,
GPU,3,57.848,32686019286,0,0,0.000,0.000,0.000,0.000,
GPU,3,57.848,32686019286,0,0,0.000,0.000,0.000,0.000,
GPU,3,57.848,32686019286,0,0,0.000,0.000,0.000,0.000,
GPU,3,57.848,32686019286,0,0,0.000,0.000,0.000,0.000,
GPU,3,57.848,32686019286,0,0,0.000,0.000,0.000,0.000,
GPU,3,57.848,32686019286,0,0,0.000,0.000,0.000,0.000,
GPU,3,57.848,32686019286,0,0,0.000,0.000,0.000,0.000,
GPU,3,57.848,32686019286,0,0,0.000,0.000,0.000,0.000,
GPU,3,57.848,32686019286,0,0,0.000,0.000,0.000,0.000,
GPU,3,57.848,32686019286,0,0,0.000,0.000,0.000,0.000,
GPU,3,57.848,32686019286,0,0,0.000,0.000,0.000,0.000,
GPU,3,57.848,32686019286,0,0,0.000,0.000,0.000,0.000,
GPU,3,57.848,32686019286,0,0,0.000,0.000,0.000,0.000,
GPU,3,57.848,32686019286,0,0,0.000,0.000,0.000,0.000,
GPU,3,57.848,32686019286,0,0,0.000,0.000,0.000,0.000,
GPU,3,57.848,32686019286,0,0,0.000,0.000,0.000,0.000,
GPU,3,57.848,32686019286,0,0,0.000,0.000,0.000,0.000,
GPU,3,57.848,32686019286,0,0,0.000,0.000,0.000,0.000,
GPU,3,57.848,32686019286,0,0,0.000,0.000,0.000,0.000,
GPU,3,57.848,32686019286,0,0,0.000,0.000,0.000,0.000,
GPU,3,57.848,32686019286,0,0,0.000,0.000,0.000,0.000,
GPU,3,57.848,32686019286,0,0,0.000,0.000,0.000,0.000,
GPU,3,57.848,32686019286,0,0,0.000,0.000,0.000,0.000,
GPU,3,57.848,32686019286,0,0,0.000,0.000,0.000,0.000,
GPU,3,57.848,32686019286,0,0,0.000,0.000,0.000,0.000,
GPU,3,57.848,32686019286,0,0,0.000,0.000,0.000,0.000,
GPU,3,57.848,32686019286,0,0,0.000,0.000,0.000,0.000,
GPU,3,57.848,32686019286,0,0,0.000,0.000,0.000,0.000,
GPU,3,57.848,32686019286,0,0,0.000,0.000,0.000,0.000,
GPU,3,57.848,32686019286,0,0,0.000,0.000,0.000,0.000,
GPU,3,57.848,32686019286,0,0,0.000,0.000,0.000,0.000,
GPU,3,57.848,32686019286,0,0,0.000,0.000,0.000,0.000,
GPU,3,57.848,32686019286,0,0,0.000,0.000,0.000,0.000,
GPU,3,57.848,32686019286,0,0,0.000,0.000,0.000,0.000,
GPU,3,57.848,32686019286,0,0,0.000,0.000,0.000,0.000,
GPU,3,57.848,32686019286,0,0,0.000,0.000,0.000,0.000,
GPU,3,57.848,32686019286,0,0,0.000,0.000,0.000,0.000,
GPU,3,57.848,32686019286,0,0,0.000,0.000,0.000,0.000,
GPU,3,57.848,32686019286,0,0,0.000,0.000,0.000,0.000,
GPU,3,57.848,32686019286,0,0,0.000,0.000,0.000,0.000,
GPU,3,57.848,32686019286,0,0,0.000,0.000,0.000,0.000,
GPU,3,57.848,32686019286,0,0,0.000,0.000,0.000,0.000,
GPU,3,57.848,32686019286,0,0,0.000,0.000,0.000,0.000,
GPU,3,57.848,32686019286,0,0,0.000,0.000,0.000,0.000,
GPU,3,57.848,32686019286,0,0,0.000,0.000,0.000,0.000,
GPU,3,57.848,32686019286,0,0,0.000,0.000,0.000,0.000,
GPU,3,57.848,32686019286,0,0,0.000,0.000,0.000,0.000,
GPU,3,57.848,32686019286,0,0,0.000,0.000,0.000,0.000,
GPU,3,57.848,32686019286,0,0,0.000,0.000,0.000,0.000,
GPU,3,57.848,32686019286,0,0,0.000,0.000,0.000,0.000,
GPU,3,57.848,32686019286,0,0,0.000,0.000,0.000,0.000,
GPU,3,57.848,32686019286,0,0,0.000,0.000,0.000,0.000,
GPU,3,57.848,32686019286,0,0,0.000,0.000,0.000,0.000,
GPU,3,57.848,32686019286,0,0,0.000,0.000,0.000,0.000,
GPU,3,57.848,32686019286,0,0,0.000,0.000,0.000,0.000,
GPU,3,57.848,32686019286,0,0,0.000,0.000,0.000,0.000,
GPU,3,57.848,32686019286,0,0,0.000,0.000,0.000,0.000,
GPU,3,57.848,32686019286,0,0,0.000,0.000,0.000,0.000,
GPU,3,57.848,32686019286,0,0,0.000,0.000,0.000,0.000,
GPU,3,57.848,32686019286,0,0,0.000,0.000,0.000,0.000,
GPU,3,57.848,32686019286,0,0,0.000,0.000,0.000,0.000,
GPU,3,57.848,32686019286,0,0,0.000,0.000,0.000,0.000,
GPU,3,57.848,32686025137,0,0,0.000,0.000,0.000,0.000,
GPU,3,57.848,32686025137,0,0,0.000,0.000,0.000,0.000,
GPU,3,57.848,32686025137,0,0,0.000,0.000,0.000,0.000,
GPU,3,57.848,32686025137,0,0,0.000,0.000,0.000,0.000,
GPU,3,57.848,32686025137,0,0,0.000,0.000,0.000,0.000,
GPU,3,57.848,32686025137,0,0,0.000,0.000,0.000,0.000,
GPU,3,57.848,32686025137,0,0,0.000,0.000,0.000,0.000,
GPU,3,57.848,32686025137,0,0,0.000,0.000,0.000,0.000,
GPU,3,57.848,32686025137,0,0,0.000,0.000,0.000,0.000,
GPU,3,57.848,32686025137,0,0,0.000,0.000,0.000,0.000,
GPU,3,57.848,32686025137,0,0,0.000,0.000,0.000,0.000,
GPU,3,57.848,32686025137,0,0,0.000,0.000,0.000,0.000,
GPU,3,57.848,32686025137,0,0,0.000,0.000,0.000,0.000,
GPU,3,57.848,32686025137,0,0,0.000,0.000,0.000,0.000,
GPU,3,57.848,32686025137,0,0,0.000,0.000,0.000,0.000,
GPU,3,57.848,32686025137,0,0,0.000,0.000,0.000,0.000,
GPU,3,57.848,32686025137,0,0,0.000,0.000,0.000,0.000,
GPU,3,57.848,32686025137,0,0,0.000,0.000,0.000,0.000,
GPU,3,57.848,32686025137,0,0,0.000,0.000,0.000,0.000,
GPU,3,57.848,32686025137,0,0,0.000,0.000,0.000,0.000,
GPU,3,57.848,32686025137,0,0,0.000,0.000,0.000,0.000,
GPU,3,57.848,32686025137,0,0,0.000,0.000,0.000,0.000,
GPU,3,57.848,32686025137,0,0,0.000,0.000,0.000,0.000,
GPU,3,57.848,32686025137,0,0,0.000,0.000,0.000,0.000,
GPU,3,57.848,32686025137,0,0,0.000,0.000,0.000,0.000,
GPU,3,57.848,32686025137,0,0,0.000,0.000,0.000,0.000,
GPU,3,57.848,32686025137,0,0,0.000,0.000,0.000,0.000,
GPU,3,57.848,32686025137,0,0,0.000,0.000,0.000,0.000,
GPU,3,57.848,32686025137,0,0,0.000,0.000,0.000,0.000,
GPU,3,57.848,32686025137,0,0,0.000,0.000,0.000,0.000,
GPU,3,57.848,32686025137,0,0,0.000,0.000,0.000,0.000,
GPU,3,57.848,32686025137,0,0,0.000,0.000,0.000,0.000,
GPU,3,57.848,32686025137,0,0,0.000,0.000,0.000,0.000,
GPU,3,57.848,32686025137,0,0,0.000,0.000,0.000,0.000,
GPU,3,57.848,32686025137,0,0,0.000,0.000,0.000,0.000,
GPU,3,57.848,32686025137,0,0,0.000,0.000,0.000,0.000,
GPU,3,57.848,32686025137,0,0,0.000,0.000,0.000,0.000,
GPU,3,57.848,32686025137,0,0,0.000,0.000,0.000,0.000,
GPU,3,57.848,32686025137,0,0,0.000,0.000,0.000,0.000,
GPU,3,57.848,32686025137,0,0,0.000,0.000,0.000,0.000,
GPU,3,57.848,32686025137,0,0,0.000,0.000,0.000,0.000,
GPU,3,57.848,32686025137,0,0,0.000,0.000,0.000,0.000,
GPU,3,57.848,32686025137,0,0,0.000,0.000,0.000,0.000,
GPU,3,57.848,32686025137,0,0,0.000,0.000,0.000,0.000,
GPU,3,57.848,32686025137,0,0,0.000,0.000,0.000,0.000,
GPU,3,57.848,32686025137,0,0,0.000,0.000,0.000,0.000,
GPU,3,57.848,32686025137,0,0,0.000,0.000,0.000,0.000,
GPU,3,57.848,32686025137,0,0,0.000,0.000,0.000,0.000,
GPU,3,57.848,32686025137,0,0,0.000,0.000,0.000,0.000,
GPU,3,57.848,32686025137,0,0,0.000,0.000,0.000,0.000,
GPU,3,57.848,32686025137,0,0,0.000,0.000,0.000,0.000,
GPU,3,57.848,32686025137,0,0,0.000,0.000,0.000,0.000,
GPU,3,57.848,32686025137,0,0,0.000,0.000,0.000,0.000,
GPU,3,57.848,32686025137,0,0,0.000,0.000,0.000,0.000,
GPU,3,57.848,32686025137,0,0,0.000,0.000,0.000,0.000,
GPU,3,57.848,32686025137,0,0,0.000,0.000,0.000,0.000,
GPU,3,57.848,32686025137,0,0,0.000,0.000,0.000,0.000,
GPU,3,57.848,32686025137,0,0,0.000,0.000,0.000,0.000,
GPU,3,57.848,32686025137,0,0,0.000,0.000,0.000,0.000,
GPU,3,57.848,32686025137,0,0,0.000,0.000,0.000,0.000,
GPU,3,57.848,32686025137,0,0,0.000,0.000,0.000,0.000,
GPU,3,57.848,32686025137,0,0,0.000,0.000,0.000,0.000,
GPU,3,57.848,32686025137,0,0,0.000,0.000,0.000,0.000,
GPU,3,57.848,32686025137,0,0,0.000,0.000,0.000,0.000,
GPU,3,57.848,32686025137,0,0,0.000,0.000,0.000,0.000,
GPU,3,57.848,32686025137,0,0,0.000,0.000,0.000,0.000,
GPU,3,57.848,32686025137,0,0,0.000,0.000,0.000,0.000,
GPU,3,57.848,32686030953,0,0,0.000,0.000,0.000,0.000,
GPU,3,57.848,32686030953,0,0,0.000,0.000,0.000,0.000,
GPU,3,57.848,32686030953,0,0,0.000,0.000,0.000,0.000,
GPU,3,57.848,32686030953,0,0,0.000,0.000,0.000,0.000,
GPU,3,57.848,32686030953,0,0,0.000,0.000,0.000,0.000,
GPU,3,57.848,32686030953,0,0,0.000,0.000,0.000,0.000,
GPU,3,57.848,32686030953,0,0,0.000,0.000,0.000,0.000,
GPU,3,57.848,32686030953,0,0,0.000,0.000,0.000,0.000,
GPU,3,57.848,32686030953,0,0,0.000,0.000,0.000,0.000,
GPU,3,57.848,32686030953,0,0,0.000,0.000,0.000,0.000,
GPU,3,57.848,32686030953,0,0,0.000,0.000,0.000,0.000,
GPU,3,57.848,32686030953,0,0,0.000,0.000,0.000,0.000,
GPU,3,57.848,32686030953,0,0,0.000,0.000,0.000,0.000,
GPU,3,57.848,32686030953,0,0,0.000,0.000,0.000,0.000,
GPU,3,57.848,32686030953,0,0,0.000,0.000,0.000,0.000,
GPU,3,57.848,32686030953,0,0,0.000,0.000,0.000,0.000,
GPU,3,57.848,32686030953,0,0,0.000,0.000,0.000,0.000,
GPU,3,57.848,32686030953,0,0,0.000,0.000,0.000,0.000,
GPU,3,57.848,32686030953,0,0,0.000,0.000,0.000,0.000,
GPU,3,57.848,32686030953,0,0,0.000,0.000,0.000,0.000,
GPU,3,57.848,32686030953,0,0,0.000,0.000,0.000,0.000,
GPU,3,57.848,32686030953,0,0,0.000,0.000,0.000,0.000,
GPU,3,57.848,32686030953,0,0,0.000,0.000,0.000,0.000,
GPU,3,57.848,32686030953,0,0,0.000,0.000,0.000,0.000,
GPU,3,57.848,32686030953,0,0,0.000,0.000,0.000,0.000,
GPU,3,57.848,32686030953,0,0,0.000,0.000,0.000,0.000,
GPU,3,57.848,32686030953,0,0,0.000,0.000,0.000,0.000,
GPU,3,57.848,32686030953,0,0,0.000,0.000,0.000,0.000,
GPU,3,57.848,32686030953,0,0,0.000,0.000,0.000,0.000,
GPU,3,57.848,32686030953,0,0,0.000,0.000,0.000,0.000,
GPU,3,57.848,32686030953,0,0,0.000,0.000,0.000,0.000,
GPU,3,57.848,32686030953,0,0,0.000,0.000,0.000,0.000,
GPU,3,57.848,32686030953,0,0,0.000,0.000,0.000,0.000,
GPU,3,57.848,32686030953,0,0,0.000,0.000,0.000,0.000,
GPU,3,57.848,32686030953,0,0,0.000,0.000,0.000,0.000,
GPU,3,57.848,32686030953,0,0,0.000,0.000,0.000,0.000,
GPU,3,57.848,32686030953,0,0,0.000,0.000,0.000,0.000,
GPU,3,57.848,32686030953,0,0,0.000,0.000,0.000,0.000,
GPU,3,57.848,32686030953,0,0,0.000,0.000,0.000,0.000,
GPU,3,57.848,32686030953,0,0,0.000,0.000,0.000,0.000,
GPU,3,57.848,32686030953,0,0,0.000,0.000,0.000,0.000,
GPU,3,57.848,32686030953,0,0,0.000,0.000,0.000,0.000,
GPU,3,57.848,32686030953,0,0,0.000,0.000,0.000,0.000,
GPU,3,57.848,32686030953,0,0,0.000,0.000,0.000,0.000,
GPU,3,57.848,32686030953,0,0,0.000,0.000,0.000,0.000,
GPU,3,57.848,32686030953,0,0,0.000,0.000,0.000,0.000,
GPU,3,57.848,32686030953,0,0,0.000,0.000,0.000,0.000,
GPU,3,57.848,32686030953,0,0,0.000,0.000,0.000,0.000,
GPU,3,57.848,32686030953,0,0,0.000,0.000,0.000,0.000,
GPU,3,57.848,32686030953,0,0,0.000,0.000,0.000,0.000,
GPU,3,57.848,32686030953,0,0,0.000,0.000,0.000,0.000,
GPU,3,57.848,32686030953,0,0,0.000,0.000,0.000,0.000,
GPU,3,57.848,32686030953,0,0,0.000,0.000,0.000,0.000,
GPU,3,57.848,32686030953,0,0,0.000,0.000,0.000,0.000,
GPU,3,57.848,32686030953,0,0,0.000,0.000,0.000,0.000,
GPU,3,57.848,32686030953,0,0,0.000,0.000,0.000,0.000,
GPU,3,57.848,32686030953,0,0,0.000,0.000,0.000,0.000,
GPU,3,57.848,32686030953,0,0,0.000,0.000,0.000,0.000,
GPU,3,57.848,32686030953,0,0,0.000,0.000,0.000,0.000,
GPU,3,57.848,32686030953,0,0,0.000,0.000,0.000,0.000,
GPU,3,57.848,32686030953,0,0,0.000,0.000,0.000,0.000,
GPU,3,57.848,32686030953,0,0,0.000,0.000,0.000,0.000,
GPU,3,57.848,32686030953,0,0,0.000,0.000,0.000,0.000,
GPU,3,57.848,32686030953,0,0,0.000,0.000,0.000,0.000,
GPU,3,57.848,32686030953,0,0,0.000,0.000,0.000,0.000,
GPU,3,57.848,32686030953,0,0,0.000,0.000,0.000,0.000,
GPU,3,57.848,32686030953,0,0,0.000,0.000,0.000,0.000,
GPU,3,57.848,32686030953,0,0,0.000,0.000,0.000,0.000,
GPU,3,57.848,32686036759,0,0,0.000,0.000,0.000,0.000,
GPU,3,57.848,32686036759,0,0,0.000,0.000,0.000,0.000,
GPU,3,57.848,32686036759,0,0,0.000,0.000,0.000,0.000,
GPU,3,57.848,32686036759,0,0,0.000,0.000,0.000,0.000,
GPU,3,57.848,32686036759,0,0,0.000,0.000,0.000,0.000,
GPU,3,57.848,32686036759,0,0,0.000,0.000,0.000,0.000,
GPU,3,57.848,32686036759,0,0,0.000,0.000,0.000,0.000,
GPU,3,57.848,32686036759,0,0,0.000,0.000,0.000,0.000,
GPU,3,57.848,32686036759,0,0,0.000,0.000,0.000,0.000,
GPU,3,57.848,32686036759,0,0,0.000,0.000,0.000,0.000,
GPU,3,57.848,32686036759,0,0,0.000,0.000,0.000,0.000,
GPU,3,57.848,32686036759,0,0,0.000,0.000,0.000,0.000,
GPU,3,57.848,32686036759,0,0,0.000,0.000,0.000,0.000,
GPU,3,57.848,32686036759,0,0,0.000,0.000,0.000,0.000,
GPU,3,57.848,32686036759,0,0,0.000,0.000,0.000,0.000,
GPU,3,57.848,32686036759,0,0,0.000,0.000,0.000,0.000,
GPU,3,57.848,32686036759,0,0,0.000,0.000,0.000,0.000,
GPU,3,57.848,32686036759,0,0,0.000,0.000,0.000,0.000,
GPU,3,57.848,32686036759,0,0,0.000,0.000,0.000,0.000,
GPU,3,57.848,32686036759,0,0,0.000,0.000,0.000,0.000,
GPU,3,57.848,32686036759,0,0,0.000,0.000,0.000,0.000,
GPU,3,57.848,32686036759,0,0,0.000,0.000,0.000,0.000,
GPU,3,57.848,32686036759,0,0,0.000,0.000,0.000,0.000,
GPU,3,57.848,32686036759,0,0,0.000,0.000,0.000,0.000,
GPU,3,57.848,32686036759,0,0,0.000,0.000,0.000,0.000,
GPU,3,57.848,32686036759,0,0,0.000,0.000,0.000,0.000,
GPU,3,57.848,32686036759,0,0,0.000,0.000,0.000,0.000,
GPU,3,57.848,32686036759,0,0,0.000,0.000,0.000,0.000,
GPU,3,57.848,32686036759,0,0,0.000,0.000,0.000,0.000,
GPU,3,57.848,32686036759,0,0,0.000,0.000,0.000,0.000,
GPU,3,57.848,32686036759,0,0,0.000,0.000,0.000,0.000,
GPU,3,57.848,32686036759,0,0,0.000,0.000,0.000,0.000,
GPU,3,57.848,32686036759,0,0,0.000,0.000,0.000,0.000,
GPU,3,57.848,32686036759,0,0,0.000,0.000,0.000,0.000,
GPU,3,57.848,32686036759,0,0,0.000,0.000,0.000,0.000,
GPU,3,57.848,32686036759,0,0,0.000,0.000,0.000,0.000,
GPU,3,57.848,32686036759,0,0,0.000,0.000,0.000,0.000,
GPU,3,57.848,32686036759,0,0,0.000,0.000,0.000,0.000,
GPU,3,57.848,32686036759,0,0,0.000,0.000,0.000,0.000,
GPU,3,57.848,32686036759,0,0,0.000,0.000,0.000,0.000,
GPU,3,57.848,32686036759,0,0,0.000,0.000,0.000,0.000,
GPU,3,57.848,32686036759,0,0,0.000,0.000,0.000,0.000,
GPU,3,57.848,32686036759,0,0,0.000,0.000,0.000,0.000,
GPU,3,57.848,32686036759,0,0,0.000,0.000,0.000,0.000,
GPU,3,57.848,32686036759,0,0,0.000,0.000,0.000,0.000,
GPU,3,57.848,32686036759,0,0,0.000,0.000,0.000,0.000,
GPU,3,57.848,32686036759,0,0,0.000,0.000,0.000,0.000,
GPU,3,57.848,32686036759,0,0,0.000,0.000,0.000,0.000,
GPU,3,57.848,32686036759,0,0,0.000,0.000,0.000,0.000,
GPU,3,57.848,32686036759,0,0,0.000,0.000,0.000,0.000,
GPU,3,57.848,32686036759,0,0,0.000,0.000,0.000,0.000,
GPU,3,57.848,32686036759,0,0,0.000,0.000,0.000,0.000,
GPU,3,57.848,32686036759,0,0,0.000,0.000,0.000,0.000,
GPU,3,57.848,32686036759,0,0,0.000,0.000,0.000,0.000,
GPU,3,57.848,32686036759,0,0,0.000,0.000,0.000,0.000,
GPU,3,57.848,32686036759,0,0,0.000,0.000,0.000,0.000,
GPU,3,57.848,32686036759,0,0,0.000,0.000,0.000,0.000,
GPU,3,57.848,32686036759,0,0,0.000,0.000,0.000,0.000,
GPU,3,57.848,32686036759,0,0,0.000,0.000,0.000,0.000,
GPU,3,57.848,32686036759,0,0,0.000,0.000,0.000,0.000,
GPU,3,57.848,32686036759,0,0,0.000,0.000,0.000,0.000,
GPU,3,57.848,32686036759,0,0,0.000,0.000,0.000,0.000,
GPU,3,57.848,32686036759,0,0,0.000,0.000,0.000,0.000,
GPU,3,57.848,32686036759,0,0,0.000,0.000,0.000,0.000,
GPU,3,57.848,32686036759,0,0,0.000,0.000,0.000,0.000,
GPU,3,57.848,32686036759,0,0,0.000,0.000,0.000,0.000,
GPU,3,57.848,32686036759,0,0,0.000,0.000,0.000,0.000,
GPU,3,57.848,32686036759,0,0,0.000,0.000,0.000,0.000,
GPU,3,57.848,32686042583,0,0,0.000,0.000,0.000,0.000,
GPU,3,57.848,32686042583,0,0,0.000,0.000,0.000,0.000,
GPU,3,57.848,32686042583,0,0,0.000,0.000,0.000,0.000,
GPU,3,57.848,32686042583,0,0,0.000,0.000,0.000,0.000,
GPU,3,57.848,32686042583,0,0,0.000,0.000,0.000,0.000,
GPU,3,57.848,32686042583,0,0,0.000,0.000,0.000,0.000,
GPU,3,57.848,32686042583,0,0,0.000,0.000,0.000,0.000,
GPU,3,57.848,32686042583,0,0,0.000,0.000,0.000,0.000,
GPU,3,57.848,32686042583,0,0,0.000,0.000,0.000,0.000,
GPU,3,57.848,32686042583,0,0,0.000,0.000,0.000,0.000,
GPU,3,57.848,32686042583,0,0,0.000,0.000,0.000,0.000,
GPU,3,57.848,32686042583,0,0,0.000,0.000,0.000,0.000,
GPU,3,57.848,32686042583,0,0,0.000,0.000,0.000,0.000,
GPU,3,57.848,32686042583,0,0,0.000,0.000,0.000,0.000,
GPU,3,57.848,32686042583,0,0,0.000,0.000,0.000,0.000,
GPU,3,57.848,32686042583,0,0,0.000,0.000,0.000,0.000,
GPU,3,57.848,32686042583,0,0,0.000,0.000,0.000,0.000,
GPU,3,57.848,32686042583,0,0,0.000,0.000,0.000,0.000,
GPU,3,57.848,32686042583,0,0,0.000,0.000,0.000,0.000,
GPU,3,57.848,32686042583,0,0,0.000,0.000,0.000,0.000,
GPU,3,57.848,32686042583,0,0,0.000,0.000,0.000,0.000,
GPU,3,57.848,32686042583,0,0,0.000,0.000,0.000,0.000,
GPU,3,57.848,32686042583,0,0,0.000,0.000,0.000,0.000,
GPU,3,57.848,32686042583,0,0,0.000,0.000,0.000,0.000,
GPU,3,57.848,32686042583,0,0,0.000,0.000,0.000,0.000,
GPU,3,57.848,32686042583,0,0,0.000,0.000,0.000,0.000,
GPU,3,57.848,32686042583,0,0,0.000,0.000,0.000,0.000,
GPU,3,57.848,32686042583,0,0,0.000,0.000,0.000,0.000,
GPU,3,57.848,32686042583,0,0,0.000,0.000,0.000,0.000,
GPU,3,57.848,32686042583,0,0,0.000,0.000,0.000,0.000,
GPU,3,57.848,32686042583,0,0,0.000,0.000,0.000,0.000,
GPU,3,57.848,32686042583,0,0,0.000,0.000,0.000,0.000,
GPU,3,57.848,32686042583,0,0,0.000,0.000,0.000,0.000,
GPU,3,57.848,32686042583,0,0,0.000,0.000,0.000,0.000,
GPU,3,57.848,32686042583,0,0,0.000,0.000,0.000,0.000,
GPU,3,57.848,32686042583,0,0,0.000,0.000,0.000,0.000,
GPU,3,57.848,32686042583,0,0,0.000,0.000,0.000,0.000,
GPU,3,57.848,32686042583,0,0,0.000,0.000,0.000,0.000,
GPU,3,57.848,32686042583,0,0,0.000,0.000,0.000,0.000,
GPU,3,57.848,32686042583,0,0,0.000,0.000,0.000,0.000,
GPU,3,57.848,32686042583,0,0,0.000,0.000,0.000,0.000,
GPU,3,57.848,32686042583,0,0,0.000,0.000,0.000,0.000,
GPU,3,57.848,32686042583,0,0,0.000,0.000,0.000,0.000,
GPU,3,57.848,32686042583,0,0,0.000,0.000,0.000,0.000,
GPU,3,57.848,32686042583,0,0,0.000,0.000,0.000,0.000,
GPU,3,57.848,32686042583,0,0,0.000,0.000,0.000,0.000,
GPU,3,57.848,32686042583,0,0,0.000,0.000,0.000,0.000,
GPU,3,57.848,32686042583,0,0,0.000,0.000,0.000,0.000,
GPU,3,57.848,32686042583,0,0,0.000,0.000,0.000,0.000,
GPU,3,57.848,32686042583,0,0,0.000,0.000,0.000,0.000,
GPU,3,57.848,32686042583,0,0,0.000,0.000,0.000,0.000,
GPU,3,57.848,32686042583,0,0,0.000,0.000,0.000,0.000,
GPU,3,57.848,32686042583,0,0,0.000,0.000,0.000,0.000,
GPU,3,57.848,32686042583,0,0,0.000,0.000,0.000,0.000,
GPU,3,57.848,32686042583,0,0,0.000,0.000,0.000,0.000,
GPU,3,57.848,32686042583,0,0,0.000,0.000,0.000,0.000,
GPU,3,57.848,32686042583,0,0,0.000,0.000,0.000,0.000,
GPU,3,57.848,32686042583,0,0,0.000,0.000,0.000,0.000,
GPU,3,57.848,32686042583,0,0,0.000,0.000,0.000,0.000,
GPU,3,57.848,32686042583,0,0,0.000,0.000,0.000,0.000,
GPU,3,57.848,32686042583,0,0,0.000,0.000,0.000,0.000,
GPU,3,57.848,32686042583,0,0,0.000,0.000,0.000,0.000,
GPU,3,57.848,32686042583,0,0,0.000,0.000,0.000,0.000,
GPU,3,57.848,32686042583,0,0,0.000,0.000,0.000,0.000,
GPU,3,57.848,32686042583,0,0,0.000,0.000,0.000,0.000,
GPU,3,57.848,32686042583,0,0,0.000,0.000,0.000,0.000,
GPU,3,57.848,32686042583,0,0,0.000,0.000,0.000,0.000,
GPU,3,57.848,32686048422,0,0,0.000,0.000,0.000,0.000,
GPU,3,57.848,32686048422,0,0,0.000,0.000,0.000,0.000,
GPU,3,57.848,32686048422,0,0,0.000,0.000,0.000,0.000,
GPU,3,57.848,32686048422,0,0,0.000,0.000,0.000,0.000,
GPU,3,57.848,32686048422,0,0,0.000,0.000,0.000,0.000,
GPU,3,57.848,32686048422,0,0,0.000,0.000,0.000,0.000,
GPU,3,57.848,32686048422,0,0,0.000,0.000,0.000,0.000,
GPU,3,57.848,32686048422,0,0,0.000,0.000,0.000,0.000,
GPU,3,57.848,32686048422,0,0,0.000,0.000,0.000,0.000,
GPU,3,57.848,32686048422,0,0,0.000,0.000,0.000,0.000,
GPU,3,57.848,32686048422,0,0,0.000,0.000,0.000,0.000,
GPU,3,57.848,32686048422,0,0,0.000,0.000,0.000,0.000,
GPU,3,57.848,32686048422,0,0,0.000,0.000,0.000,0.000,
GPU,3,57.848,32686048422,0,0,0.000,0.000,0.000,0.000,
GPU,3,57.848,32686048422,0,0,0.000,0.000,0.000,0.000,
GPU,3,57.848,32686048422,0,0,0.000,0.000,0.000,0.000,
GPU,3,57.848,32686048422,0,0,0.000,0.000,0.000,0.000,
GPU,3,57.848,32686048422,0,0,0.000,0.000,0.000,0.000,
GPU,3,57.848,32686048422,0,0,0.000,0.000,0.000,0.000,
GPU,3,57.848,32686048422,0,0,0.000,0.000,0.000,0.000,
GPU,3,57.848,32686048422,0,0,0.000,0.000,0.000,0.000,
GPU,3,57.848,32686048422,0,0,0.000,0.000,0.000,0.000,
GPU,3,57.848,32686048422,0,0,0.000,0.000,0.000,0.000,
GPU,3,57.848,32686048422,0,0,0.000,0.000,0.000,0.000,
GPU,3,57.848,32686048422,0,0,0.000,0.000,0.000,0.000,
GPU,3,57.848,32686048422,0,0,0.000,0.000,0.000,0.000,
GPU,3,57.848,32686048422,0,0,0.000,0.000,0.000,0.000,
GPU,3,57.848,32686048422,0,0,0.000,0.000,0.000,0.000,
GPU,3,57.848,32686048422,0,0,0.000,0.000,0.000,0.000,
GPU,3,57.848,32686048422,0,0,0.000,0.000,0.000,0.000,
GPU,3,57.848,32686048422,0,0,0.000,0.000,0.000,0.000,
GPU,3,57.848,32686048422,0,0,0.000,0.000,0.000,0.000,
GPU,3,57.848,32686048422,0,0,0.000,0.000,0.000,0.000,
GPU,3,57.848,32686048422,0,0,0.000,0.000,0.000,0.000,
GPU,3,57.848,32686048422,0,0,0.000,0.000,0.000,0.000,
GPU,3,57.848,32686048422,0,0,0.000,0.000,0.000,0.000,
GPU,3,57.848,32686048422,0,0,0.000,0.000,0.000,0.000,
GPU,3,57.848,32686048422,0,0,0.000,0.000,0.000,0.000,
GPU,3,57.848,32686048422,0,0,0.000,0.000,0.000,0.000,
GPU,3,57.848,32686048422,0,0,0.000,0.000,0.000,0.000,
GPU,3,57.848,32686048422,0,0,0.000,0.000,0.000,0.000,
GPU,3,57.848,32686048422,0,0,0.000,0.000,0.000,0.000,
GPU,3,57.848,32686048422,0,0,0.000,0.000,0.000,0.000,
GPU,3,57.848,32686048422,0,0,0.000,0.000,0.000,0.000,
GPU,3,57.848,32686048422,0,0,0.000,0.000,0.000,0.000,
GPU,3,57.848,32686048422,0,0,0.000,0.000,0.000,0.000,
GPU,3,57.848,32686048422,0,0,0.000,0.000,0.000,0.000,
GPU,3,57.848,32686048422,0,0,0.000,0.000,0.000,0.000,
GPU,3,57.848,32686048422,0,0,0.000,0.000,0.000,0.000,
GPU,3,57.848,32686048422,0,0,0.000,0.000,0.000,0.000,
GPU,3,57.848,32686048422,0,0,0.000,0.000,0.000,0.000,
GPU,3,57.848,32686048422,0,0,0.000,0.000,0.000,0.000,
GPU,3,57.848,32686048422,0,0,0.000,0.000,0.000,0.000,
GPU,3,57.848,32686048422,0,0,0.000,0.000,0.000,0.000,
GPU,3,57.848,32686048422,0,0,0.000,0.000,0.000,0.000,
GPU,3,57.848,32686048422,0,0,0.000,0.000,0.000,0.000,
GPU,3,57.848,32686048422,0,0,0.000,0.000,0.000,0.000,
GPU,3,57.848,32686048422,0,0,0.000,0.000,0.000,0.000,
GPU,3,57.848,32686048422,0,0,0.000,0.000,0.000,0.000,
GPU,3,57.848,32686048422,0,0,0.000,0.000,0.000,0.000,
GPU,3,57.848,32686048422,0,0,0.000,0.000,0.000,0.000,
GPU,3,57.848,32686048422,0,0,0.000,0.000,0.000,0.000,
GPU,3,57.848,32686048422,0,0,0.000,0.000,0.000,0.000,
GPU,3,57.848,32686048422,0,0,0.000,0.000,0.000,0.000,
GPU,3,57.848,32686048422,0,0,0.000,0.000,0.000,0.000,
GPU,3,57.848,32686048422,0,0,0.000,0.000,0.000,0.000,
GPU,3,57.848,32686048422,0,0,0.000,0.000,0.000,0.000,
GPU,3,57.848,32686048422,0,0,0.000,0.000,0.000,0.000,
GPU,3,57.848,32686048422,0,0,0.000,0.000,0.000,0.000,
GPU,3,57.848,32686054244,0,0,0.000,0.000,0.000,0.000,
GPU,3,57.848,32686054244,0,0,0.000,0.000,0.000,0.000,
GPU,3,57.848,32686054244,0,0,0.000,0.000,0.000,0.000,
GPU,3,57.848,32686054244,0,0,0.000,0.000,0.000,0.000,
GPU,3,57.848,32686054244,0,0,0.000,0.000,0.000,0.000,
GPU,3,57.848,32686054244,0,0,0.000,0.000,0.000,0.000,
GPU,3,57.848,32686054244,0,0,0.000,0.000,0.000,0.000,
GPU,3,57.848,32686054244,0,0,0.000,0.000,0.000,0.000,
GPU,3,57.848,32686054244,0,0,0.000,0.000,0.000,0.000,
GPU,3,57.848,32686054244,0,0,0.000,0.000,0.000,0.000,
GPU,3,57.848,32686054244,0,0,0.000,0.000,0.000,0.000,
GPU,3,57.848,32686054244,0,0,0.000,0.000,0.000,0.000,
GPU,3,57.848,32686054244,0,0,0.000,0.000,0.000,0.000,
GPU,3,57.848,32686054244,0,0,0.000,0.000,0.000,0.000,
GPU,3,57.848,32686054244,0,0,0.000,0.000,0.000,0.000,
GPU,3,57.848,32686054244,0,0,0.000,0.000,0.000,0.000,
GPU,3,57.848,32686054244,0,0,0.000,0.000,0.000,0.000,
GPU,3,57.848,32686054244,0,0,0.000,0.000,0.000,0.000,
GPU,3,57.848,32686054244,0,0,0.000,0.000,0.000,0.000,
GPU,3,57.848,32686054244,0,0,0.000,0.000,0.000,0.000,
GPU,3,57.848,32686054244,0,0,0.000,0.000,0.000,0.000,
GPU,3,57.848,32686054244,0,0,0.000,0.000,0.000,0.000,
GPU,3,57.848,32686054244,0,0,0.000,0.000,0.000,0.000,
GPU,3,57.848,32686054244,0,0,0.000,0.000,0.000,0.000,
GPU,3,57.848,32686054244,0,0,0.000,0.000,0.000,0.000,
GPU,3,57.848,32686054244,0,0,0.000,0.000,0.000,0.000,
GPU,3,57.848,32686054244,0,0,0.000,0.000,0.000,0.000,
GPU,3,57.848,32686054244,0,0,0.000,0.000,0.000,0.000,
GPU,3,57.848,32686054244,0,0,0.000,0.000,0.000,0.000,
GPU,3,57.848,32686054244,0,0,0.000,0.000,0.000,0.000,
GPU,3,57.848,32686054244,0,0,0.000,0.000,0.000,0.000,
GPU,3,57.848,32686054244,0,0,0.000,0.000,0.000,0.000,
GPU,3,57.848,32686054244,0,0,0.000,0.000,0.000,0.000,
GPU,3,57.848,32686054244,0,0,0.000,0.000,0.000,0.000,
GPU,3,57.848,32686054244,0,0,0.000,0.000,0.000,0.000,
GPU,3,57.848,32686054244,0,0,0.000,0.000,0.000,0.000,
GPU,3,57.848,32686054244,0,0,0.000,0.000,0.000,0.000,
GPU,3,57.848,32686054244,0,0,0.000,0.000,0.000,0.000,
GPU,3,57.848,32686054244,0,0,0.000,0.000,0.000,0.000,
GPU,3,57.848,32686054244,0,0,0.000,0.000,0.000,0.000,
GPU,3,57.848,32686054244,0,0,0.000,0.000,0.000,0.000,
GPU,3,57.848,32686054244,0,0,0.000,0.000,0.000,0.000,
GPU,3,57.848,32686054244,0,0,0.000,0.000,0.000,0.000,
GPU,3,57.848,32686054244,0,0,0.000,0.000,0.000,0.000,
GPU,3,57.848,32686054244,0,0,0.000,0.000,0.000,0.000,
GPU,3,57.848,32686054244,0,0,0.000,0.000,0.000,0.000,
GPU,3,57.848,32686054244,0,0,0.000,0.000,0.000,0.000,
GPU,3,57.848,32686054244,0,0,0.000,0.000,0.000,0.000,
GPU,3,57.848,32686054244,0,0,0.000,0.000,0.000,0.000,
GPU,3,57.848,32686054244,0,0,0.000,0.000,0.000,0.000,
GPU,3,57.848,32686054244,0,0,0.000,0.000,0.000,0.000,
GPU,3,57.848,32686054244,0,0,0.000,0.000,0.000,0.000,
GPU,3,57.848,32686054244,0,0,0.000,0.000,0.000,0.000,
GPU,3,57.848,32686054244,0,0,0.000,0.000,0.000,0.000,
GPU,3,57.848,32686054244,0,0,0.000,0.000,0.000,0.000,
GPU,3,57.848,32686054244,0,0,0.000,0.000,0.000,0.000,
GPU,3,57.848,32686054244,0,0,0.000,0.000,0.000,0.000,
GPU,3,57.848,32686054244,0,0,0.000,0.000,0.000,0.000,
GPU,3,57.848,32686054244,0,0,0.000,0.000,0.000,0.000,
GPU,3,57.848,32686054244,0,0,0.000,0.000,0.000,0.000,
GPU,3,57.848,32686054244,0,0,0.000,0.000,0.000,0.000,
GPU,3,57.848,32686054244,0,0,0.000,0.000,0.000,0.000,
GPU,3,57.848,32686054244,0,0,0.000,0.000,0.000,0.000,
GPU,3,57.848,32686054244,0,0,0.000,0.000,0.000,0.000,
GPU,3,57.848,32686054244,0,0,0.000,0.000,0.000,0.000,
GPU,3,57.848,32686054244,0,0,0.000,0.000,0.000,0.000,
GPU,3,57.848,32686054244,0,0,0.000,0.000,0.000,0.000,
GPU,3,57.848,32686054244,0,0,0.000,0.000,0.000,0.000,
GPU,3,57.848,32686060072,0,0,0.000,0.000,0.000,0.000,
GPU,3,57.848,32686060072,0,0,0.000,0.000,0.000,0.000,
GPU,3,57.848,32686060072,0,0,0.000,0.000,0.000,0.000,
GPU,3,57.848,32686060072,0,0,0.000,0.000,0.000,0.000,
GPU,3,57.848,32686060072,0,0,0.000,0.000,0.000,0.000,
GPU,3,57.848,32686060072,0,0,0.000,0.000,0.000,0.000,
GPU,3,57.848,32686060072,0,0,0.000,0.000,0.000,0.000,
GPU,3,57.848,32686060072,0,0,0.000,0.000,0.000,0.000,
GPU,3,57.848,32686060072,0,0,0.000,0.000,0.000,0.000,
GPU,3,57.848,32686060072,0,0,0.000,0.000,0.000,0.000,
GPU,3,57.848,32686060072,0,0,0.000,0.000,0.000,0.000,
GPU,3,57.848,32686060072,0,0,0.000,0.000,0.000,0.000,
GPU,3,57.848,32686060072,0,0,0.000,0.000,0.000,0.000,
GPU,3,57.848,32686060072,0,0,0.000,0.000,0.000,0.000,
GPU,3,57.848,32686060072,0,0,0.000,0.000,0.000,0.000,
GPU,3,57.848,32686060072,0,0,0.000,0.000,0.000,0.000,
GPU,3,57.848,32686060072,0,0,0.000,0.000,0.000,0.000,
GPU,3,57.848,32686060072,0,0,0.000,0.000,0.000,0.000,
GPU,3,57.848,32686060072,0,0,0.000,0.000,0.000,0.000,
GPU,3,57.848,32686060072,0,0,0.000,0.000,0.000,0.000,
GPU,3,57.848,32686060072,0,0,0.000,0.000,0.000,0.000,
GPU,3,57.848,32686060072,0,0,0.000,0.000,0.000,0.000,
GPU,3,57.848,32686060072,0,0,0.000,0.000,0.000,0.000,
GPU,3,57.848,32686060072,0,0,0.000,0.000,0.000,0.000,
GPU,3,57.848,32686060072,0,0,0.000,0.000,0.000,0.000,
GPU,3,57.848,32686060072,0,0,0.000,0.000,0.000,0.000,
GPU,3,57.848,32686060072,0,0,0.000,0.000,0.000,0.000,
GPU,3,57.848,32686060072,0,0,0.000,0.000,0.000,0.000,
GPU,3,57.848,32686060072,0,0,0.000,0.000,0.000,0.000,
GPU,3,57.848,32686060072,0,0,0.000,0.000,0.000,0.000,
GPU,3,57.848,32686060072,0,0,0.000,0.000,0.000,0.000,
GPU,3,57.848,32686060072,0,0,0.000,0.000,0.000,0.000,
GPU,3,57.848,32686060072,0,0,0.000,0.000,0.000,0.000,
GPU,3,57.848,32686060072,0,0,0.000,0.000,0.000,0.000,
GPU,3,57.848,32686060072,0,0,0.000,0.000,0.000,0.000,
GPU,3,57.848,32686060072,0,0,0.000,0.000,0.000,0.000,
GPU,3,57.848,32686060072,0,0,0.000,0.000,0.000,0.000,
GPU,3,57.848,32686060072,0,0,0.000,0.000,0.000,0.000,
GPU,3,57.848,32686060072,0,0,0.000,0.000,0.000,0.000,
GPU,3,57.848,32686060072,0,0,0.000,0.000,0.000,0.000,
GPU,3,57.848,32686060072,0,0,0.000,0.000,0.000,0.000,
GPU,3,57.848,32686060072,0,0,0.000,0.000,0.000,0.000,
GPU,3,57.848,32686060072,0,0,0.000,0.000,0.000,0.000,
GPU,3,57.848,32686060072,0,0,0.000,0.000,0.000,0.000,
GPU,3,57.848,32686060072,0,0,0.000,0.000,0.000,0.000,
GPU,3,57.848,32686060072,0,0,0.000,0.000,0.000,0.000,
GPU,3,57.848,32686060072,0,0,0.000,0.000,0.000,0.000,
GPU,3,57.848,32686060072,0,0,0.000,0.000,0.000,0.000,
GPU,3,57.848,32686060072,0,0,0.000,0.000,0.000,0.000,
GPU,3,57.848,32686060072,0,0,0.000,0.000,0.000,0.000,
GPU,3,57.848,32686060072,0,0,0.000,0.000,0.000,0.000,
GPU,3,57.848,32686060072,0,0,0.000,0.000,0.000,0.000,
GPU,3,57.848,32686060072,0,0,0.000,0.000,0.000,0.000,
GPU,3,57.848,32686060072,0,0,0.000,0.000,0.000,0.000,
GPU,3,57.848,32686060072,0,0,0.000,0.000,0.000,0.000,
GPU,3,57.848,32686060072,0,0,0.000,0.000,0.000,0.000,
GPU,3,57.848,32686060072,0,0,0.000,0.000,0.000,0.000,
GPU,3,57.848,32686060072,0,0,0.000,0.000,0.000,0.000,
GPU,3,57.848,32686060072,0,0,0.000,0.000,0.000,0.000,
GPU,3,57.848,32686060072,0,0,0.000,0.000,0.000,0.000,
GPU,3,57.848,32686060072,0,0,0.000,0.000,0.000,0.000,
GPU,3,57.848,32686060072,0,0,0.000,0.000,0.000,0.000,
GPU,3,57.848,32686060072,0,0,0.000,0.000,0.000,0.000,
GPU,3,57.848,32686060072,0,0,0.000,0.000,0.000,0.000,
GPU,3,57.848,32686060072,0,0,0.000,0.000,0.000,0.000,
GPU,3,57.848,32686060072,0,0,0.000,0.000,0.000,0.000,
GPU,3,57.848,32686065897,0,0,0.000,0.000,0.000,0.000,
GPU,3,57.848,32686065897,0,0,0.000,0.000,0.000,0.000,
GPU,3,57.848,32686065897,0,0,0.000,0.000,0.000,0.000,
GPU,3,57.848,32686065897,0,0,0.000,0.000,0.000,0.000,
GPU,3,57.848,32686065897,0,0,0.000,0.000,0.000,0.000,
GPU,3,57.848,32686065897,0,0,0.000,0.000,0.000,0.000,
GPU,3,57.848,32686065897,0,0,0.000,0.000,0.000,0.000,
GPU,3,57.848,32686065897,0,0,0.000,0.000,0.000,0.000,
GPU,3,57.848,32686065897,0,0,0.000,0.000,0.000,0.000,
GPU,3,57.848,32686065897,0,0,0.000,0.000,0.000,0.000,
GPU,3,57.848,32686065897,0,0,0.000,0.000,0.000,0.000,
GPU,3,57.848,32686065897,0,0,0.000,0.000,0.000,0.000,
GPU,3,57.848,32686065897,0,0,0.000,0.000,0.000,0.000,
GPU,3,57.848,32686065897,0,0,0.000,0.000,0.000,0.000,
GPU,3,57.848,32686065897,0,0,0.000,0.000,0.000,0.000,
GPU,3,57.848,32686065897,0,0,0.000,0.000,0.000,0.000,
GPU,3,57.848,32686065897,0,0,0.000,0.000,0.000,0.000,
GPU,3,57.848,32686065897,0,0,0.000,0.000,0.000,0.000,
GPU,3,57.848,32686065897,0,0,0.000,0.000,0.000,0.000,
GPU,3,57.848,32686065897,0,0,0.000,0.000,0.000,0.000,
GPU,3,57.848,32686065897,0,0,0.000,0.000,0.000,0.000,
GPU,3,57.848,32686065897,0,0,0.000,0.000,0.000,0.000,
GPU,3,57.848,32686065897,0,0,0.000,0.000,0.000,0.000,
GPU,3,57.848,32686065897,0,0,0.000,0.000,0.000,0.000,
GPU,3,57.848,32686065897,0,0,0.000,0.000,0.000,0.000,
GPU,3,57.848,32686065897,0,0,0.000,0.000,0.000,0.000,
GPU,3,57.848,32686065897,0,0,0.000,0.000,0.000,0.000,
GPU,3,57.848,32686065897,0,0,0.000,0.000,0.000,0.000,
GPU,3,57.848,32686065897,0,0,0.000,0.000,0.000,0.000,
GPU,3,57.848,32686065897,0,0,0.000,0.000,0.000,0.000,
GPU,3,57.848,32686065897,0,0,0.000,0.000,0.000,0.000,
GPU,3,57.848,32686065897,0,0,0.000,0.000,0.000,0.000,
GPU,3,57.848,32686065897,0,0,0.000,0.000,0.000,0.000,
GPU,3,57.848,32686065897,0,0,0.000,0.000,0.000,0.000,
GPU,3,57.848,32686065897,0,0,0.000,0.000,0.000,0.000,
GPU,3,57.848,32686065897,0,0,0.000,0.000,0.000,0.000,
GPU,3,57.848,32686065897,0,0,0.000,0.000,0.000,0.000,
GPU,3,57.848,32686065897,0,0,0.000,0.000,0.000,0.000,
GPU,3,57.848,32686065897,0,0,0.000,0.000,0.000,0.000,
GPU,3,57.848,32686065897,0,0,0.000,0.000,0.000,0.000,
GPU,3,57.848,32686065897,0,0,0.000,0.000,0.000,0.000,
GPU,3,57.848,32686065897,0,0,0.000,0.000,0.000,0.000,
GPU,3,57.848,32686065897,0,0,0.000,0.000,0.000,0.000,
GPU,3,57.848,32686065897,0,0,0.000,0.000,0.000,0.000,
GPU,3,57.848,32686065897,0,0,0.000,0.000,0.000,0.000,
GPU,3,57.848,32686065897,0,0,0.000,0.000,0.000,0.000,
GPU,3,57.848,32686065897,0,0,0.000,0.000,0.000,0.000,
GPU,3,57.848,32686065897,0,0,0.000,0.000,0.000,0.000,
GPU,3,57.848,32686065897,0,0,0.000,0.000,0.000,0.000,
GPU,3,57.848,32686065897,0,0,0.000,0.000,0.000,0.000,
GPU,3,57.848,32686065897,0,0,0.000,0.000,0.000,0.000,
GPU,3,57.848,32686065897,0,0,0.000,0.000,0.000,0.000,
GPU,3,57.848,32686065897,0,0,0.000,0.000,0.000,0.000,
GPU,3,57.848,32686065897,0,0,0.000,0.000,0.000,0.000,
GPU,3,57.848,32686065897,0,0,0.000,0.000,0.000,0.000,
GPU,3,57.848,32686065897,0,0,0.000,0.000,0.000,0.000,
GPU,3,57.848,32686065897,0,0,0.000,0.000,0.000,0.000,
GPU,3,57.848,32686065897,0,0,0.000,0.000,0.000,0.000,
GPU,3,57.848,32686065897,0,0,0.000,0.000,0.000,0.000,
GPU,3,57.848,32686065897,0,0,0.000,0.000,0.000,0.000,
GPU,3,57.848,32686065897,0,0,0.000,0.000,0.000,0.000,
GPU,3,57.848,32686065897,0,0,0.000,0.000,0.000,0.000,
GPU,3,57.848,32686065897,0,0,0.000,0.000,0.000,0.000,
GPU,3,57.848,32686065897,0,0,0.000,0.000,0.000,0.000,
GPU,3,57.848,32686065897,0,0,0.000,0.000,0.000,0.000,
GPU,3,57.848,32686065897,0,0,0.000,0.000,0.000,0.000,
GPU,3,57.848,32686065897,0,0,0.000,0.000,0.000,0.000,
GPU,3,57.848,32686065897,0,0,0.000,0.000,0.000,0.000,
GPU,3,57.848,32686065897,0,0,0.000,0.000,0.000,0.000,
GPU,3,57.848,32686065897,0,0,0.000,0.000,0.000,0.000,
GPU,3,57.848,32686065897,0,0,0.000,0.000,0.000,0.000,
GPU,3,57.848,32686071811,0,0,0.000,0.000,0.000,0.000,
GPU,3,57.848,32686071811,0,0,0.000,0.000,0.000,0.000,
GPU,3,57.848,32686071811,0,0,0.000,0.000,0.000,0.000,
GPU,3,57.848,32686071811,0,0,0.000,0.000,0.000,0.000,
GPU,3,57.848,32686071811,0,0,0.000,0.000,0.000,0.000,
GPU,3,57.848,32686071811,0,0,0.000,0.000,0.000,0.000,
GPU,3,57.848,32686071811,0,0,0.000,0.000,0.000,0.000,
GPU,3,57.848,32686071811,0,0,0.000,0.000,0.000,0.000,
GPU,3,57.848,32686071811,0,0,0.000,0.000,0.000,0.000,
GPU,3,57.848,32686071811,0,0,0.000,0.000,0.000,0.000,
GPU,3,57.848,32686071811,0,0,0.000,0.000,0.000,0.000,
GPU,3,57.848,32686071811,0,0,0.000,0.000,0.000,0.000,
GPU,3,57.848,32686071811,0,0,0.000,0.000,0.000,0.000,
GPU,3,57.848,32686071811,0,0,0.000,0.000,0.000,0.000,
GPU,3,57.848,32686071811,0,0,0.000,0.000,0.000,0.000,
GPU,3,57.848,32686071811,0,0,0.000,0.000,0.000,0.000,
GPU,3,57.848,32686071811,0,0,0.000,0.000,0.000,0.000,
GPU,3,57.848,32686071811,0,0,0.000,0.000,0.000,0.000,
GPU,3,57.848,32686071811,0,0,0.000,0.000,0.000,0.000,
GPU,3,57.848,32686071811,0,0,0.000,0.000,0.000,0.000,
GPU,3,57.848,32686071811,0,0,0.000,0.000,0.000,0.000,
GPU,3,57.848,32686071811,0,0,0.000,0.000,0.000,0.000,
GPU,3,57.848,32686071811,0,0,0.000,0.000,0.000,0.000,
GPU,3,57.848,32686071811,0,0,0.000,0.000,0.000,0.000,
GPU,3,57.848,32686071811,0,0,0.000,0.000,0.000,0.000,
GPU,3,57.848,32686071811,0,0,0.000,0.000,0.000,0.000,
GPU,3,57.848,32686071811,0,0,0.000,0.000,0.000,0.000,
GPU,3,57.848,32686071811,0,0,0.000,0.000,0.000,0.000,
GPU,3,57.848,32686071811,0,0,0.000,0.000,0.000,0.000,
GPU,3,57.848,32686071811,0,0,0.000,0.000,0.000,0.000,
GPU,3,57.848,32686071811,0,0,0.000,0.000,0.000,0.000,
GPU,3,57.848,32686071811,0,0,0.000,0.000,0.000,0.000,
GPU,3,57.848,32686071811,0,0,0.000,0.000,0.000,0.000,
GPU,3,57.848,32686071811,0,0,0.000,0.000,0.000,0.000,
GPU,3,57.848,32686071811,0,0,0.000,0.000,0.000,0.000,
GPU,3,57.848,32686071811,0,0,0.000,0.000,0.000,0.000,
GPU,3,57.848,32686071811,0,0,0.000,0.000,0.000,0.000,
GPU,3,57.848,32686071811,0,0,0.000,0.000,0.000,0.000,
GPU,3,57.848,32686071811,0,0,0.000,0.000,0.000,0.000,
GPU,3,57.848,32686071811,0,0,0.000,0.000,0.000,0.000,
GPU,3,57.848,32686071811,0,0,0.000,0.000,0.000,0.000,
GPU,3,57.848,32686071811,0,0,0.000,0.000,0.000,0.000,
GPU,3,57.848,32686071811,0,0,0.000,0.000,0.000,0.000,
GPU,3,57.848,32686071811,0,0,0.000,0.000,0.000,0.000,
GPU,3,57.848,32686071811,0,0,0.000,0.000,0.000,0.000,
GPU,3,57.848,32686071811,0,0,0.000,0.000,0.000,0.000,
GPU,3,57.848,32686071811,0,0,0.000,0.000,0.000,0.000,
GPU,3,57.848,32686071811,0,0,0.000,0.000,0.000,0.000,
GPU,3,57.848,32686071811,0,0,0.000,0.000,0.000,0.000,
GPU,3,57.848,32686071811,0,0,0.000,0.000,0.000,0.000,
GPU,3,57.848,32686071811,0,0,0.000,0.000,0.000,0.000,
GPU,3,57.848,32686071811,0,0,0.000,0.000,0.000,0.000,
GPU,3,57.848,32686071811,0,0,0.000,0.000,0.000,0.000,
GPU,3,57.848,32686071811,0,0,0.000,0.000,0.000,0.000,
GPU,3,57.848,32686071811,0,0,0.000,0.000,0.000,0.000,
GPU,3,57.848,32686071811,0,0,0.000,0.000,0.000,0.000,
GPU,3,57.848,32686071811,0,0,0.000,0.000,0.000,0.000,
GPU,3,57.848,32686071811,0,0,0.000,0.000,0.000,0.000,
GPU,3,57.848,32686071811,0,0,0.000,0.000,0.000,0.000,
GPU,3,57.848,32686071811,0,0,0.000,0.000,0.000,0.000,
GPU,3,57.848,32686071811,0,0,0.000,0.000,0.000,0.000,
GPU,3,57.848,32686071811,0,0,0.000,0.000,0.000,0.000,
GPU,3,57.848,32686071811,0,0,0.000,0.000,0.000,0.000,
GPU,3,57.848,32686071811,0,0,0.000,0.000,0.000,0.000,
GPU,3,57.848,32686071811,0,0,0.000,0.000,0.000,0.000,
GPU,3,57.848,32686077544,0,0,0.000,0.000,0.000,0.000,
GPU,3,57.848,32686077544,0,0,0.000,0.000,0.000,0.000,
GPU,3,57.848,32686077544,0,0,0.000,0.000,0.000,0.000,
GPU,3,57.848,32686077544,0,0,0.000,0.000,0.000,0.000,
GPU,3,57.848,32686077544,0,0,0.000,0.000,0.000,0.000,
GPU,3,57.848,32686077544,0,0,0.000,0.000,0.000,0.000,
GPU,3,57.848,32686077544,0,0,0.000,0.000,0.000,0.000,
GPU,3,57.848,32686077544,0,0,0.000,0.000,0.000,0.000,
GPU,3,57.848,32686077544,0,0,0.000,0.000,0.000,0.000,
GPU,3,57.848,32686077544,0,0,0.000,0.000,0.000,0.000,
GPU,3,57.848,32686077544,0,0,0.000,0.000,0.000,0.000,
GPU,3,57.848,32686077544,0,0,0.000,0.000,0.000,0.000,
GPU,3,57.848,32686077544,0,0,0.000,0.000,0.000,0.000,
GPU,3,57.848,32686077544,0,0,0.000,0.000,0.000,0.000,
GPU,3,57.848,32686077544,0,0,0.000,0.000,0.000,0.000,
GPU,3,57.848,32686077544,0,0,0.000,0.000,0.000,0.000,
GPU,3,57.848,32686077544,0,0,0.000,0.000,0.000,0.000,
GPU,3,57.848,32686077544,0,0,0.000,0.000,0.000,0.000,
GPU,3,57.848,32686077544,0,0,0.000,0.000,0.000,0.000,
GPU,3,57.848,32686077544,0,0,0.000,0.000,0.000,0.000,
GPU,3,57.848,32686077544,0,0,0.000,0.000,0.000,0.000,
GPU,3,57.848,32686077544,0,0,0.000,0.000,0.000,0.000,
GPU,3,57.848,32686077544,0,0,0.000,0.000,0.000,0.000,
GPU,3,57.848,32686077544,0,0,0.000,0.000,0.000,0.000,
GPU,3,57.848,32686077544,0,0,0.000,0.000,0.000,0.000,
GPU,3,57.848,32686077544,0,0,0.000,0.000,0.000,0.000,
GPU,3,57.848,32686077544,0,0,0.000,0.000,0.000,0.000,
GPU,3,57.848,32686077544,0,0,0.000,0.000,0.000,0.000,
GPU,3,57.848,32686077544,0,0,0.000,0.000,0.000,0.000,
GPU,3,57.848,32686077544,0,0,0.000,0.000,0.000,0.000,
GPU,3,57.848,32686077544,0,0,0.000,0.000,0.000,0.000,
GPU,3,57.848,32686077544,0,0,0.000,0.000,0.000,0.000,
GPU,3,57.848,32686077544,0,0,0.000,0.000,0.000,0.000,
GPU,3,57.848,32686077544,0,0,0.000,0.000,0.000,0.000,
GPU,3,57.848,32686077544,0,0,0.000,0.000,0.000,0.000,
GPU,3,57.848,32686077544,0,0,0.000,0.000,0.000,0.000,
GPU,3,57.848,32686077544,0,0,0.000,0.000,0.000,0.000,
GPU,3,57.848,32686077544,0,0,0.000,0.000,0.000,0.000,
GPU,3,57.848,32686077544,0,0,0.000,0.000,0.000,0.000,
GPU,3,57.848,32686077544,0,0,0.000,0.000,0.000,0.000,
GPU,3,57.848,32686077544,0,0,0.000,0.000,0.000,0.000,
GPU,3,57.848,32686077544,0,0,0.000,0.000,0.000,0.000,
GPU,3,57.848,32686077544,0,0,0.000,0.000,0.000,0.000,
GPU,3,57.848,32686077544,0,0,0.000,0.000,0.000,0.000,
GPU,3,57.848,32686077544,0,0,0.000,0.000,0.000,0.000,
GPU,3,57.848,32686077544,0,0,0.000,0.000,0.000,0.000,
GPU,3,57.848,32686077544,0,0,0.000,0.000,0.000,0.000,
GPU,3,57.848,32686077544,0,0,0.000,0.000,0.000,0.000,
GPU,3,57.848,32686077544,0,0,0.000,0.000,0.000,0.000,
GPU,3,57.848,32686077544,0,0,0.000,0.000,0.000,0.000,
GPU,3,57.848,32686077544,0,0,0.000,0.000,0.000,0.000,
GPU,3,57.848,32686077544,0,0,0.000,0.000,0.000,0.000,
GPU,3,57.848,32686077544,0,0,0.000,0.000,0.000,0.000,
GPU,3,57.848,32686077544,0,0,0.000,0.000,0.000,0.000,
GPU,3,57.848,32686077544,0,0,0.000,0.000,0.000,0.000,
GPU,3,57.848,32686077544,0,0,0.000,0.000,0.000,0.000,
GPU,3,57.848,32686077544,0,0,0.000,0.000,0.000,0.000,
GPU,3,57.848,32686077544,0,0,0.000,0.000,0.000,0.000,
GPU,3,57.848,32686077544,0,0,0.000,0.000,0.000,0.000,
GPU,3,57.848,32686077544,0,0,0.000,0.000,0.000,0.000,
GPU,3,57.848,32686077544,0,0,0.000,0.000,0.000,0.000,
GPU,3,57.848,32686077544,0,0,0.000,0.000,0.000,0.000,
GPU,3,57.848,32686077544,0,0,0.000,0.000,0.000,0.000,
GPU,3,57.848,32686077544,0,0,0.000,0.000,0.000,0.000,
GPU,3,57.848,32686077544,0,0,0.000,0.000,0.000,0.000,
GPU,3,57.848,32686077544,0,0,0.000,0.000,0.000,0.000,
GPU,3,57.848,32686077544,0,0,0.000,0.000,0.000,0.000,
GPU,3,57.848,32686077544,0,0,0.000,0.000,0.000,0.000,
GPU,3,57.848,32686077544,0,0,0.000,0.000,0.000,0.000,
GPU,3,57.848,32686077544,0,0,0.000,0.000,0.000,0.000,
GPU,3,57.848,32686083375,0,0,0.000,0.000,0.000,0.000,
GPU,3,57.848,32686083375,0,0,0.000,0.000,0.000,0.000,
GPU,3,57.848,32686083375,0,0,0.000,0.000,0.000,0.000,
GPU,3,57.848,32686083375,0,0,0.000,0.000,0.000,0.000,
GPU,3,57.848,32686083375,0,0,0.000,0.000,0.000,0.000,
GPU,3,57.848,32686083375,0,0,0.000,0.000,0.000,0.000,
GPU,3,57.848,32686083375,0,0,0.000,0.000,0.000,0.000,
GPU,3,57.848,32686083375,0,0,0.000,0.000,0.000,0.000,
GPU,3,57.848,32686083375,0,0,0.000,0.000,0.000,0.000,
GPU,3,57.848,32686083375,0,0,0.000,0.000,0.000,0.000,
GPU,3,57.914,32686083375,0,0,0.000,0.000,0.000,0.000,
GPU,3,57.914,32686083375,0,0,0.000,0.000,0.000,0.000,
GPU,3,57.914,32686083375,0,0,0.000,0.000,0.000,0.000,
GPU,3,57.914,32686083375,0,0,0.000,0.000,0.000,0.000,
GPU,3,57.914,32686083375,0,0,0.000,0.000,0.000,0.000,
GPU,3,57.914,32686083375,0,0,0.000,0.000,0.000,0.000,
GPU,3,57.914,32686083375,0,0,0.000,0.000,0.000,0.000,
GPU,3,57.914,32686083375,0,0,0.000,0.000,0.000,0.000,
GPU,3,57.914,32686083375,0,0,0.000,0.000,0.000,0.000,
GPU,3,57.914,32686083375,0,0,0.000,0.000,0.000,0.000,
GPU,3,57.914,32686083375,0,0,0.000,0.000,0.000,0.000,
GPU,3,57.914,32686083375,0,0,0.000,0.000,0.000,0.000,
GPU,3,57.914,32686083375,0,0,0.000,0.000,0.000,0.000,
GPU,3,57.914,32686083375,0,0,0.000,0.000,0.000,0.000,
GPU,3,57.914,32686083375,0,0,0.000,0.000,0.000,0.000,
GPU,3,57.914,32686083375,0,0,0.000,0.000,0.000,0.000,
GPU,3,57.914,32686083375,0,0,0.000,0.000,0.000,0.000,
GPU,3,57.914,32686083375,0,0,0.000,0.000,0.000,0.000,
GPU,3,57.914,32686083375,0,0,0.000,0.000,0.000,0.000,
GPU,3,57.914,32686083375,0,0,0.000,0.000,0.000,0.000,
GPU,3,57.914,32686083375,0,0,0.000,0.000,0.000,0.000,
GPU,3,57.914,32686083375,0,0,0.000,0.000,0.000,0.000,
GPU,3,57.914,32686083375,0,0,0.000,0.000,0.000,0.000,
GPU,3,57.914,32686083375,0,0,0.000,0.000,0.000,0.000,
GPU,3,57.914,32686083375,0,0,0.000,0.000,0.000,0.000,
GPU,3,57.914,32686083375,0,0,0.000,0.000,0.000,0.000,
GPU,3,57.914,32686083375,0,0,0.000,0.000,0.000,0.000,
GPU,3,57.914,32686083375,0,0,0.000,0.000,0.000,0.000,
GPU,3,57.914,32686083375,0,0,0.000,0.000,0.000,0.000,
GPU,3,57.914,32686083375,0,0,0.000,0.000,0.000,0.000,
GPU,3,57.914,32686083375,0,0,0.000,0.000,0.000,0.000,
GPU,3,57.914,32686083375,0,0,0.000,0.000,0.000,0.000,
GPU,3,57.914,32686083375,0,0,0.000,0.000,0.000,0.000,
GPU,3,57.914,32686083375,0,0,0.000,0.000,0.000,0.000,
GPU,3,57.914,32686083375,0,0,0.000,0.000,0.000,0.000,
GPU,3,57.914,32686083375,0,0,0.000,0.000,0.000,0.000,
GPU,3,57.914,32686083375,0,0,0.000,0.000,0.000,0.000,
GPU,3,57.914,32686083375,0,0,0.000,0.000,0.000,0.000,
GPU,3,57.914,32686083375,0,0,0.000,0.000,0.000,0.000,
GPU,3,57.914,32686083375,0,0,0.000,0.000,0.000,0.000,
GPU,3,57.914,32686083375,0,0,0.000,0.000,0.000,0.000,
GPU,3,57.914,32686083375,0,0,0.000,0.000,0.000,0.000,
GPU,3,57.914,32686083375,0,0,0.000,0.000,0.000,0.000,
GPU,3,57.914,32686083375,0,0,0.000,0.000,0.000,0.000,
GPU,3,57.914,32686083375,0,0,0.000,0.000,0.000,0.000,
GPU,3,57.914,32686083375,0,0,0.000,0.000,0.000,0.000,
GPU,3,57.914,32686083375,0,0,0.000,0.000,0.000,0.000,
GPU,3,57.914,32686083375,0,0,0.000,0.000,0.000,0.000,
GPU,3,57.914,32686083375,0,0,0.000,0.000,0.000,0.000,
GPU,3,57.914,32686083375,0,0,0.000,0.000,0.000,0.000,
GPU,3,57.914,32686083375,0,0,0.000,0.000,0.000,0.000,
GPU,3,57.914,32686083375,0,0,0.000,0.000,0.000,0.000,
GPU,3,57.914,32686083375,0,0,0.000,0.000,0.000,0.000,
GPU,3,57.914,32686083375,0,0,0.000,0.000,0.000,0.000,
GPU,3,57.914,32686083375,0,0,0.000,0.000,0.000,0.000,
GPU,3,57.914,32686083375,0,0,0.000,0.000,0.000,0.000,
GPU,3,57.914,32686089192,0,0,0.000,0.000,0.000,0.000,
GPU,3,57.914,32686089192,0,0,0.000,0.000,0.000,0.000,
GPU,3,57.914,32686089192,0,0,0.000,0.000,0.000,0.000,
GPU,3,57.914,32686089192,0,0,0.000,0.000,0.000,0.000,
GPU,3,57.914,32686089192,0,0,0.000,0.000,0.000,0.000,
GPU,3,57.914,32686089192,0,0,0.000,0.000,0.000,0.000,
GPU,3,57.914,32686089192,0,0,0.000,0.000,0.000,0.000,
GPU,3,57.914,32686089192,0,0,0.000,0.000,0.000,0.000,
GPU,3,57.914,32686089192,0,0,0.000,0.000,0.000,0.000,
GPU,3,57.914,32686089192,0,0,0.000,0.000,0.000,0.000,
GPU,3,57.914,32686089192,0,0,0.000,0.000,0.000,0.000,
GPU,3,57.914,32686089192,0,0,0.000,0.000,0.000,0.000,
GPU,3,57.848,32686089192,0,0,0.000,0.000,0.000,0.000,
GPU,3,57.848,32686089192,0,0,0.000,0.000,0.000,0.000,
GPU,3,57.848,32686089192,0,0,0.000,0.000,0.000,0.000,
GPU,3,57.848,32686089192,0,0,0.000,0.000,0.000,0.000,
GPU,3,57.848,32686089192,0,0,0.000,0.000,0.000,0.000,
GPU,3,57.848,32686089192,0,0,0.000,0.000,0.000,0.000,
GPU,3,57.848,32686089192,0,0,0.000,0.000,0.000,0.000,
GPU,3,57.848,32686089192,0,0,0.000,0.000,0.000,0.000,
GPU,3,57.848,32686089192,0,0,0.000,0.000,0.000,0.000,
GPU,3,57.848,32686089192,0,0,0.000,0.000,0.000,0.000,
GPU,3,57.848,32686089192,0,0,0.000,0.000,0.000,0.000,
GPU,3,57.848,32686089192,0,0,0.000,0.000,0.000,0.000,
GPU,3,57.848,32686089192,0,0,0.000,0.000,0.000,0.000,
GPU,3,57.848,32686089192,0,0,0.000,0.000,0.000,0.000,
GPU,3,57.848,32686089192,0,0,0.000,0.000,0.000,0.000,
GPU,3,57.848,32686089192,0,0,0.000,0.000,0.000,0.000,
GPU,3,57.848,32686089192,0,0,0.000,0.000,0.000,0.000,
GPU,3,57.848,32686089192,0,0,0.000,0.000,0.000,0.000,
GPU,3,57.848,32686089192,0,0,0.000,0.000,0.000,0.000,
GPU,3,57.848,32686089192,0,0,0.000,0.000,0.000,0.000,
GPU,3,57.848,32686089192,0,0,0.000,0.000,0.000,0.000,
GPU,3,57.848,32686089192,0,0,0.000,0.000,0.000,0.000,
GPU,3,57.848,32686089192,0,0,0.000,0.000,0.000,0.000,
GPU,3,57.848,32686089192,0,0,0.000,0.000,0.000,0.000,
GPU,3,57.848,32686089192,0,0,0.000,0.000,0.000,0.000,
GPU,3,57.848,32686089192,0,0,0.000,0.000,0.000,0.000,
GPU,3,57.848,32686089192,0,0,0.000,0.000,0.000,0.000,
GPU,3,57.848,32686089192,0,0,0.000,0.000,0.000,0.000,
GPU,3,57.848,32686089192,0,0,0.000,0.000,0.000,0.000,
GPU,3,57.848,32686089192,0,0,0.000,0.000,0.000,0.000,
GPU,3,57.848,32686089192,0,0,0.000,0.000,0.000,0.000,
GPU,3,57.848,32686089192,0,0,0.000,0.000,0.000,0.000,
GPU,3,57.848,32686089192,0,0,0.000,0.000,0.000,0.000,
GPU,3,57.848,32686089192,0,0,0.000,0.000,0.000,0.000,
GPU,3,57.848,32686089192,0,0,0.000,0.000,0.000,0.000,
GPU,3,57.848,32686089192,0,0,0.000,0.000,0.000,0.000,
GPU,3,57.848,32686089192,0,0,0.000,0.000,0.000,0.000,
GPU,3,57.848,32686089192,0,0,0.000,0.000,0.000,0.000,
GPU,3,57.848,32686089192,0,0,0.000,0.000,0.000,0.000,
GPU,3,57.848,32686089192,0,0,0.000,0.000,0.000,0.000,
GPU,3,57.848,32686089192,0,0,0.000,0.000,0.000,0.000,
GPU,3,57.848,32686089192,0,0,0.000,0.000,0.000,0.000,
GPU,3,57.848,32686089192,0,0,0.000,0.000,0.000,0.000,
GPU,3,57.848,32686089192,0,0,0.000,0.000,0.000,0.000,
GPU,3,57.848,32686089192,0,0,0.000,0.000,0.000,0.000,
GPU,3,57.848,32686089192,0,0,0.000,0.000,0.000,0.000,
GPU,3,57.848,32686089192,0,0,0.000,0.000,0.000,0.000,
GPU,3,57.848,32686089192,0,0,0.000,0.000,0.000,0.000,
GPU,3,57.848,32686089192,0,0,0.000,0.000,0.000,0.000,
GPU,3,57.848,32686089192,0,0,0.000,0.000,0.000,0.000,
GPU,3,57.848,32686089192,0,0,0.000,0.000,0.000,0.000,
GPU,3,57.848,32686089192,0,0,0.000,0.000,0.000,0.000,
GPU,3,57.848,32686089192,0,0,0.000,0.000,0.000,0.000,
GPU,3,57.848,32686089192,0,0,0.000,0.000,0.000,0.000,
GPU,3,57.848,32686089192,0,0,0.000,0.000,0.000,0.000,
GPU,3,57.848,32686089192,0,0,0.000,0.000,0.000,0.000,
GPU,3,57.848,32686089192,0,0,0.000,0.000,0.000,0.000,
GPU,3,57.848,32686089192,0,0,0.000,0.000,0.000,0.000,
GPU,3,57.848,32686095032,0,0,0.000,0.000,0.000,0.000,
GPU,3,57.848,32686095032,0,0,0.000,0.000,0.000,0.000,
GPU,3,57.848,32686095032,0,0,0.000,0.000,0.000,0.000,
GPU,3,57.848,32686095032,0,0,0.000,0.000,0.000,0.000,
GPU,3,57.848,32686095032,0,0,0.000,0.000,0.000,0.000,
GPU,3,57.848,32686095032,0,0,0.000,0.000,0.000,0.000,
GPU,3,57.848,32686095032,0,0,0.000,0.000,0.000,0.000,
GPU,3,57.848,32686095032,0,0,0.000,0.000,0.000,0.000,
GPU,3,57.848,32686095032,0,0,0.000,0.000,0.000,0.000,
GPU,3,57.848,32686095032,0,0,0.000,0.000,0.000,0.000,
GPU,3,57.848,32686095032,0,0,0.000,0.000,0.000,0.000,
GPU,3,57.848,32686095032,0,0,0.000,0.000,0.000,0.000,
GPU,3,57.848,32686095032,0,0,0.000,0.000,0.000,0.000,
GPU,3,57.848,32686095032,0,0,0.000,0.000,0.000,0.000,
GPU,3,57.848,32686095032,0,0,0.000,0.000,0.000,0.000,
GPU,3,57.848,32686095032,0,0,0.000,0.000,0.000,0.000,
GPU,3,57.848,32686095032,0,0,0.000,0.000,0.000,0.000,
GPU,3,57.848,32686095032,0,0,0.000,0.000,0.000,0.000,
GPU,3,57.848,32686095032,0,0,0.000,0.000,0.000,0.000,
GPU,3,57.848,32686095032,0,0,0.000,0.000,0.000,0.000,
GPU,3,57.848,32686095032,0,0,0.000,0.000,0.000,0.000,
GPU,3,57.848,32686095032,0,0,0.000,0.000,0.000,0.000,
GPU,3,57.848,32686095032,0,0,0.000,0.000,0.000,0.000,
GPU,3,57.848,32686095032,0,0,0.000,0.000,0.000,0.000,
GPU,3,57.848,32686095032,0,0,0.000,0.000,0.000,0.000,
GPU,3,57.848,32686095032,0,0,0.000,0.000,0.000,0.000,
GPU,3,57.848,32686095032,0,0,0.000,0.000,0.000,0.000,
GPU,3,57.848,32686095032,0,0,0.000,0.000,0.000,0.000,
GPU,3,57.848,32686095032,0,0,0.000,0.000,0.000,0.000,
GPU,3,57.848,32686095032,0,0,0.000,0.000,0.000,0.000,
GPU,3,57.848,32686095032,0,0,0.000,0.000,0.000,0.000,
GPU,3,57.848,32686095032,0,0,0.000,0.000,0.000,0.000,
GPU,3,57.848,32686095032,0,0,0.000,0.000,0.000,0.000,
GPU,3,57.848,32686095032,0,0,0.000,0.000,0.000,0.000,
GPU,3,57.848,32686095032,0,0,0.000,0.000,0.000,0.000,
GPU,3,57.848,32686095032,0,0,0.000,0.000,0.000,0.000,
GPU,3,57.848,32686095032,0,0,0.000,0.000,0.000,0.000,
GPU,3,57.848,32686095032,0,0,0.000,0.000,0.000,0.000,
GPU,3,57.848,32686095032,0,0,0.000,0.000,0.000,0.000,
GPU,3,57.848,32686095032,0,0,0.000,0.000,0.000,0.000,
GPU,3,57.848,32686095032,0,0,0.000,0.000,0.000,0.000,
GPU,3,57.848,32686095032,0,0,0.000,0.000,0.000,0.000,
GPU,3,57.848,32686095032,0,0,0.000,0.000,0.000,0.000,
GPU,3,57.848,32686095032,0,0,0.000,0.000,0.000,0.000,
GPU,3,57.848,32686095032,0,0,0.000,0.000,0.000,0.000,
GPU,3,57.848,32686095032,0,0,0.000,0.000,0.000,0.000,
GPU,3,57.848,32686095032,0,0,0.000,0.000,0.000,0.000,
GPU,3,57.848,32686095032,0,0,0.000,0.000,0.000,0.000,
GPU,3,57.848,32686095032,0,0,0.000,0.000,0.000,0.000,
GPU,3,57.848,32686095032,0,0,0.000,0.000,0.000,0.000,
GPU,3,57.848,32686095032,0,0,0.000,0.000,0.000,0.000,
GPU,3,57.848,32686095032,0,0,0.000,0.000,0.000,0.000,
GPU,3,57.848,32686095032,0,0,0.000,0.000,0.000,0.000,
GPU,3,57.848,32686095032,0,0,0.000,0.000,0.000,0.000,
GPU,3,57.848,32686095032,0,0,0.000,0.000,0.000,0.000,
GPU,3,57.848,32686095032,0,0,0.000,0.000,0.000,0.000,
GPU,3,57.848,32686095032,0,0,0.000,0.000,0.000,0.000,
GPU,3,57.848,32686095032,0,0,0.000,0.000,0.000,0.000,
GPU,3,57.848,32686095032,0,0,0.000,0.000,0.000,0.000,
GPU,3,57.848,32686095032,0,0,0.000,0.000,0.000,0.000,
GPU,3,57.848,32686095032,0,0,0.000,0.000,0.000,0.000,
GPU,3,57.848,32686095032,0,0,0.000,0.000,0.000,0.000,
GPU,3,57.848,32686095032,0,0,0.000,0.000,0.000,0.000,
GPU,3,57.848,32686095032,0,0,0.000,0.000,0.000,0.000,
GPU,3,57.848,32686095032,0,0,0.000,0.000,0.000,0.000,
GPU,3,57.848,32686095032,0,0,0.000,0.000,0.000,0.000,
GPU,3,57.848,32686095032,0,0,0.000,0.000,0.000,0.000,
GPU,3,57.848,32686095032,0,0,0.000,0.000,0.000,0.000,
GPU,3,57.848,32686100910,0,0,0.000,0.000,0.000,0.000,
GPU,3,57.848,32686100910,0,0,0.000,0.000,0.000,0.000,
GPU,3,57.848,32686100910,0,0,0.000,0.000,0.000,0.000,
GPU,3,57.848,32686100910,0,0,0.000,0.000,0.000,0.000,
GPU,3,57.848,32686100910,0,0,0.000,0.000,0.000,0.000,
GPU,3,57.848,32686100910,0,0,0.000,0.000,0.000,0.000,
GPU,3,57.848,32686100910,0,0,0.000,0.000,0.000,0.000,
GPU,3,57.848,32686100910,0,0,0.000,0.000,0.000,0.000,
GPU,3,57.848,32686100910,0,0,0.000,0.000,0.000,0.000,
GPU,3,57.848,32686100910,0,0,0.000,0.000,0.000,0.000,
GPU,3,57.848,32686100910,0,0,0.000,0.000,0.000,0.000,
GPU,3,57.848,32686100910,0,0,0.000,0.000,0.000,0.000,
GPU,3,57.848,32686100910,0,0,0.000,0.000,0.000,0.000,
GPU,3,57.848,32686100910,0,0,0.000,0.000,0.000,0.000,
GPU,3,57.848,32686100910,0,0,0.000,0.000,0.000,0.000,
GPU,3,57.848,32686100910,0,0,0.000,0.000,0.000,0.000,
GPU,3,57.848,32686100910,0,0,0.000,0.000,0.000,0.000,
GPU,3,57.848,32686100910,0,0,0.000,0.000,0.000,0.000,
GPU,3,57.848,32686100910,0,0,0.000,0.000,0.000,0.000,
GPU,3,57.848,32686100910,0,0,0.000,0.000,0.000,0.000,
GPU,3,57.848,32686100910,0,0,0.000,0.000,0.000,0.000,
GPU,3,57.848,32686100910,0,0,0.000,0.000,0.000,0.000,
GPU,3,57.848,32686100910,0,0,0.000,0.000,0.000,0.000,
GPU,3,57.848,32686100910,0,0,0.000,0.000,0.000,0.000,
GPU,3,57.848,32686100910,0,0,0.000,0.000,0.000,0.000,
GPU,3,57.848,32686100910,0,0,0.000,0.000,0.000,0.000,
GPU,3,57.848,32686100910,0,0,0.000,0.000,0.000,0.000,
GPU,3,57.848,32686100910,0,0,0.000,0.000,0.000,0.000,
GPU,3,57.848,32686100910,0,0,0.000,0.000,0.000,0.000,
GPU,3,57.848,32686100910,0,0,0.000,0.000,0.000,0.000,
GPU,3,57.848,32686100910,0,0,0.000,0.000,0.000,0.000,
GPU,3,57.848,32686100910,0,0,0.000,0.000,0.000,0.000,
GPU,3,57.848,32686100910,0,0,0.000,0.000,0.000,0.000,
GPU,3,57.848,32686100910,0,0,0.000,0.000,0.000,0.000,
GPU,3,57.848,32686100910,0,0,0.000,0.000,0.000,0.000,
GPU,3,57.848,32686100910,0,0,0.000,0.000,0.000,0.000,
GPU,3,57.848,32686100910,0,0,0.000,0.000,0.000,0.000,
GPU,3,57.848,32686100910,0,0,0.000,0.000,0.000,0.000,
GPU,3,57.848,32686100910,0,0,0.000,0.000,0.000,0.000,
GPU,3,57.848,32686100910,0,0,0.000,0.000,0.000,0.000,
GPU,3,57.848,32686100910,0,0,0.000,0.000,0.000,0.000,
GPU,3,57.848,32686100910,0,0,0.000,0.000,0.000,0.000,
GPU,3,57.848,32686100910,0,0,0.000,0.000,0.000,0.000,
GPU,3,57.848,32686100910,0,0,0.000,0.000,0.000,0.000,
GPU,3,57.848,32686100910,0,0,0.000,0.000,0.000,0.000,
GPU,3,57.848,32686100910,0,0,0.000,0.000,0.000,0.000,
GPU,3,57.848,32686100910,0,0,0.000,0.000,0.000,0.000,
GPU,3,57.848,32686100910,0,0,0.000,0.000,0.000,0.000,
GPU,3,57.848,32686100910,0,0,0.000,0.000,0.000,0.000,
GPU,3,57.848,32686100910,0,0,0.000,0.000,0.000,0.000,
GPU,3,57.848,32686100910,0,0,0.000,0.000,0.000,0.000,
GPU,3,57.848,32686100910,0,0,0.000,0.000,0.000,0.000,
GPU,3,57.848,32686100910,0,0,0.000,0.000,0.000,0.000,
GPU,3,57.848,32686100910,0,0,0.000,0.000,0.000,0.000,
GPU,3,57.848,32686100910,0,0,0.000,0.000,0.000,0.000,
GPU,3,57.848,32686100910,0,0,0.000,0.000,0.000,0.000,
GPU,3,57.848,32686100910,0,0,0.000,0.000,0.000,0.000,
GPU,3,57.848,32686100910,0,0,0.000,0.000,0.000,0.000,
GPU,3,57.848,32686100910,0,0,0.000,0.000,0.000,0.000,
GPU,3,57.848,32686100910,0,0,0.000,0.000,0.000,0.000,
GPU,3,57.848,32686100910,0,0,0.000,0.000,0.000,0.000,
GPU,3,57.848,32686100910,0,0,0.000,0.000,0.000,0.000,
GPU,3,57.848,32686100910,0,0,0.000,0.000,0.000,0.000,
GPU,3,57.848,32686100910,0,0,0.000,0.000,0.000,0.000,
GPU,3,57.848,32686100910,0,0,0.000,0.000,0.000,0.000,
GPU,3,57.848,32686106670,0,0,0.000,0.000,0.000,0.000,
GPU,3,57.848,32686106670,0,0,0.000,0.000,0.000,0.000,
GPU,3,57.848,32686106670,0,0,0.000,0.000,0.000,0.000,
GPU,3,57.848,32686106670,0,0,0.000,0.000,0.000,0.000,
GPU,3,57.848,32686106670,0,0,0.000,0.000,0.000,0.000,
GPU,3,57.848,32686106670,0,0,0.000,0.000,0.000,0.000,
GPU,3,57.848,32686106670,0,0,0.000,0.000,0.000,0.000,
GPU,3,57.848,32686106670,0,0,0.000,0.000,0.000,0.000,
GPU,3,57.848,32686106670,0,0,0.000,0.000,0.000,0.000,
GPU,3,57.848,32686106670,0,0,0.000,0.000,0.000,0.000,
GPU,3,57.848,32686106670,0,0,0.000,0.000,0.000,0.000,
GPU,3,57.848,32686106670,0,0,0.000,0.000,0.000,0.000,
GPU,3,57.848,32686106670,0,0,0.000,0.000,0.000,0.000,
GPU,3,57.781,32686106670,0,0,0.000,0.000,0.000,0.000,
GPU,3,57.781,32686106670,0,0,0.000,0.000,0.000,0.000,
GPU,3,57.781,32686106670,0,0,0.000,0.000,0.000,0.000,
GPU,3,57.781,32686106670,0,0,0.000,0.000,0.000,0.000,
GPU,3,57.781,32686106670,0,0,0.000,0.000,0.000,0.000,
GPU,3,57.781,32686106670,0,0,0.000,0.000,0.000,0.000,
GPU,3,57.781,32686106670,0,0,0.000,0.000,0.000,0.000,
GPU,3,57.781,32686106670,0,0,0.000,0.000,0.000,0.000,
GPU,3,57.781,32686106670,0,0,0.000,0.000,0.000,0.000,
GPU,3,57.781,32686106670,0,0,0.000,0.000,0.000,0.000,
GPU,3,57.781,32686106670,0,0,0.000,0.000,0.000,0.000,
GPU,3,57.781,32686106670,0,0,0.000,0.000,0.000,0.000,
GPU,3,57.781,32686106670,0,0,0.000,0.000,0.000,0.000,
GPU,3,57.781,32686106670,0,0,0.000,0.000,0.000,0.000,
GPU,3,57.781,32686106670,0,0,0.000,0.000,0.000,0.000,
GPU,3,57.781,32686106670,0,0,0.000,0.000,0.000,0.000,
GPU,3,57.781,32686106670,0,0,0.000,0.000,0.000,0.000,
GPU,3,57.781,32686106670,0,0,0.000,0.000,0.000,0.000,
GPU,3,57.781,32686106670,0,0,0.000,0.000,0.000,0.000,
GPU,3,57.781,32686106670,0,0,0.000,0.000,0.000,0.000,
GPU,3,57.781,32686106670,0,0,0.000,0.000,0.000,0.000,
GPU,3,57.781,32686106670,0,0,0.000,0.000,0.000,0.000,
GPU,3,57.781,32686106670,0,0,0.000,0.000,0.000,0.000,
GPU,3,57.781,32686106670,0,0,0.000,0.000,0.000,0.000,
GPU,3,57.781,32686106670,0,0,0.000,0.000,0.000,0.000,
GPU,3,57.781,32686106670,0,0,0.000,0.000,0.000,0.000,
GPU,3,57.781,32686106670,0,0,0.000,0.000,0.000,0.000,
GPU,3,57.781,32686106670,0,0,0.000,0.000,0.000,0.000,
GPU,3,57.781,32686106670,0,0,0.000,0.000,0.000,0.000,
GPU,3,57.781,32686106670,0,0,0.000,0.000,0.000,0.000,
GPU,3,57.781,32686106670,0,0,0.000,0.000,0.000,0.000,
GPU,3,57.781,32686106670,0,0,0.000,0.000,0.000,0.000,
GPU,3,57.781,32686106670,0,0,0.000,0.000,0.000,0.000,
GPU,3,57.781,32686106670,0,0,0.000,0.000,0.000,0.000,
GPU,3,57.781,32686106670,0,0,0.000,0.000,0.000,0.000,
GPU,3,57.781,32686106670,0,0,0.000,0.000,0.000,0.000,
GPU,3,57.781,32686106670,0,0,0.000,0.000,0.000,0.000,
GPU,3,57.781,32686106670,0,0,0.000,0.000,0.000,0.000,
GPU,3,57.781,32686106670,0,0,0.000,0.000,0.000,0.000,
GPU,3,57.781,32686106670,0,0,0.000,0.000,0.000,0.000,
GPU,3,57.781,32686106670,0,0,0.000,0.000,0.000,0.000,
GPU,3,57.781,32686106670,0,0,0.000,0.000,0.000,0.000,
GPU,3,57.781,32686106670,0,0,0.000,0.000,0.000,0.000,
GPU,3,57.781,32686106670,0,0,0.000,0.000,0.000,0.000,
GPU,3,57.781,32686106670,0,0,0.000,0.000,0.000,0.000,
GPU,3,57.781,32686106670,0,0,0.000,0.000,0.000,0.000,
GPU,3,57.781,32686106670,0,0,0.000,0.000,0.000,0.000,
GPU,3,57.781,32686106670,0,0,0.000,0.000,0.000,0.000,
GPU,3,57.781,32686106670,0,0,0.000,0.000,0.000,0.000,
GPU,3,57.781,32686106670,0,0,0.000,0.000,0.000,0.000,
GPU,3,57.781,32686106670,0,0,0.000,0.000,0.000,0.000,
GPU,3,57.781,32686106670,0,0,0.000,0.000,0.000,0.000,
GPU,3,57.781,32686106670,0,0,0.000,0.000,0.000,0.000,
GPU,3,57.781,32686106670,0,0,0.000,0.000,0.000,0.000,
GPU,3,57.781,32686106670,0,0,0.000,0.000,0.000,0.000,
GPU,3,57.781,32686106670,0,0,0.000,0.000,0.000,0.000,
GPU,3,57.781,32686106670,0,0,0.000,0.000,0.000,0.000,
GPU,3,57.781,32686112513,0,0,0.000,0.000,0.000,0.000,
GPU,3,57.781,32686112513,0,0,0.000,0.000,0.000,0.000,
GPU,3,57.781,32686112513,0,0,0.000,0.000,0.000,0.000,
GPU,3,57.781,32686112513,0,0,0.000,0.000,0.000,0.000,
GPU,3,57.781,32686112513,0,0,0.000,0.000,0.000,0.000,
GPU,3,57.781,32686112513,0,0,0.000,0.000,0.000,0.000,
GPU,3,57.781,32686112513,0,0,0.000,0.000,0.000,0.000,
GPU,3,57.781,32686112513,0,0,0.000,0.000,0.000,0.000,
GPU,3,57.781,32686112513,0,0,0.000,0.000,0.000,0.000,
GPU,3,57.781,32686112513,0,0,0.000,0.000,0.000,0.000,
GPU,3,57.848,32686112513,0,0,0.000,0.000,0.000,0.000,
GPU,3,57.848,32686112513,0,0,0.000,0.000,0.000,0.000,
GPU,3,57.848,32686112513,0,0,0.000,0.000,0.000,0.000,
GPU,3,57.848,32686112513,0,0,0.000,0.000,0.000,0.000,
GPU,3,57.848,32686112513,0,0,0.000,0.000,0.000,0.000,
GPU,3,57.848,32686112513,0,0,0.000,0.000,0.000,0.000,
GPU,3,57.848,32686112513,0,0,0.000,0.000,0.000,0.000,
GPU,3,57.848,32686112513,0,0,0.000,0.000,0.000,0.000,
GPU,3,57.848,32686112513,0,0,0.000,0.000,0.000,0.000,
GPU,3,57.848,32686112513,0,0,0.000,0.000,0.000,0.000,
GPU,3,57.848,32686112513,0,0,0.000,0.000,0.000,0.000,
GPU,3,57.848,32686112513,0,0,0.000,0.000,0.000,0.000,
GPU,3,57.848,32686112513,0,0,0.000,0.000,0.000,0.000,
GPU,3,57.848,32686112513,0,0,0.000,0.000,0.000,0.000,
GPU,3,57.848,32686112513,0,0,0.000,0.000,0.000,0.000,
GPU,3,57.848,32686112513,0,0,0.000,0.000,0.000,0.000,
GPU,3,57.848,32686112513,0,0,0.000,0.000,0.000,0.000,
GPU,3,57.848,32686112513,0,0,0.000,0.000,0.000,0.000,
GPU,3,57.848,32686112513,0,0,0.000,0.000,0.000,0.000,
GPU,3,57.848,32686112513,0,0,0.000,0.000,0.000,0.000,
GPU,3,57.848,32686112513,0,0,0.000,0.000,0.000,0.000,
GPU,3,57.848,32686112513,0,0,0.000,0.000,0.000,0.000,
GPU,3,57.848,32686112513,0,0,0.000,0.000,0.000,0.000,
GPU,3,57.848,32686112513,0,0,0.000,0.000,0.000,0.000,
GPU,3,57.848,32686112513,0,0,0.000,0.000,0.000,0.000,
GPU,3,57.848,32686112513,0,0,0.000,0.000,0.000,0.000,
GPU,3,57.848,32686112513,0,0,0.000,0.000,0.000,0.000,
GPU,3,57.848,32686112513,0,0,0.000,0.000,0.000,0.000,
GPU,3,57.848,32686112513,0,0,0.000,0.000,0.000,0.000,
GPU,3,57.848,32686112513,0,0,0.000,0.000,0.000,0.000,
GPU,3,57.848,32686112513,0,0,0.000,0.000,0.000,0.000,
GPU,3,57.848,32686112513,0,0,0.000,0.000,0.000,0.000,
GPU,3,57.848,32686112513,0,0,0.000,0.000,0.000,0.000,
GPU,3,57.848,32686112513,0,0,0.000,0.000,0.000,0.000,
GPU,3,57.848,32686112513,0,0,0.000,0.000,0.000,0.000,
GPU,3,57.848,32686112513,0,0,0.000,0.000,0.000,0.000,
GPU,3,57.848,32686112513,0,0,0.000,0.000,0.000,0.000,
GPU,3,57.848,32686112513,0,0,0.000,0.000,0.000,0.000,
GPU,3,57.848,32686112513,0,0,0.000,0.000,0.000,0.000,
GPU,3,57.848,32686112513,0,0,0.000,0.000,0.000,0.000,
GPU,3,57.848,32686112513,0,0,0.000,0.000,0.000,0.000,
GPU,3,57.848,32686112513,0,0,0.000,0.000,0.000,0.000,
GPU,3,57.848,32686112513,0,0,0.000,0.000,0.000,0.000,
GPU,3,57.848,32686112513,0,0,0.000,0.000,0.000,0.000,
GPU,3,57.848,32686112513,0,0,0.000,0.000,0.000,0.000,
GPU,3,57.848,32686112513,0,0,0.000,0.000,0.000,0.000,
GPU,3,57.848,32686112513,0,0,0.000,0.000,0.000,0.000,
GPU,3,57.848,32686112513,0,0,0.000,0.000,0.000,0.000,
GPU,3,57.848,32686112513,0,0,0.000,0.000,0.000,0.000,
GPU,3,57.848,32686112513,0,0,0.000,0.000,0.000,0.000,
GPU,3,57.848,32686112513,0,0,0.000,0.000,0.000,0.000,
GPU,3,57.848,32686112513,0,0,0.000,0.000,0.000,0.000,
GPU,3,57.848,32686112513,0,0,0.000,0.000,0.000,0.000,
GPU,3,57.848,32686112513,0,0,0.000,0.000,0.000,0.000,
GPU,3,57.848,32686112513,0,0,0.000,0.000,0.000,0.000,
GPU,3,57.848,32686112513,0,0,0.000,0.000,0.000,0.000,
GPU,3,57.848,32686112513,0,0,0.000,0.000,0.000,0.000,
GPU,3,57.848,32686112513,0,0,0.000,0.000,0.000,0.000,
GPU,3,57.848,32686112513,0,0,0.000,0.000,0.000,0.000,
GPU,3,57.848,32686118380,0,0,0.000,0.000,0.000,0.000,
GPU,3,57.848,32686118380,0,0,0.000,0.000,0.000,0.000,
GPU,3,57.848,32686118380,0,0,0.000,0.000,0.000,0.000,
GPU,3,57.848,32686118380,0,0,0.000,0.000,0.000,0.000,
GPU,3,57.848,32686118380,0,0,0.000,0.000,0.000,0.000,
GPU,3,57.848,32686118380,0,0,0.000,0.000,0.000,0.000,
GPU,3,57.848,32686118380,0,0,0.000,0.000,0.000,0.000,
GPU,3,57.848,32686118380,0,0,0.000,0.000,0.000,0.000,
GPU,3,57.848,32686118380,0,0,0.000,0.000,0.000,0.000,
GPU,3,57.848,32686118380,0,0,0.000,0.000,0.000,0.000,
GPU,3,57.848,32686118380,0,0,0.000,0.000,0.000,0.000,
GPU,3,57.848,32686118380,0,0,0.000,0.000,0.000,0.000,
GPU,3,57.848,32686118380,0,0,0.000,0.000,0.000,0.000,
GPU,3,57.848,32686118380,0,0,0.000,0.000,0.000,0.000,
GPU,3,57.848,32686118380,0,0,0.000,0.000,0.000,0.000,
GPU,3,57.848,32686118380,0,0,0.000,0.000,0.000,0.000,
GPU,3,57.848,32686118380,0,0,0.000,0.000,0.000,0.000,
GPU,3,57.848,32686118380,0,0,0.000,0.000,0.000,0.000,
GPU,3,57.848,32686118380,0,0,0.000,0.000,0.000,0.000,
GPU,3,57.848,32686118380,0,0,0.000,0.000,0.000,0.000,
GPU,3,57.848,32686118380,0,0,0.000,0.000,0.000,0.000,
GPU,3,57.848,32686118380,0,0,0.000,0.000,0.000,0.000,
GPU,3,57.848,32686118380,0,0,0.000,0.000,0.000,0.000,
GPU,3,57.848,32686118380,0,0,0.000,0.000,0.000,0.000,
GPU,3,57.848,32686118380,0,0,0.000,0.000,0.000,0.000,
GPU,3,57.848,32686118380,0,0,0.000,0.000,0.000,0.000,
GPU,3,57.848,32686118380,0,0,0.000,0.000,0.000,0.000,
GPU,3,57.848,32686118380,0,0,0.000,0.000,0.000,0.000,
GPU,3,57.848,32686118380,0,0,0.000,0.000,0.000,0.000,
GPU,3,57.848,32686118380,0,0,0.000,0.000,0.000,0.000,
GPU,3,57.848,32686118380,0,0,0.000,0.000,0.000,0.000,
GPU,3,57.848,32686118380,0,0,0.000,0.000,0.000,0.000,
GPU,3,57.848,32686118380,0,0,0.000,0.000,0.000,0.000,
GPU,3,57.848,32686118380,0,0,0.000,0.000,0.000,0.000,
GPU,3,57.848,32686118380,0,0,0.000,0.000,0.000,0.000,
GPU,3,57.848,32686118380,0,0,0.000,0.000,0.000,0.000,
GPU,3,57.848,32686118380,0,0,0.000,0.000,0.000,0.000,
GPU,3,57.848,32686118380,0,0,0.000,0.000,0.000,0.000,
GPU,3,57.848,32686118380,0,0,0.000,0.000,0.000,0.000,
GPU,3,57.848,32686118380,0,0,0.000,0.000,0.000,0.000,
GPU,3,57.848,32686118380,0,0,0.000,0.000,0.000,0.000,
GPU,3,57.848,32686118380,0,0,0.000,0.000,0.000,0.000,
GPU,3,57.848,32686118380,0,0,0.000,0.000,0.000,0.000,
GPU,3,57.848,32686118380,0,0,0.000,0.000,0.000,0.000,
GPU,3,57.848,32686118380,0,0,0.000,0.000,0.000,0.000,
GPU,3,57.848,32686118380,0,0,0.000,0.000,0.000,0.000,
GPU,3,57.848,32686118380,0,0,0.000,0.000,0.000,0.000,
GPU,3,57.848,32686118380,0,0,0.000,0.000,0.000,0.000,
GPU,3,57.848,32686118380,0,0,0.000,0.000,0.000,0.000,
GPU,3,57.848,32686118380,0,0,0.000,0.000,0.000,0.000,
GPU,3,57.848,32686118380,0,0,0.000,0.000,0.000,0.000,
GPU,3,57.848,32686118380,0,0,0.000,0.000,0.000,0.000,
GPU,3,57.848,32686118380,0,0,0.000,0.000,0.000,0.000,
GPU,3,57.848,32686118380,0,0,0.000,0.000,0.000,0.000,
GPU,3,57.848,32686118380,0,0,0.000,0.000,0.000,0.000,
GPU,3,57.848,32686118380,0,0,0.000,0.000,0.000,0.000,
GPU,3,57.848,32686118380,0,0,0.000,0.000,0.000,0.000,
GPU,3,57.848,32686118380,0,0,0.000,0.000,0.000,0.000,
GPU,3,57.848,32686118380,0,0,0.000,0.000,0.000,0.000,
GPU,3,57.848,32686118380,0,0,0.000,0.000,0.000,0.000,
GPU,3,57.848,32686118380,0,0,0.000,0.000,0.000,0.000,
GPU,3,57.848,32686118380,0,0,0.000,0.000,0.000,0.000,
GPU,3,57.848,32686118380,0,0,0.000,0.000,0.000,0.000,
GPU,3,57.848,32686118380,0,0,0.000,0.000,0.000,0.000,
GPU,3,57.848,32686118380,0,0,0.000,0.000,0.000,0.000,
GPU,3,57.848,32686118380,0,0,0.000,0.000,0.000,0.000,
GPU,3,57.848,32686118380,0,0,0.000,0.000,0.000,0.000,
GPU,3,57.848,32686124147,0,0,0.000,0.000,0.000,0.000,
GPU,3,57.848,32686124147,0,0,0.000,0.000,0.000,0.000,
GPU,3,57.848,32686124147,0,0,0.000,0.000,0.000,0.000,
GPU,3,57.848,32686124147,0,0,0.000,0.000,0.000,0.000,
GPU,3,57.848,32686124147,0,0,0.000,0.000,0.000,0.000,
GPU,3,57.848,32686124147,0,0,0.000,0.000,0.000,0.000,
GPU,3,57.848,32686124147,0,0,0.000,0.000,0.000,0.000,
GPU,3,57.848,32686124147,0,0,0.000,0.000,0.000,0.000,
GPU,3,57.848,32686124147,0,0,0.000,0.000,0.000,0.000,
GPU,3,57.848,32686124147,0,0,0.000,0.000,0.000,0.000,
GPU,3,57.848,32686124147,0,0,0.000,0.000,0.000,0.000,
GPU,3,57.848,32686124147,0,0,0.000,0.000,0.000,0.000,
GPU,3,57.848,32686124147,0,0,0.000,0.000,0.000,0.000,
GPU,3,57.848,32686124147,0,0,0.000,0.000,0.000,0.000,
GPU,3,57.848,32686124147,0,0,0.000,0.000,0.000,0.000,
GPU,3,57.848,32686124147,0,0,0.000,0.000,0.000,0.000,
GPU,3,57.848,32686124147,0,0,0.000,0.000,0.000,0.000,
GPU,3,57.848,32686124147,0,0,0.000,0.000,0.000,0.000,
GPU,3,57.848,32686124147,0,0,0.000,0.000,0.000,0.000,
GPU,3,57.848,32686124147,0,0,0.000,0.000,0.000,0.000,
GPU,3,57.848,32686124147,0,0,0.000,0.000,0.000,0.000,
GPU,3,57.848,32686124147,0,0,0.000,0.000,0.000,0.000,
GPU,3,57.848,32686124147,0,0,0.000,0.000,0.000,0.000,
GPU,3,57.848,32686124147,0,0,0.000,0.000,0.000,0.000,
GPU,3,57.848,32686124147,0,0,0.000,0.000,0.000,0.000,
GPU,3,57.848,32686124147,0,0,0.000,0.000,0.000,0.000,
GPU,3,57.848,32686124147,0,0,0.000,0.000,0.000,0.000,
GPU,3,57.848,32686124147,0,0,0.000,0.000,0.000,0.000,
GPU,3,57.848,32686124147,0,0,0.000,0.000,0.000,0.000,
GPU,3,57.848,32686124147,0,0,0.000,0.000,0.000,0.000,
GPU,3,57.848,32686124147,0,0,0.000,0.000,0.000,0.000,
GPU,3,57.848,32686124147,0,0,0.000,0.000,0.000,0.000,
GPU,3,57.848,32686124147,0,0,0.000,0.000,0.000,0.000,
GPU,3,57.848,32686124147,0,0,0.000,0.000,0.000,0.000,
GPU,3,57.848,32686124147,0,0,0.000,0.000,0.000,0.000,
GPU,3,57.848,32686124147,0,0,0.000,0.000,0.000,0.000,
GPU,3,57.848,32686124147,0,0,0.000,0.000,0.000,0.000,
GPU,3,57.848,32686124147,0,0,0.000,0.000,0.000,0.000,
GPU,3,57.848,32686124147,0,0,0.000,0.000,0.000,0.000,
GPU,3,57.848,32686124147,0,0,0.000,0.000,0.000,0.000,
GPU,3,57.848,32686124147,0,0,0.000,0.000,0.000,0.000,
GPU,3,57.848,32686124147,0,0,0.000,0.000,0.000,0.000,
GPU,3,57.848,32686124147,0,0,0.000,0.000,0.000,0.000,
GPU,3,57.848,32686124147,0,0,0.000,0.000,0.000,0.000,
GPU,3,57.848,32686124147,0,0,0.000,0.000,0.000,0.000,
GPU,3,57.848,32686124147,0,0,0.000,0.000,0.000,0.000,
GPU,3,57.848,32686124147,0,0,0.000,0.000,0.000,0.000,
GPU,3,57.848,32686124147,0,0,0.000,0.000,0.000,0.000,
GPU,3,57.848,32686124147,0,0,0.000,0.000,0.000,0.000,
GPU,3,57.848,32686124147,0,0,0.000,0.000,0.000,0.000,
GPU,3,57.848,32686124147,0,0,0.000,0.000,0.000,0.000,
GPU,3,57.848,32686124147,0,0,0.000,0.000,0.000,0.000,
GPU,3,57.848,32686124147,0,0,0.000,0.000,0.000,0.000,
GPU,3,57.848,32686124147,0,0,0.000,0.000,0.000,0.000,
GPU,3,57.848,32686124147,0,0,0.000,0.000,0.000,0.000,
GPU,3,57.848,32686124147,0,0,0.000,0.000,0.000,0.000,
GPU,3,57.848,32686124147,0,0,0.000,0.000,0.000,0.000,
GPU,3,57.848,32686124147,0,0,0.000,0.000,0.000,0.000,
GPU,3,57.848,32686124147,0,0,0.000,0.000,0.000,0.000,
GPU,3,57.848,32686124147,0,0,0.000,0.000,0.000,0.000,
GPU,3,57.848,32686124147,0,0,0.000,0.000,0.000,0.000,
GPU,3,57.848,32686124147,0,0,0.000,0.000,0.000,0.000,
GPU,3,57.848,32686124147,0,0,0.000,0.000,0.000,0.000,
GPU,3,57.848,32686124147,0,0,0.000,0.000,0.000,0.000,
GPU,3,57.848,32686124147,0,0,0.000,0.000,0.000,0.000,
GPU,3,57.848,32686124147,0,0,0.000,0.000,0.000,0.000,
GPU,3,57.848,32686124147,0,0,0.000,0.000,0.000,0.000,
GPU,3,57.848,32686129950,0,0,0.000,0.000,0.000,0.000,
GPU,3,57.848,32686129950,0,0,0.000,0.000,0.000,0.000,
GPU,3,57.848,32686129950,0,0,0.000,0.000,0.000,0.000,
GPU,3,57.848,32686129950,0,0,0.000,0.000,0.000,0.000,
GPU,3,57.848,32686129950,0,0,0.000,0.000,0.000,0.000,
GPU,3,57.848,32686129950,0,0,0.000,0.000,0.000,0.000,
GPU,3,57.848,32686129950,0,0,0.000,0.000,0.000,0.000,
GPU,3,57.848,32686129950,0,0,0.000,0.000,0.000,0.000,
GPU,3,57.848,32686129950,0,0,0.000,0.000,0.000,0.000,
GPU,3,57.848,32686129950,0,0,0.000,0.000,0.000,0.000,
GPU,3,57.848,32686129950,0,0,0.000,0.000,0.000,0.000,
GPU,3,57.848,32686129950,0,0,0.000,0.000,0.000,0.000,
GPU,3,57.848,32686129950,0,0,0.000,0.000,0.000,0.000,
GPU,3,57.848,32686129950,0,0,0.000,0.000,0.000,0.000,
GPU,3,57.848,32686129950,0,0,0.000,0.000,0.000,0.000,
GPU,3,57.848,32686129950,0,0,0.000,0.000,0.000,0.000,
GPU,3,57.848,32686129950,0,0,0.000,0.000,0.000,0.000,
GPU,3,57.848,32686129950,0,0,0.000,0.000,0.000,0.000,
GPU,3,57.848,32686129950,0,0,0.000,0.000,0.000,0.000,
GPU,3,57.848,32686129950,0,0,0.000,0.000,0.000,0.000,
GPU,3,57.848,32686129950,0,0,0.000,0.000,0.000,0.000,
GPU,3,58.165,32686129950,0,0,0.000,0.000,0.000,0.000,
GPU,3,58.165,32686129950,0,0,0.000,0.000,0.000,0.000,
GPU,3,58.165,32686129950,0,0,0.000,0.000,0.000,0.000,
GPU,3,58.165,32686129950,0,0,0.000,0.000,0.000,0.000,
GPU,3,58.165,32686129950,0,0,0.000,0.000,0.000,0.000,
GPU,3,58.165,32686129950,0,0,0.000,0.000,0.000,0.000,
GPU,3,58.165,32686129950,0,0,0.000,0.000,0.000,0.000,
GPU,3,58.165,32686129950,0,0,0.000,0.000,0.000,0.000,
GPU,3,58.165,32686129950,0,0,0.000,0.000,0.000,0.000,
GPU,3,58.165,32686129950,0,0,0.000,0.000,0.000,0.000,
GPU,3,58.165,32686129950,0,0,0.000,0.000,0.000,0.000,
GPU,3,58.165,32686129950,0,0,0.000,0.000,0.000,0.000,
GPU,3,58.165,32686129950,0,0,0.000,0.000,0.000,0.000,
GPU,3,58.165,32686129950,0,0,0.000,0.000,0.000,0.000,
GPU,3,58.165,32686129950,0,0,0.000,0.000,0.000,0.000,
GPU,3,58.165,32686129950,0,0,0.000,0.000,0.000,0.000,
GPU,3,58.165,32686129950,0,0,0.000,0.000,0.000,0.000,
GPU,3,58.165,32686129950,0,0,0.000,0.000,0.000,0.000,
GPU,3,58.165,32686129950,0,0,0.000,0.000,0.000,0.000,
GPU,3,58.165,32686129950,0,0,0.000,0.000,0.000,0.000,
GPU,3,58.165,32686129950,0,0,0.000,0.000,0.000,0.000,
GPU,3,58.165,32686129950,0,0,0.000,0.000,0.000,0.000,
GPU,3,58.165,32686129950,0,0,0.000,0.000,0.000,0.000,
GPU,3,58.165,32686129950,0,0,0.000,0.000,0.000,0.000,
GPU,3,58.165,32686129950,0,0,0.000,0.000,0.000,0.000,
GPU,3,58.165,32686129950,0,0,0.000,0.000,0.000,0.000,
GPU,3,58.165,32686129950,0,0,0.000,0.000,0.000,0.000,
GPU,3,58.165,32686129950,0,0,0.000,0.000,0.000,0.000,
GPU,3,58.165,32686129950,0,0,0.000,0.000,0.000,0.000,
GPU,3,58.165,32686129950,0,0,0.000,0.000,0.000,0.000,
GPU,3,58.165,32686129950,0,0,0.000,0.000,0.000,0.000,
GPU,3,58.165,32686129950,0,0,0.000,0.000,0.000,0.000,
GPU,3,58.165,32686129950,0,0,0.000,0.000,0.000,0.000,
GPU,3,58.165,32686129950,0,0,0.000,0.000,0.000,0.000,
GPU,3,58.165,32686129950,0,0,0.000,0.000,0.000,0.000,
GPU,3,58.165,32686129950,0,0,0.000,0.000,0.000,0.000,
GPU,3,58.165,32686129950,0,0,0.000,0.000,0.000,0.000,
GPU,3,58.165,32686129950,0,0,0.000,0.000,0.000,0.000,
GPU,3,58.165,32686129950,0,0,0.000,0.000,0.000,0.000,
GPU,3,58.165,32686129950,0,0,0.000,0.000,0.000,0.000,
GPU,3,58.165,32686129950,0,0,0.000,0.000,0.000,0.000,
GPU,3,58.165,32686129950,0,0,0.000,0.000,0.000,0.000,
GPU,3,58.165,32686129950,0,0,0.000,0.000,0.000,0.000,
GPU,3,58.165,32686129950,0,0,0.000,0.000,0.000,0.000,
GPU,3,58.165,32686129950,0,0,0.000,0.000,0.000,0.000,
GPU,3,58.165,32686129950,0,0,0.000,0.000,0.000,0.000,
GPU,3,58.165,32686129950,0,0,0.000,0.000,0.000,0.000,
GPU,3,58.165,32686129950,0,0,0.000,0.000,0.000,0.000,
GPU,3,58.165,32686135822,0,0,0.000,0.000,0.000,0.000,
GPU,3,58.165,32686135822,0,0,0.000,0.000,0.000,0.000,
GPU,3,58.165,32686135822,0,0,0.000,0.000,0.000,0.000,
GPU,3,58.165,32686135822,0,0,0.000,0.000,0.000,0.000,
GPU,3,58.165,32686135822,0,0,0.000,0.000,0.000,0.000,
GPU,3,58.165,32686135822,0,0,0.000,0.000,0.000,0.000,
GPU,3,58.165,32686135822,0,0,0.000,0.000,0.000,0.000,
GPU,3,58.165,32686135822,0,0,0.000,0.000,0.000,0.000,
GPU,3,58.165,32686135822,0,0,0.000,0.000,0.000,0.000,
GPU,3,58.165,32686135822,0,0,0.000,0.000,0.000,0.000,
GPU,3,58.165,32686135822,0,0,0.000,0.000,0.000,0.000,
GPU,3,58.165,32686135822,0,0,0.000,0.000,0.000,0.000,
GPU,3,58.165,32686135822,0,0,0.000,0.000,0.000,0.000,
GPU,3,58.165,32686135822,0,0,0.000,0.000,0.000,0.000,
GPU,3,58.165,32686135822,0,0,0.000,0.000,0.000,0.000,
GPU,3,58.165,32686135822,0,0,0.000,0.000,0.000,0.000,
GPU,3,57.848,32686135822,0,0,0.000,0.000,0.000,0.000,
GPU,3,57.848,32686135822,0,0,0.000,0.000,0.000,0.000,
GPU,3,57.848,32686135822,0,0,0.000,0.000,0.000,0.000,
GPU,3,57.848,32686135822,0,0,0.000,0.000,0.000,0.000,
GPU,3,57.848,32686135822,0,0,0.000,0.000,0.000,0.000,
GPU,3,57.848,32686135822,0,0,0.000,0.000,0.000,0.000,
GPU,3,57.848,32686135822,0,0,0.000,0.000,0.000,0.000,
GPU,3,57.848,32686135822,0,0,0.000,0.000,0.000,0.000,
GPU,3,57.848,32686135822,0,0,0.000,0.000,0.000,0.000,
GPU,3,57.848,32686135822,0,0,0.000,0.000,0.000,0.000,
GPU,3,57.848,32686135822,0,0,0.000,0.000,0.000,0.000,
GPU,3,57.848,32686135822,0,0,0.000,0.000,0.000,0.000,
GPU,3,57.848,32686135822,0,0,0.000,0.000,0.000,0.000,
GPU,3,57.848,32686135822,0,0,0.000,0.000,0.000,0.000,
GPU,3,57.848,32686135822,0,0,0.000,0.000,0.000,0.000,
GPU,3,57.848,32686135822,0,0,0.000,0.000,0.000,0.000,
GPU,3,57.848,32686135822,0,0,0.000,0.000,0.000,0.000,
GPU,3,57.848,32686135822,0,0,0.000,0.000,0.000,0.000,
GPU,3,57.848,32686135822,0,0,0.000,0.000,0.000,0.000,
GPU,3,57.848,32686135822,0,0,0.000,0.000,0.000,0.000,
GPU,3,57.848,32686135822,0,0,0.000,0.000,0.000,0.000,
GPU,3,57.848,32686135822,0,0,0.000,0.000,0.000,0.000,
GPU,3,57.848,32686135822,0,0,0.000,0.000,0.000,0.000,
GPU,3,57.848,32686135822,0,0,0.000,0.000,0.000,0.000,
GPU,3,57.848,32686135822,0,0,0.000,0.000,0.000,0.000,
GPU,3,57.848,32686135822,0,0,0.000,0.000,0.000,0.000,
GPU,3,57.848,32686135822,0,0,0.000,0.000,0.000,0.000,
GPU,3,57.848,32686135822,0,0,0.000,0.000,0.000,0.000,
GPU,3,57.848,32686135822,0,0,0.000,0.000,0.000,0.000,
GPU,3,57.848,32686135822,0,0,0.000,0.000,0.000,0.000,
GPU,3,57.848,32686135822,0,0,0.000,0.000,0.000,0.000,
GPU,3,57.848,32686135822,0,0,0.000,0.000,0.000,0.000,
GPU,3,57.848,32686135822,0,0,0.000,0.000,0.000,0.000,
GPU,3,57.848,32686135822,0,0,0.000,0.000,0.000,0.000,
GPU,3,57.848,32686135822,0,0,0.000,0.000,0.000,0.000,
GPU,3,57.848,32686135822,0,0,0.000,0.000,0.000,0.000,
GPU,3,57.848,32686135822,0,0,0.000,0.000,0.000,0.000,
GPU,3,57.848,32686135822,0,0,0.000,0.000,0.000,0.000,
GPU,3,57.848,32686135822,0,0,0.000,0.000,0.000,0.000,
GPU,3,57.848,32686135822,0,0,0.000,0.000,0.000,0.000,
GPU,3,57.848,32686135822,0,0,0.000,0.000,0.000,0.000,
GPU,3,57.848,32686135822,0,0,0.000,0.000,0.000,0.000,
GPU,3,57.848,32686135822,0,0,0.000,0.000,0.000,0.000,
GPU,3,57.848,32686135822,0,0,0.000,0.000,0.000,0.000,
GPU,3,57.848,32686135822,0,0,0.000,0.000,0.000,0.000,
GPU,3,57.848,32686135822,0,0,0.000,0.000,0.000,0.000,
GPU,3,57.848,32686135822,0,0,0.000,0.000,0.000,0.000,
GPU,3,57.848,32686135822,0,0,0.000,0.000,0.000,0.000,
GPU,3,57.848,32686135822,0,0,0.000,0.000,0.000,0.000,
GPU,3,57.848,32686135822,0,0,0.000,0.000,0.000,0.000,
GPU,3,57.848,32686141597,0,0,0.000,0.000,0.000,0.000,
GPU,3,57.848,32686141597,0,0,0.000,0.000,0.000,0.000,
GPU,3,57.848,32686141597,0,0,0.000,0.000,0.000,0.000,
GPU,3,57.848,32686141597,0,0,0.000,0.000,0.000,0.000,
GPU,3,57.848,32686141597,0,0,0.000,0.000,0.000,0.000,
GPU,3,57.848,32686141597,0,0,0.000,0.000,0.000,0.000,
GPU,3,57.848,32686141597,0,0,0.000,0.000,0.000,0.000,
GPU,3,57.848,32686141597,0,0,0.000,0.000,0.000,0.000,
GPU,3,57.848,32686141597,0,0,0.000,0.000,0.000,0.000,
GPU,3,57.848,32686141597,0,0,0.000,0.000,0.000,0.000,
GPU,3,57.848,32686141597,0,0,0.000,0.000,0.000,0.000,
GPU,3,57.848,32686141597,0,0,0.000,0.000,0.000,0.000,
GPU,3,57.848,32686141597,0,0,0.000,0.000,0.000,0.000,
GPU,3,57.848,32686141597,0,0,0.000,0.000,0.000,0.000,
GPU,3,57.848,32686141597,0,0,0.000,0.000,0.000,0.000,
GPU,3,57.848,32686141597,0,0,0.000,0.000,0.000,0.000,
GPU,3,57.848,32686141597,0,0,0.000,0.000,0.000,0.000,
GPU,3,57.848,32686141597,0,0,0.000,0.000,0.000,0.000,
GPU,3,57.848,32686141597,0,0,0.000,0.000,0.000,0.000,
GPU,3,57.848,32686141597,0,0,0.000,0.000,0.000,0.000,
GPU,3,57.848,32686141597,0,0,0.000,0.000,0.000,0.000,
GPU,3,57.848,32686141597,0,0,0.000,0.000,0.000,0.000,
GPU,3,57.848,32686141597,0,0,0.000,0.000,0.000,0.000,
GPU,3,57.848,32686141597,0,0,0.000,0.000,0.000,0.000,
GPU,3,57.848,32686141597,0,0,0.000,0.000,0.000,0.000,
GPU,3,57.848,32686141597,0,0,0.000,0.000,0.000,0.000,
GPU,3,57.848,32686141597,0,0,0.000,0.000,0.000,0.000,
GPU,3,57.848,32686141597,0,0,0.000,0.000,0.000,0.000,
GPU,3,57.848,32686141597,0,0,0.000,0.000,0.000,0.000,
GPU,3,57.848,32686141597,0,0,0.000,0.000,0.000,0.000,
GPU,3,57.848,32686141597,0,0,0.000,0.000,0.000,0.000,
GPU,3,57.848,32686141597,0,0,0.000,0.000,0.000,0.000,
GPU,3,57.848,32686141597,0,0,0.000,0.000,0.000,0.000,
GPU,3,57.848,32686141597,0,0,0.000,0.000,0.000,0.000,
GPU,3,57.848,32686141597,0,0,0.000,0.000,0.000,0.000,
GPU,3,57.848,32686141597,0,0,0.000,0.000,0.000,0.000,
GPU,3,57.848,32686141597,0,0,0.000,0.000,0.000,0.000,
GPU,3,57.848,32686141597,0,0,0.000,0.000,0.000,0.000,
GPU,3,57.848,32686141597,0,0,0.000,0.000,0.000,0.000,
GPU,3,57.848,32686141597,0,0,0.000,0.000,0.000,0.000,
GPU,3,57.848,32686141597,0,0,0.000,0.000,0.000,0.000,
GPU,3,57.848,32686141597,0,0,0.000,0.000,0.000,0.000,
GPU,3,57.848,32686141597,0,0,0.000,0.000,0.000,0.000,
GPU,3,57.848,32686141597,0,0,0.000,0.000,0.000,0.000,
GPU,3,57.848,32686141597,0,0,0.000,0.000,0.000,0.000,
GPU,3,57.848,32686141597,0,0,0.000,0.000,0.000,0.000,
GPU,3,57.848,32686141597,0,0,0.000,0.000,0.000,0.000,
GPU,3,57.848,32686141597,0,0,0.000,0.000,0.000,0.000,
GPU,3,57.848,32686141597,0,0,0.000,0.000,0.000,0.000,
GPU,3,57.848,32686141597,0,0,0.000,0.000,0.000,0.000,
GPU,3,57.848,32686141597,0,0,0.000,0.000,0.000,0.000,
GPU,3,57.848,32686141597,0,0,0.000,0.000,0.000,0.000,
GPU,3,57.848,32686141597,0,0,0.000,0.000,0.000,0.000,
GPU,3,57.848,32686141597,0,0,0.000,0.000,0.000,0.000,
GPU,3,57.848,32686141597,0,0,0.000,0.000,0.000,0.000,
GPU,3,57.848,32686141597,0,0,0.000,0.000,0.000,0.000,
GPU,3,57.848,32686141597,0,0,0.000,0.000,0.000,0.000,
GPU,3,57.848,32686141597,0,0,0.000,0.000,0.000,0.000,
GPU,3,57.848,32686141597,0,0,0.000,0.000,0.000,0.000,
GPU,3,57.848,32686141597,0,0,0.000,0.000,0.000,0.000,
GPU,3,57.848,32686141597,0,0,0.000,0.000,0.000,0.000,
GPU,3,57.848,32686141597,0,0,0.000,0.000,0.000,0.000,
GPU,3,57.848,32686141597,0,0,0.000,0.000,0.000,0.000,
GPU,3,57.848,32686141597,0,0,0.000,0.000,0.000,0.000,
GPU,3,57.848,32686141597,0,0,0.000,0.000,0.000,0.000,
GPU,3,57.848,32686141597,0,0,0.000,0.000,0.000,0.000,
GPU,3,57.848,32686141597,0,0,0.000,0.000,0.000,0.000,
GPU,3,57.848,32686141597,0,0,0.000,0.000,0.000,0.000,
GPU,3,57.848,32686147415,0,0,0.000,0.000,0.000,0.000,
GPU,3,57.848,32686147415,0,0,0.000,0.000,0.000,0.000,
GPU,3,57.848,32686147415,0,0,0.000,0.000,0.000,0.000,
GPU,3,57.848,32686147415,0,0,0.000,0.000,0.000,0.000,
GPU,3,57.848,32686147415,0,0,0.000,0.000,0.000,0.000,
GPU,3,57.848,32686147415,0,0,0.000,0.000,0.000,0.000,
GPU,3,57.848,32686147415,0,0,0.000,0.000,0.000,0.000,
GPU,3,57.848,32686147415,0,0,0.000,0.000,0.000,0.000,
GPU,3,57.848,32686147415,0,0,0.000,0.000,0.000,0.000,
GPU,3,57.848,32686147415,0,0,0.000,0.000,0.000,0.000,
GPU,3,57.848,32686147415,0,0,0.000,0.000,0.000,0.000,
GPU,3,57.848,32686147415,0,0,0.000,0.000,0.000,0.000,
GPU,3,57.848,32686147415,0,0,0.000,0.000,0.000,0.000,
GPU,3,57.848,32686147415,0,0,0.000,0.000,0.000,0.000,
GPU,3,57.848,32686147415,0,0,0.000,0.000,0.000,0.000,
GPU,3,57.848,32686147415,0,0,0.000,0.000,0.000,0.000,
GPU,3,57.848,32686147415,0,0,0.000,0.000,0.000,0.000,
GPU,3,57.848,32686147415,0,0,0.000,0.000,0.000,0.000,
GPU,3,57.848,32686147415,0,0,0.000,0.000,0.000,0.000,
GPU,3,57.848,32686147415,0,0,0.000,0.000,0.000,0.000,
GPU,3,57.848,32686147415,0,0,0.000,0.000,0.000,0.000,
GPU,3,57.848,32686147415,0,0,0.000,0.000,0.000,0.000,
GPU,3,57.848,32686147415,0,0,0.000,0.000,0.000,0.000,
GPU,3,57.848,32686147415,0,0,0.000,0.000,0.000,0.000,
GPU,3,57.848,32686147415,0,0,0.000,0.000,0.000,0.000,
GPU,3,57.848,32686147415,0,0,0.000,0.000,0.000,0.000,
GPU,3,57.848,32686147415,0,0,0.000,0.000,0.000,0.000,
GPU,3,57.848,32686147415,0,0,0.000,0.000,0.000,0.000,
GPU,3,57.848,32686147415,0,0,0.000,0.000,0.000,0.000,
GPU,3,57.848,32686147415,0,0,0.000,0.000,0.000,0.000,
GPU,3,57.848,32686147415,0,0,0.000,0.000,0.000,0.000,
GPU,3,57.848,32686147415,0,0,0.000,0.000,0.000,0.000,
GPU,3,57.848,32686147415,0,0,0.000,0.000,0.000,0.000,
GPU,3,57.848,32686147415,0,0,0.000,0.000,0.000,0.000,
GPU,3,57.848,32686147415,0,0,0.000,0.000,0.000,0.000,
GPU,3,57.848,32686147415,0,0,0.000,0.000,0.000,0.000,
GPU,3,57.848,32686147415,0,0,0.000,0.000,0.000,0.000,
GPU,3,57.848,32686147415,0,0,0.000,0.000,0.000,0.000,
GPU,3,57.848,32686147415,0,0,0.000,0.000,0.000,0.000,
GPU,3,57.848,32686147415,0,0,0.000,0.000,0.000,0.000,
GPU,3,57.848,32686147415,0,0,0.000,0.000,0.000,0.000,
GPU,3,57.848,32686147415,0,0,0.000,0.000,0.000,0.000,
GPU,3,57.848,32686147415,0,0,0.000,0.000,0.000,0.000,
GPU,3,57.848,32686147415,0,0,0.000,0.000,0.000,0.000,
GPU,3,57.848,32686147415,0,0,0.000,0.000,0.000,0.000,
GPU,3,57.848,32686147415,0,0,0.000,0.000,0.000,0.000,
GPU,3,57.848,32686147415,0,0,0.000,0.000,0.000,0.000,
GPU,3,57.848,32686147415,0,0,0.000,0.000,0.000,0.000,
GPU,3,57.848,32686147415,0,0,0.000,0.000,0.000,0.000,
GPU,3,57.848,32686147415,0,0,0.000,0.000,0.000,0.000,
GPU,3,57.848,32686147415,0,0,0.000,0.000,0.000,0.000,
GPU,3,57.848,32686147415,0,0,0.000,0.000,0.000,0.000,
GPU,3,57.848,32686147415,0,0,0.000,0.000,0.000,0.000,
GPU,3,57.848,32686147415,0,0,0.000,0.000,0.000,0.000,
GPU,3,57.848,32686147415,0,0,0.000,0.000,0.000,0.000,
GPU,3,57.848,32686147415,0,0,0.000,0.000,0.000,0.000,
GPU,3,57.848,32686147415,0,0,0.000,0.000,0.000,0.000,
GPU,3,57.848,32686147415,0,0,0.000,0.000,0.000,0.000,
GPU,3,57.848,32686147415,0,0,0.000,0.000,0.000,0.000,
GPU,3,57.848,32686147415,0,0,0.000,0.000,0.000,0.000,
GPU,3,57.848,32686147415,0,0,0.000,0.000,0.000,0.000,
GPU,3,57.848,32686147415,0,0,0.000,0.000,0.000,0.000,
GPU,3,57.848,32686147415,0,0,0.000,0.000,0.000,0.000,
GPU,3,57.848,32686147415,0,0,0.000,0.000,0.000,0.000,
GPU,3,57.848,32686147415,0,0,0.000,0.000,0.000,0.000,
GPU,3,57.848,32686147415,0,0,0.000,0.000,0.000,0.000,
GPU,3,57.848,32686147415,0,0,0.000,0.000,0.000,0.000,
GPU,3,57.848,32686153253,0,0,0.000,0.000,0.000,0.000,
GPU,3,57.848,32686153253,0,0,0.000,0.000,0.000,0.000,
GPU,3,57.848,32686153253,0,0,0.000,0.000,0.000,0.000,
GPU,3,57.848,32686153253,0,0,0.000,0.000,0.000,0.000,
GPU,3,57.848,32686153253,0,0,0.000,0.000,0.000,0.000,
GPU,3,57.848,32686153253,0,0,0.000,0.000,0.000,0.000,
GPU,3,57.848,32686153253,0,0,0.000,0.000,0.000,0.000,
GPU,3,57.848,32686153253,0,0,0.000,0.000,0.000,0.000,
GPU,3,57.848,32686153253,0,0,0.000,0.000,0.000,0.000,
GPU,3,57.848,32686153253,0,0,0.000,0.000,0.000,0.000,
GPU,3,57.848,32686153253,0,0,0.000,0.000,0.000,0.000,
GPU,3,57.848,32686153253,0,0,0.000,0.000,0.000,0.000,
GPU,3,57.848,32686153253,0,0,0.000,0.000,0.000,0.000,
GPU,3,57.848,32686153253,0,0,0.000,0.000,0.000,0.000,
GPU,3,57.848,32686153253,0,0,0.000,0.000,0.000,0.000,
GPU,3,57.848,32686153253,0,0,0.000,0.000,0.000,0.000,
GPU,3,57.848,32686153253,0,0,0.000,0.000,0.000,0.000,
GPU,3,57.848,32686153253,0,0,0.000,0.000,0.000,0.000,
GPU,3,57.848,32686153253,0,0,0.000,0.000,0.000,0.000,
GPU,3,57.848,32686153253,0,0,0.000,0.000,0.000,0.000,
GPU,3,57.848,32686153253,0,0,0.000,0.000,0.000,0.000,
GPU,3,57.848,32686153253,0,0,0.000,0.000,0.000,0.000,
GPU,3,57.848,32686153253,0,0,0.000,0.000,0.000,0.000,
GPU,3,57.848,32686153253,0,0,0.000,0.000,0.000,0.000,
GPU,3,57.848,32686153253,0,0,0.000,0.000,0.000,0.000,
GPU,3,57.848,32686153253,0,0,0.000,0.000,0.000,0.000,
GPU,3,57.848,32686153253,0,0,0.000,0.000,0.000,0.000,
GPU,3,57.914,32686153253,0,0,0.000,0.000,0.000,0.000,
GPU,3,57.914,32686153253,0,0,0.000,0.000,0.000,0.000,
GPU,3,57.914,32686153253,0,0,0.000,0.000,0.000,0.000,
GPU,3,57.914,32686153253,0,0,0.000,0.000,0.000,0.000,
GPU,3,57.914,32686153253,0,0,0.000,0.000,0.000,0.000,
GPU,3,57.914,32686153253,0,0,0.000,0.000,0.000,0.000,
GPU,3,57.914,32686153253,0,0,0.000,0.000,0.000,0.000,
GPU,3,57.914,32686153253,0,0,0.000,0.000,0.000,0.000,
GPU,3,57.914,32686153253,0,0,0.000,0.000,0.000,0.000,
GPU,3,57.914,32686153253,0,0,0.000,0.000,0.000,0.000,
GPU,3,57.914,32686153253,0,0,0.000,0.000,0.000,0.000,
GPU,3,57.914,32686153253,0,0,0.000,0.000,0.000,0.000,
GPU,3,57.914,32686153253,0,0,0.000,0.000,0.000,0.000,
GPU,3,57.914,32686153253,0,0,0.000,0.000,0.000,0.000,
GPU,3,57.914,32686153253,0,0,0.000,0.000,0.000,0.000,
GPU,3,57.914,32686153253,0,0,0.000,0.000,0.000,0.000,
GPU,3,57.914,32686153253,0,0,0.000,0.000,0.000,0.000,
GPU,3,57.914,32686153253,0,0,0.000,0.000,0.000,0.000,
GPU,3,57.914,32686153253,0,0,0.000,0.000,0.000,0.000,
GPU,3,57.914,32686153253,0,0,0.000,0.000,0.000,0.000,
GPU,3,57.914,32686153253,0,0,0.000,0.000,0.000,0.000,
GPU,3,57.914,32686153253,0,0,0.000,0.000,0.000,0.000,
GPU,3,57.914,32686153253,0,0,0.000,0.000,0.000,0.000,
GPU,3,57.914,32686153253,0,0,0.000,0.000,0.000,0.000,
GPU,3,57.914,32686153253,0,0,0.000,0.000,0.000,0.000,
GPU,3,57.914,32686153253,0,0,0.000,0.000,0.000,0.000,
GPU,3,57.914,32686153253,0,0,0.000,0.000,0.000,0.000,
GPU,3,57.914,32686153253,0,0,0.000,0.000,0.000,0.000,
GPU,3,57.914,32686153253,0,0,0.000,0.000,0.000,0.000,
GPU,3,57.914,32686153253,0,0,0.000,0.000,0.000,0.000,
GPU,3,57.914,32686153253,0,0,0.000,0.000,0.000,0.000,
GPU,3,57.914,32686153253,0,0,0.000,0.000,0.000,0.000,
GPU,3,57.914,32686153253,0,0,0.000,0.000,0.000,0.000,
GPU,3,57.914,32686153253,0,0,0.000,0.000,0.000,0.000,
GPU,3,57.914,32686153253,0,0,0.000,0.000,0.000,0.000,
GPU,3,57.914,32686153253,0,0,0.000,0.000,0.000,0.000,
GPU,3,57.914,32686153253,0,0,0.000,0.000,0.000,0.000,
GPU,3,57.914,32686153253,0,0,0.000,0.000,0.000,0.000,
GPU,3,57.914,32686153253,0,0,0.000,0.000,0.000,0.000,
GPU,3,57.914,32686153253,0,0,0.000,0.000,0.000,0.000,
GPU,3,57.914,32686153253,0,0,0.000,0.000,0.000,0.000,
GPU,3,57.914,32686153253,0,0,0.000,0.000,0.000,0.000,
GPU,3,57.914,32686159075,0,0,0.000,0.000,0.000,0.000,
GPU,3,57.914,32686159075,0,0,0.000,0.000,0.000,0.000,
GPU,3,57.914,32686159075,0,0,0.000,0.000,0.000,0.000,
GPU,3,57.914,32686159075,0,0,0.000,0.000,0.000,0.000,
GPU,3,57.914,32686159075,0,0,0.000,0.000,0.000,0.000,
GPU,3,57.914,32686159075,0,0,0.000,0.000,0.000,0.000,
GPU,3,57.914,32686159075,0,0,0.000,0.000,0.000,0.000,
GPU,3,57.914,32686159075,0,0,0.000,0.000,0.000,0.000,
GPU,3,57.914,32686159075,0,0,0.000,0.000,0.000,0.000,
GPU,3,57.914,32686159075,0,0,0.000,0.000,0.000,0.000,
GPU,3,57.914,32686159075,0,0,0.000,0.000,0.000,0.000,
GPU,3,57.914,32686159075,0,0,0.000,0.000,0.000,0.000,
GPU,3,57.914,32686159075,0,0,0.000,0.000,0.000,0.000,
GPU,3,57.914,32686159075,0,0,0.000,0.000,0.000,0.000,
GPU,3,57.914,32686159075,0,0,0.000,0.000,0.000,0.000,
GPU,3,57.914,32686159075,0,0,0.000,0.000,0.000,0.000,
GPU,3,57.914,32686159075,0,0,0.000,0.000,0.000,0.000,
GPU,3,57.914,32686159075,0,0,0.000,0.000,0.000,0.000,
GPU,3,57.914,32686159075,0,0,0.000,0.000,0.000,0.000,
GPU,3,57.914,32686159075,0,0,0.000,0.000,0.000,0.000,
GPU,3,57.914,32686159075,0,0,0.000,0.000,0.000,0.000,
GPU,3,57.914,32686159075,0,0,0.000,0.000,0.000,0.000,
GPU,3,57.914,32686159075,0,0,0.000,0.000,0.000,0.000,
GPU,3,57.914,32686159075,0,0,0.000,0.000,0.000,0.000,
GPU,3,57.914,32686159075,0,0,0.000,0.000,0.000,0.000,
GPU,3,57.848,32686159075,0,0,0.000,0.000,0.000,0.000,
GPU,3,57.848,32686159075,0,0,0.000,0.000,0.000,0.000,
GPU,3,57.848,32686159075,0,0,0.000,0.000,0.000,0.000,
GPU,3,57.848,32686159075,0,0,0.000,0.000,0.000,0.000,
GPU,3,57.848,32686159075,0,0,0.000,0.000,0.000,0.000,
GPU,3,57.848,32686159075,0,0,0.000,0.000,0.000,0.000,
GPU,3,57.848,32686159075,0,0,0.000,0.000,0.000,0.000,
GPU,3,57.848,32686159075,0,0,0.000,0.000,0.000,0.000,
GPU,3,57.848,32686159075,0,0,0.000,0.000,0.000,0.000,
GPU,3,57.848,32686159075,0,0,0.000,0.000,0.000,0.000,
GPU,3,57.848,32686159075,0,0,0.000,0.000,0.000,0.000,
GPU,3,57.848,32686159075,0,0,0.000,0.000,0.000,0.000,
GPU,3,57.848,32686159075,0,0,0.000,0.000,0.000,0.000,
GPU,3,57.848,32686159075,0,0,0.000,0.000,0.000,0.000,
GPU,3,57.848,32686159075,0,0,0.000,0.000,0.000,0.000,
GPU,3,57.848,32686159075,0,0,0.000,0.000,0.000,0.000,
GPU,3,57.848,32686159075,0,0,0.000,0.000,0.000,0.000,
GPU,3,57.848,32686159075,0,0,0.000,0.000,0.000,0.000,
GPU,3,57.848,32686159075,0,0,0.000,0.000,0.000,0.000,
GPU,3,57.848,32686159075,0,0,0.000,0.000,0.000,0.000,
GPU,3,57.848,32686159075,0,0,0.000,0.000,0.000,0.000,
GPU,3,57.848,32686159075,0,0,0.000,0.000,0.000,0.000,
GPU,3,57.848,32686159075,0,0,0.000,0.000,0.000,0.000,
GPU,3,57.848,32686159075,0,0,0.000,0.000,0.000,0.000,
GPU,3,57.848,32686159075,0,0,0.000,0.000,0.000,0.000,
GPU,3,57.848,32686159075,0,0,0.000,0.000,0.000,0.000,
GPU,3,57.848,32686159075,0,0,0.000,0.000,0.000,0.000,
GPU,3,57.848,32686159075,0,0,0.000,0.000,0.000,0.000,
GPU,3,57.848,32686159075,0,0,0.000,0.000,0.000,0.000,
GPU,3,57.848,32686159075,0,0,0.000,0.000,0.000,0.000,
GPU,3,57.848,32686159075,0,0,0.000,0.000,0.000,0.000,
GPU,3,57.848,32686159075,0,0,0.000,0.000,0.000,0.000,
GPU,3,57.848,32686159075,0,0,0.000,0.000,0.000,0.000,
GPU,3,57.848,32686159075,0,0,0.000,0.000,0.000,0.000,
GPU,3,57.848,32686159075,0,0,0.000,0.000,0.000,0.000,
GPU,3,57.848,32686159075,0,0,0.000,0.000,0.000,0.000,
GPU,3,57.848,32686159075,0,0,0.000,0.000,0.000,0.000,
GPU,3,57.848,32686159075,0,0,0.000,0.000,0.000,0.000,
GPU,3,57.848,32686159075,0,0,0.000,0.000,0.000,0.000,
GPU,3,57.848,32686159075,0,0,0.000,0.000,0.000,0.000,
GPU,3,57.848,32686159075,0,0,0.000,0.000,0.000,0.000,
GPU,3,57.848,32686164905,0,0,0.000,0.000,0.000,0.000,
GPU,3,57.848,32686164905,0,0,0.000,0.000,0.000,0.000,
GPU,3,57.848,32686164905,0,0,0.000,0.000,0.000,0.000,
GPU,3,57.848,32686164905,0,0,0.000,0.000,0.000,0.000,
GPU,3,57.848,32686164905,0,0,0.000,0.000,0.000,0.000,
GPU,3,57.848,32686164905,0,0,0.000,0.000,0.000,0.000,
GPU,3,57.848,32686164905,0,0,0.000,0.000,0.000,0.000,
GPU,3,57.848,32686164905,0,0,0.000,0.000,0.000,0.000,
GPU,3,57.848,32686164905,0,0,0.000,0.000,0.000,0.000,
GPU,3,57.848,32686164905,0,0,0.000,0.000,0.000,0.000,
GPU,3,57.848,32686164905,0,0,0.000,0.000,0.000,0.000,
GPU,3,57.848,32686164905,0,0,0.000,0.000,0.000,0.000,
GPU,3,57.848,32686164905,0,0,0.000,0.000,0.000,0.000,
GPU,3,57.848,32686164905,0,0,0.000,0.000,0.000,0.000,
GPU,3,57.848,32686164905,0,0,0.000,0.000,0.000,0.000,
GPU,3,57.848,32686164905,0,0,0.000,0.000,0.000,0.000,
GPU,3,57.848,32686164905,0,0,0.000,0.000,0.000,0.000,
GPU,3,57.848,32686164905,0,0,0.000,0.000,0.000,0.000,
GPU,3,57.848,32686164905,0,0,0.000,0.000,0.000,0.000,
GPU,3,57.848,32686164905,0,0,0.000,0.000,0.000,0.000,
GPU,3,57.848,32686164905,0,0,0.000,0.000,0.000,0.000,
GPU,3,57.848,32686164905,0,0,0.000,0.000,0.000,0.000,
GPU,3,57.848,32686164905,0,0,0.000,0.000,0.000,0.000,
GPU,3,57.848,32686164905,0,0,0.000,0.000,0.000,0.000,
GPU,3,57.848,32686164905,0,0,0.000,0.000,0.000,0.000,
GPU,3,57.848,32686164905,0,0,0.000,0.000,0.000,0.000,
GPU,3,57.848,32686164905,0,0,0.000,0.000,0.000,0.000,
GPU,3,57.848,32686164905,0,0,0.000,0.000,0.000,0.000,
GPU,3,57.848,32686164905,0,0,0.000,0.000,0.000,0.000,
GPU,3,57.848,32686164905,0,0,0.000,0.000,0.000,0.000,
GPU,3,57.848,32686164905,0,0,0.000,0.000,0.000,0.000,
GPU,3,57.848,32686164905,0,0,0.000,0.000,0.000,0.000,
GPU,3,57.848,32686164905,0,0,0.000,0.000,0.000,0.000,
GPU,3,57.848,32686164905,0,0,0.000,0.000,0.000,0.000,
GPU,3,57.848,32686164905,0,0,0.000,0.000,0.000,0.000,
GPU,3,57.848,32686164905,0,0,0.000,0.000,0.000,0.000,
GPU,3,57.848,32686164905,0,0,0.000,0.000,0.000,0.000,
GPU,3,57.848,32686164905,0,0,0.000,0.000,0.000,0.000,
GPU,3,57.848,32686164905,0,0,0.000,0.000,0.000,0.000,
GPU,3,57.848,32686164905,0,0,0.000,0.000,0.000,0.000,
GPU,3,57.848,32686164905,0,0,0.000,0.000,0.000,0.000,
GPU,3,57.848,32686164905,0,0,0.000,0.000,0.000,0.000,
GPU,3,57.848,32686164905,0,0,0.000,0.000,0.000,0.000,
GPU,3,57.848,32686164905,0,0,0.000,0.000,0.000,0.000,
GPU,3,57.848,32686164905,0,0,0.000,0.000,0.000,0.000,
GPU,3,57.848,32686164905,0,0,0.000,0.000,0.000,0.000,
GPU,3,57.848,32686164905,0,0,0.000,0.000,0.000,0.000,
GPU,3,57.848,32686164905,0,0,0.000,0.000,0.000,0.000,
GPU,3,57.848,32686164905,0,0,0.000,0.000,0.000,0.000,
GPU,3,57.848,32686164905,0,0,0.000,0.000,0.000,0.000,
GPU,3,57.848,32686164905,0,0,0.000,0.000,0.000,0.000,
GPU,3,57.848,32686164905,0,0,0.000,0.000,0.000,0.000,
GPU,3,57.848,32686164905,0,0,0.000,0.000,0.000,0.000,
GPU,3,57.848,32686164905,0,0,0.000,0.000,0.000,0.000,
GPU,3,57.848,32686164905,0,0,0.000,0.000,0.000,0.000,
GPU,3,57.848,32686164905,0,0,0.000,0.000,0.000,0.000,
GPU,3,57.848,32686164905,0,0,0.000,0.000,0.000,0.000,
GPU,3,57.848,32686164905,0,0,0.000,0.000,0.000,0.000,
GPU,3,57.848,32686164905,0,0,0.000,0.000,0.000,0.000,
GPU,3,57.848,32686164905,0,0,0.000,0.000,0.000,0.000,
GPU,3,57.848,32686164905,0,0,0.000,0.000,0.000,0.000,
GPU,3,57.848,32686164905,0,0,0.000,0.000,0.000,0.000,
GPU,3,57.848,32686164905,0,0,0.000,0.000,0.000,0.000,
GPU,3,57.848,32686164905,0,0,0.000,0.000,0.000,0.000,
GPU,3,57.848,32686164905,0,0,0.000,0.000,0.000,0.000,
GPU,3,57.848,32686164905,0,0,0.000,0.000,0.000,0.000,
GPU,3,57.848,32686164905,0,0,0.000,0.000,0.000,0.000,
GPU,3,57.848,32686164905,0,0,0.000,0.000,0.000,0.000,
GPU,3,57.848,32686164905,0,0,0.000,0.000,0.000,0.000,
GPU,3,57.848,32686170751,0,0,0.000,0.000,0.000,0.000,
GPU,3,57.848,32686170751,0,0,0.000,0.000,0.000,0.000,
GPU,3,57.848,32686170751,0,0,0.000,0.000,0.000,0.000,
GPU,3,57.848,32686170751,0,0,0.000,0.000,0.000,0.000,
GPU,3,57.848,32686170751,0,0,0.000,0.000,0.000,0.000,
GPU,3,57.848,32686170751,0,0,0.000,0.000,0.000,0.000,
GPU,3,57.848,32686170751,0,0,0.000,0.000,0.000,0.000,
GPU,3,57.848,32686170751,0,0,0.000,0.000,0.000,0.000,
GPU,3,57.848,32686170751,0,0,0.000,0.000,0.000,0.000,
GPU,3,57.848,32686170751,0,0,0.000,0.000,0.000,0.000,
GPU,3,57.848,32686170751,0,0,0.000,0.000,0.000,0.000,
GPU,3,57.848,32686170751,0,0,0.000,0.000,0.000,0.000,
GPU,3,57.848,32686170751,0,0,0.000,0.000,0.000,0.000,
GPU,3,57.848,32686170751,0,0,0.000,0.000,0.000,0.000,
GPU,3,57.848,32686170751,0,0,0.000,0.000,0.000,0.000,
GPU,3,57.848,32686170751,0,0,0.000,0.000,0.000,0.000,
GPU,3,57.848,32686170751,0,0,0.000,0.000,0.000,0.000,
GPU,3,57.848,32686170751,0,0,0.000,0.000,0.000,0.000,
GPU,3,57.848,32686170751,0,0,0.000,0.000,0.000,0.000,
GPU,3,57.848,32686170751,0,0,0.000,0.000,0.000,0.000,
GPU,3,57.848,32686170751,0,0,0.000,0.000,0.000,0.000,
GPU,3,57.848,32686170751,0,0,0.000,0.000,0.000,0.000,
GPU,3,57.848,32686170751,0,0,0.000,0.000,0.000,0.000,
GPU,3,57.848,32686170751,0,0,0.000,0.000,0.000,0.000,
GPU,3,57.848,32686170751,0,0,0.000,0.000,0.000,0.000,
GPU,3,57.848,32686170751,0,0,0.000,0.000,0.000,0.000,
GPU,3,57.848,32686170751,0,0,0.000,0.000,0.000,0.000,
GPU,3,57.848,32686170751,0,0,0.000,0.000,0.000,0.000,
GPU,3,57.848,32686170751,0,0,0.000,0.000,0.000,0.000,
GPU,3,57.848,32686170751,0,0,0.000,0.000,0.000,0.000,
GPU,3,57.848,32686170751,0,0,0.000,0.000,0.000,0.000,
GPU,3,57.848,32686170751,0,0,0.000,0.000,0.000,0.000,
GPU,3,57.848,32686170751,0,0,0.000,0.000,0.000,0.000,
GPU,3,57.848,32686170751,0,0,0.000,0.000,0.000,0.000,
GPU,3,57.848,32686170751,0,0,0.000,0.000,0.000,0.000,
GPU,3,57.848,32686170751,0,0,0.000,0.000,0.000,0.000,
GPU,3,57.848,32686170751,0,0,0.000,0.000,0.000,0.000,
GPU,3,57.848,32686170751,0,0,0.000,0.000,0.000,0.000,
GPU,3,57.848,32686170751,0,0,0.000,0.000,0.000,0.000,
GPU,3,57.848,32686170751,0,0,0.000,0.000,0.000,0.000,
GPU,3,57.848,32686170751,0,0,0.000,0.000,0.000,0.000,
GPU,3,57.848,32686170751,0,0,0.000,0.000,0.000,0.000,
GPU,3,57.848,32686170751,0,0,0.000,0.000,0.000,0.000,
GPU,3,57.848,32686170751,0,0,0.000,0.000,0.000,0.000,
GPU,3,57.848,32686170751,0,0,0.000,0.000,0.000,0.000,
GPU,3,57.848,32686170751,0,0,0.000,0.000,0.000,0.000,
GPU,3,57.848,32686170751,0,0,0.000,0.000,0.000,0.000,
GPU,3,57.848,32686170751,0,0,0.000,0.000,0.000,0.000,
GPU,3,57.848,32686170751,0,0,0.000,0.000,0.000,0.000,
GPU,3,57.848,32686170751,0,0,0.000,0.000,0.000,0.000,
GPU,3,57.848,32686170751,0,0,0.000,0.000,0.000,0.000,
GPU,3,57.848,32686170751,0,0,0.000,0.000,0.000,0.000,
GPU,3,57.848,32686170751,0,0,0.000,0.000,0.000,0.000,
GPU,3,57.848,32686170751,0,0,0.000,0.000,0.000,0.000,
GPU,3,57.848,32686170751,0,0,0.000,0.000,0.000,0.000,
GPU,3,57.848,32686170751,0,0,0.000,0.000,0.000,0.000,
GPU,3,57.848,32686170751,0,0,0.000,0.000,0.000,0.000,
GPU,3,57.848,32686170751,0,0,0.000,0.000,0.000,0.000,
GPU,3,57.848,32686170751,0,0,0.000,0.000,0.000,0.000,
GPU,3,57.848,32686170751,0,0,0.000,0.000,0.000,0.000,
GPU,3,57.848,32686170751,0,0,0.000,0.000,0.000,0.000,
GPU,3,57.848,32686170751,0,0,0.000,0.000,0.000,0.000,
GPU,3,57.848,32686170751,0,0,0.000,0.000,0.000,0.000,
GPU,3,57.848,32686170751,0,0,0.000,0.000,0.000,0.000,
GPU,3,57.848,32686170751,0,0,0.000,0.000,0.000,0.000,
GPU,3,57.848,32686170751,0,0,0.000,0.000,0.000,0.000,
GPU,3,57.848,32686170751,0,0,0.000,0.000,0.000,0.000,
GPU,3,57.848,32686176557,0,0,0.000,0.000,0.000,0.000,
GPU,3,57.848,32686176557,0,0,0.000,0.000,0.000,0.000,
GPU,3,57.848,32686176557,0,0,0.000,0.000,0.000,0.000,
GPU,3,57.848,32686176557,0,0,0.000,0.000,0.000,0.000,
GPU,3,57.848,32686176557,0,0,0.000,0.000,0.000,0.000,
GPU,3,57.848,32686176557,0,0,0.000,0.000,0.000,0.000,
GPU,3,57.848,32686176557,0,0,0.000,0.000,0.000,0.000,
GPU,3,57.848,32686176557,0,0,0.000,0.000,0.000,0.000,
GPU,3,57.848,32686176557,0,0,0.000,0.000,0.000,0.000,
GPU,3,57.848,32686176557,0,0,0.000,0.000,0.000,0.000,
GPU,3,57.848,32686176557,0,0,0.000,0.000,0.000,0.000,
GPU,3,57.848,32686176557,0,0,0.000,0.000,0.000,0.000,
GPU,3,57.848,32686176557,0,0,0.000,0.000,0.000,0.000,
GPU,3,57.848,32686176557,0,0,0.000,0.000,0.000,0.000,
GPU,3,57.848,32686176557,0,0,0.000,0.000,0.000,0.000,
GPU,3,57.848,32686176557,0,0,0.000,0.000,0.000,0.000,
GPU,3,57.848,32686176557,0,0,0.000,0.000,0.000,0.000,
GPU,3,57.848,32686176557,0,0,0.000,0.000,0.000,0.000,
GPU,3,57.848,32686176557,0,0,0.000,0.000,0.000,0.000,
GPU,3,57.848,32686176557,0,0,0.000,0.000,0.000,0.000,
GPU,3,57.848,32686176557,0,0,0.000,0.000,0.000,0.000,
GPU,3,57.848,32686176557,0,0,0.000,0.000,0.000,0.000,
GPU,3,57.848,32686176557,0,0,0.000,0.000,0.000,0.000,
GPU,3,57.848,32686176557,0,0,0.000,0.000,0.000,0.000,
GPU,3,57.848,32686176557,0,0,0.000,0.000,0.000,0.000,
GPU,3,57.848,32686176557,0,0,0.000,0.000,0.000,0.000,
GPU,3,57.848,32686176557,0,0,0.000,0.000,0.000,0.000,
GPU,3,57.848,32686176557,0,0,0.000,0.000,0.000,0.000,
GPU,3,57.848,32686176557,0,0,0.000,0.000,0.000,0.000,
GPU,3,57.848,32686176557,0,0,0.000,0.000,0.000,0.000,
GPU,3,57.848,32686176557,0,0,0.000,0.000,0.000,0.000,
GPU,3,57.848,32686176557,0,0,0.000,0.000,0.000,0.000,
GPU,3,57.848,32686176557,0,0,0.000,0.000,0.000,0.000,
GPU,3,57.848,32686176557,0,0,0.000,0.000,0.000,0.000,
GPU,3,57.848,32686176557,0,0,0.000,0.000,0.000,0.000,
GPU,3,57.848,32686176557,0,0,0.000,0.000,0.000,0.000,
GPU,3,57.848,32686176557,0,0,0.000,0.000,0.000,0.000,
GPU,3,57.848,32686176557,0,0,0.000,0.000,0.000,0.000,
GPU,3,57.848,32686176557,0,0,0.000,0.000,0.000,0.000,
GPU,3,57.848,32686176557,0,0,0.000,0.000,0.000,0.000,
GPU,3,57.848,32686176557,0,0,0.000,0.000,0.000,0.000,
GPU,3,57.848,32686176557,0,0,0.000,0.000,0.000,0.000,
GPU,3,57.848,32686176557,0,0,0.000,0.000,0.000,0.000,
GPU,3,57.848,32686176557,0,0,0.000,0.000,0.000,0.000,
GPU,3,57.848,32686176557,0,0,0.000,0.000,0.000,0.000,
GPU,3,57.848,32686176557,0,0,0.000,0.000,0.000,0.000,
GPU,3,57.848,32686176557,0,0,0.000,0.000,0.000,0.000,
GPU,3,57.848,32686176557,0,0,0.000,0.000,0.000,0.000,
GPU,3,57.848,32686176557,0,0,0.000,0.000,0.000,0.000,
GPU,3,57.848,32686176557,0,0,0.000,0.000,0.000,0.000,
GPU,3,57.848,32686176557,0,0,0.000,0.000,0.000,0.000,
GPU,3,57.848,32686176557,0,0,0.000,0.000,0.000,0.000,
GPU,3,57.848,32686176557,0,0,0.000,0.000,0.000,0.000,
GPU,3,57.848,32686176557,0,0,0.000,0.000,0.000,0.000,
GPU,3,57.848,32686176557,0,0,0.000,0.000,0.000,0.000,
GPU,3,57.848,32686176557,0,0,0.000,0.000,0.000,0.000,
GPU,3,57.848,32686176557,0,0,0.000,0.000,0.000,0.000,
GPU,3,57.848,32686176557,0,0,0.000,0.000,0.000,0.000,
GPU,3,57.848,32686176557,0,0,0.000,0.000,0.000,0.000,
GPU,3,57.848,32686176557,0,0,0.000,0.000,0.000,0.000,
GPU,3,57.848,32686176557,0,0,0.000,0.000,0.000,0.000,
GPU,3,57.848,32686176557,0,0,0.000,0.000,0.000,0.000,
GPU,3,57.848,32686176557,0,0,0.000,0.000,0.000,0.000,
GPU,3,57.848,32686176557,0,0,0.000,0.000,0.000,0.000,
GPU,3,57.848,32686176557,0,0,0.000,0.000,0.000,0.000,
GPU,3,57.848,32686176557,0,0,0.000,0.000,0.000,0.000,
GPU,3,57.848,32686176557,0,0,0.000,0.000,0.000,0.000,
GPU,3,57.848,32686176557,0,0,0.000,0.000,0.000,0.000,
GPU,3,57.848,32686182366,0,0,0.000,0.000,0.000,0.000,
GPU,3,57.848,32686182366,0,0,0.000,0.000,0.000,0.000,
GPU,3,57.848,32686182366,0,0,0.000,0.000,0.000,0.000,
GPU,3,57.848,32686182366,0,0,0.000,0.000,0.000,0.000,
GPU,3,57.848,32686182366,0,0,0.000,0.000,0.000,0.000,
GPU,3,57.848,32686182366,0,0,0.000,0.000,0.000,0.000,
GPU,3,57.848,32686182366,0,0,0.000,0.000,0.000,0.000,
GPU,3,57.848,32686182366,0,0,0.000,0.000,0.000,0.000,
GPU,3,57.848,32686182366,0,0,0.000,0.000,0.000,0.000,
GPU,3,57.848,32686182366,0,0,0.000,0.000,0.000,0.000,
GPU,3,57.848,32686182366,0,0,0.000,0.000,0.000,0.000,
GPU,3,57.848,32686182366,0,0,0.000,0.000,0.000,0.000,
GPU,3,57.848,32686182366,0,0,0.000,0.000,0.000,0.000,
GPU,3,57.848,32686182366,0,0,0.000,0.000,0.000,0.000,
GPU,3,57.848,32686182366,0,0,0.000,0.000,0.000,0.000,
GPU,3,57.848,32686182366,0,0,0.000,0.000,0.000,0.000,
GPU,3,57.848,32686182366,0,0,0.000,0.000,0.000,0.000,
GPU,3,57.848,32686182366,0,0,0.000,0.000,0.000,0.000,
GPU,3,57.848,32686182366,0,0,0.000,0.000,0.000,0.000,
GPU,3,57.848,32686182366,0,0,0.000,0.000,0.000,0.000,
GPU,3,57.848,32686182366,0,0,0.000,0.000,0.000,0.000,
GPU,3,57.848,32686182366,0,0,0.000,0.000,0.000,0.000,
GPU,3,57.848,32686182366,0,0,0.000,0.000,0.000,0.000,
GPU,3,57.848,32686182366,0,0,0.000,0.000,0.000,0.000,
GPU,3,57.848,32686182366,0,0,0.000,0.000,0.000,0.000,
GPU,3,57.848,32686182366,0,0,0.000,0.000,0.000,0.000,
GPU,3,57.848,32686182366,0,0,0.000,0.000,0.000,0.000,
GPU,3,57.848,32686182366,0,0,0.000,0.000,0.000,0.000,
GPU,3,57.848,32686182366,0,0,0.000,0.000,0.000,0.000,
GPU,3,57.848,32686182366,0,0,0.000,0.000,0.000,0.000,
GPU,3,57.848,32686182366,0,0,0.000,0.000,0.000,0.000,
GPU,3,57.848,32686182366,0,0,0.000,0.000,0.000,0.000,
GPU,3,57.848,32686182366,0,0,0.000,0.000,0.000,0.000,
GPU,3,57.848,32686182366,0,0,0.000,0.000,0.000,0.000,
GPU,3,57.848,32686182366,0,0,0.000,0.000,0.000,0.000,
GPU,3,57.848,32686182366,0,0,0.000,0.000,0.000,0.000,
GPU,3,57.848,32686182366,0,0,0.000,0.000,0.000,0.000,
GPU,3,57.848,32686182366,0,0,0.000,0.000,0.000,0.000,
GPU,3,57.848,32686182366,0,0,0.000,0.000,0.000,0.000,
GPU,3,57.848,32686182366,0,0,0.000,0.000,0.000,0.000,
GPU,3,57.848,32686182366,0,0,0.000,0.000,0.000,0.000,
GPU,3,57.848,32686182366,0,0,0.000,0.000,0.000,0.000,
GPU,3,57.848,32686182366,0,0,0.000,0.000,0.000,0.000,
GPU,3,57.848,32686182366,0,0,0.000,0.000,0.000,0.000,
GPU,3,57.848,32686182366,0,0,0.000,0.000,0.000,0.000,
GPU,3,57.848,32686182366,0,0,0.000,0.000,0.000,0.000,
GPU,3,57.848,32686182366,0,0,0.000,0.000,0.000,0.000,
GPU,3,57.848,32686182366,0,0,0.000,0.000,0.000,0.000,
GPU,3,57.848,32686182366,0,0,0.000,0.000,0.000,0.000,
GPU,3,57.848,32686182366,0,0,0.000,0.000,0.000,0.000,
GPU,3,57.848,32686182366,0,0,0.000,0.000,0.000,0.000,
GPU,3,57.848,32686182366,0,0,0.000,0.000,0.000,0.000,
GPU,3,57.848,32686182366,0,0,0.000,0.000,0.000,0.000,
GPU,3,57.848,32686182366,0,0,0.000,0.000,0.000,0.000,
GPU,3,57.848,32686182366,0,0,0.000,0.000,0.000,0.000,
GPU,3,57.848,32686182366,0,0,0.000,0.000,0.000,0.000,
GPU,3,57.848,32686182366,0,0,0.000,0.000,0.000,0.000,
GPU,3,57.848,32686182366,0,0,0.000,0.000,0.000,0.000,
GPU,3,57.848,32686182366,0,0,0.000,0.000,0.000,0.000,
GPU,3,57.848,32686182366,0,0,0.000,0.000,0.000,0.000,
GPU,3,57.848,32686182366,0,0,0.000,0.000,0.000,0.000,
GPU,3,57.848,32686182366,0,0,0.000,0.000,0.000,0.000,
GPU,3,57.848,32686182366,0,0,0.000,0.000,0.000,0.000,
GPU,3,57.848,32686182366,0,0,0.000,0.000,0.000,0.000,
GPU,3,57.848,32686182366,0,0,0.000,0.000,0.000,0.000,
GPU,3,57.848,32686182366,0,0,0.000,0.000,0.000,0.000,
GPU,3,57.848,32686182366,0,0,0.000,0.000,0.000,0.000,
GPU,3,57.848,32686182366,0,0,0.000,0.000,0.000,0.000,
GPU,3,57.848,32686188208,0,0,0.000,0.000,0.000,0.000,
GPU,3,57.848,32686188208,0,0,0.000,0.000,0.000,0.000,
GPU,3,57.848,32686188208,0,0,0.000,0.000,0.000,0.000,
GPU,3,57.848,32686188208,0,0,0.000,0.000,0.000,0.000,
GPU,3,57.848,32686188208,0,0,0.000,0.000,0.000,0.000,
GPU,3,57.848,32686188208,0,0,0.000,0.000,0.000,0.000,
GPU,3,57.848,32686188208,0,0,0.000,0.000,0.000,0.000,
GPU,3,57.848,32686188208,0,0,0.000,0.000,0.000,0.000,
GPU,3,57.848,32686188208,0,0,0.000,0.000,0.000,0.000,
GPU,3,57.848,32686188208,0,0,0.000,0.000,0.000,0.000,
GPU,3,57.848,32686188208,0,0,0.000,0.000,0.000,0.000,
GPU,3,57.848,32686188208,0,0,0.000,0.000,0.000,0.000,
GPU,3,57.848,32686188208,0,0,0.000,0.000,0.000,0.000,
GPU,3,57.848,32686188208,0,0,0.000,0.000,0.000,0.000,
GPU,3,57.848,32686188208,0,0,0.000,0.000,0.000,0.000,
GPU,3,57.848,32686188208,0,0,0.000,0.000,0.000,0.000,
GPU,3,57.848,32686188208,0,0,0.000,0.000,0.000,0.000,
GPU,3,57.848,32686188208,0,0,0.000,0.000,0.000,0.000,
GPU,3,57.848,32686188208,0,0,0.000,0.000,0.000,0.000,
GPU,3,57.848,32686188208,0,0,0.000,0.000,0.000,0.000,
GPU,3,57.848,32686188208,0,0,0.000,0.000,0.000,0.000,
GPU,3,57.848,32686188208,0,0,0.000,0.000,0.000,0.000,
GPU,3,57.848,32686188208,0,0,0.000,0.000,0.000,0.000,
GPU,3,57.848,32686188208,0,0,0.000,0.000,0.000,0.000,
GPU,3,57.848,32686188208,0,0,0.000,0.000,0.000,0.000,
GPU,3,57.848,32686188208,0,0,0.000,0.000,0.000,0.000,
GPU,3,57.848,32686188208,0,0,0.000,0.000,0.000,0.000,
GPU,3,57.848,32686188208,0,0,0.000,0.000,0.000,0.000,
GPU,3,57.848,32686188208,0,0,0.000,0.000,0.000,0.000,
GPU,3,57.848,32686188208,0,0,0.000,0.000,0.000,0.000,
GPU,3,57.848,32686188208,0,0,0.000,0.000,0.000,0.000,
GPU,3,57.848,32686188208,0,0,0.000,0.000,0.000,0.000,
GPU,3,57.848,32686188208,0,0,0.000,0.000,0.000,0.000,
GPU,3,57.848,32686188208,0,0,0.000,0.000,0.000,0.000,
GPU,3,57.848,32686188208,0,0,0.000,0.000,0.000,0.000,
GPU,3,57.848,32686188208,0,0,0.000,0.000,0.000,0.000,
GPU,3,57.848,32686188208,0,0,0.000,0.000,0.000,0.000,
GPU,3,57.848,32686188208,0,0,0.000,0.000,0.000,0.000,
GPU,3,57.848,32686188208,0,0,0.000,0.000,0.000,0.000,
GPU,3,57.848,32686188208,0,0,0.000,0.000,0.000,0.000,
GPU,3,57.848,32686188208,0,0,0.000,0.000,0.000,0.000,
GPU,3,57.848,32686188208,0,0,0.000,0.000,0.000,0.000,
GPU,3,57.848,32686188208,0,0,0.000,0.000,0.000,0.000,
GPU,3,57.848,32686188208,0,0,0.000,0.000,0.000,0.000,
GPU,3,57.848,32686188208,0,0,0.000,0.000,0.000,0.000,
GPU,3,57.848,32686188208,0,0,0.000,0.000,0.000,0.000,
GPU,3,57.848,32686188208,0,0,0.000,0.000,0.000,0.000,
GPU,3,57.848,32686188208,0,0,0.000,0.000,0.000,0.000,
GPU,3,57.848,32686188208,0,0,0.000,0.000,0.000,0.000,
GPU,3,57.848,32686188208,0,0,0.000,0.000,0.000,0.000,
GPU,3,57.848,32686188208,0,0,0.000,0.000,0.000,0.000,
GPU,3,57.848,32686188208,0,0,0.000,0.000,0.000,0.000,
GPU,3,57.848,32686188208,0,0,0.000,0.000,0.000,0.000,
GPU,3,57.848,32686188208,0,0,0.000,0.000,0.000,0.000,
GPU,3,57.848,32686188208,0,0,0.000,0.000,0.000,0.000,
GPU,3,57.848,32686188208,0,0,0.000,0.000,0.000,0.000,
GPU,3,57.848,32686188208,0,0,0.000,0.000,0.000,0.000,
GPU,3,57.848,32686188208,0,0,0.000,0.000,0.000,0.000,
GPU,3,57.848,32686188208,0,0,0.000,0.000,0.000,0.000,
GPU,3,57.848,32686188208,0,0,0.000,0.000,0.000,0.000,
GPU,3,57.848,32686188208,0,0,0.000,0.000,0.000,0.000,
GPU,3,57.848,32686188208,0,0,0.000,0.000,0.000,0.000,
GPU,3,57.848,32686188208,0,0,0.000,0.000,0.000,0.000,
GPU,3,57.848,32686188208,0,0,0.000,0.000,0.000,0.000,
GPU,3,57.848,32686188208,0,0,0.000,0.000,0.000,0.000,
GPU,3,57.848,32686188208,0,0,0.000,0.000,0.000,0.000,
GPU,3,57.848,32686188208,0,0,0.000,0.000,0.000,0.000,
GPU,3,57.848,32686194039,0,0,0.000,0.000,0.000,0.000,
GPU,3,57.848,32686194039,0,0,0.000,0.000,0.000,0.000,
GPU,3,57.848,32686194039,0,0,0.000,0.000,0.000,0.000,
GPU,3,57.848,32686194039,0,0,0.000,0.000,0.000,0.000,
GPU,3,57.848,32686194039,0,0,0.000,0.000,0.000,0.000,
GPU,3,57.848,32686194039,0,0,0.000,0.000,0.000,0.000,
GPU,3,57.848,32686194039,0,0,0.000,0.000,0.000,0.000,
GPU,3,57.848,32686194039,0,0,0.000,0.000,0.000,0.000,
GPU,3,57.848,32686194039,0,0,0.000,0.000,0.000,0.000,
GPU,3,57.848,32686194039,0,0,0.000,0.000,0.000,0.000,
GPU,3,57.848,32686194039,0,0,0.000,0.000,0.000,0.000,
GPU,3,57.848,32686194039,0,0,0.000,0.000,0.000,0.000,
GPU,3,57.848,32686194039,0,0,0.000,0.000,0.000,0.000,
GPU,3,57.848,32686194039,0,0,0.000,0.000,0.000,0.000,
GPU,3,57.848,32686194039,0,0,0.000,0.000,0.000,0.000,
GPU,3,57.848,32686194039,0,0,0.000,0.000,0.000,0.000,
GPU,3,57.848,32686194039,0,0,0.000,0.000,0.000,0.000,
GPU,3,57.848,32686194039,0,0,0.000,0.000,0.000,0.000,
GPU,3,57.848,32686194039,0,0,0.000,0.000,0.000,0.000,
GPU,3,57.848,32686194039,0,0,0.000,0.000,0.000,0.000,
GPU,3,57.848,32686194039,0,0,0.000,0.000,0.000,0.000,
GPU,3,57.848,32686194039,0,0,0.000,0.000,0.000,0.000,
GPU,3,57.848,32686194039,0,0,0.000,0.000,0.000,0.000,
GPU,3,57.848,32686194039,0,0,0.000,0.000,0.000,0.000,
GPU,3,57.848,32686194039,0,0,0.000,0.000,0.000,0.000,
GPU,3,57.848,32686194039,0,0,0.000,0.000,0.000,0.000,
GPU,3,57.848,32686194039,0,0,0.000,0.000,0.000,0.000,
GPU,3,57.914,32686194039,0,0,0.000,0.000,0.000,0.000,
GPU,3,57.914,32686194039,0,0,0.000,0.000,0.000,0.000,
GPU,3,57.914,32686194039,0,0,0.000,0.000,0.000,0.000,
GPU,3,57.914,32686194039,0,0,0.000,0.000,0.000,0.000,
GPU,3,57.914,32686194039,0,0,0.000,0.000,0.000,0.000,
GPU,3,57.914,32686194039,0,0,0.000,0.000,0.000,0.000,
GPU,3,57.914,32686194039,0,0,0.000,0.000,0.000,0.000,
GPU,3,57.914,32686194039,0,0,0.000,0.000,0.000,0.000,
GPU,3,57.914,32686194039,0,0,0.000,0.000,0.000,0.000,
GPU,3,57.914,32686194039,0,0,0.000,0.000,0.000,0.000,
GPU,3,57.914,32686194039,0,0,0.000,0.000,0.000,0.000,
GPU,3,57.914,32686194039,0,0,0.000,0.000,0.000,0.000,
GPU,3,57.914,32686194039,0,0,0.000,0.000,0.000,0.000,
GPU,3,57.914,32686194039,0,0,0.000,0.000,0.000,0.000,
GPU,3,57.914,32686194039,0,0,0.000,0.000,0.000,0.000,
GPU,3,57.914,32686194039,0,0,0.000,0.000,0.000,0.000,
GPU,3,57.914,32686194039,0,0,0.000,0.000,0.000,0.000,
GPU,3,57.914,32686194039,0,0,0.000,0.000,0.000,0.000,
GPU,3,57.914,32686194039,0,0,0.000,0.000,0.000,0.000,
GPU,3,57.914,32686194039,0,0,0.000,0.000,0.000,0.000,
GPU,3,57.914,32686194039,0,0,0.000,0.000,0.000,0.000,
GPU,3,57.914,32686194039,0,0,0.000,0.000,0.000,0.000,
GPU,3,57.914,32686194039,0,0,0.000,0.000,0.000,0.000,
GPU,3,57.914,32686194039,0,0,0.000,0.000,0.000,0.000,
GPU,3,57.914,32686194039,0,0,0.000,0.000,0.000,0.000,
GPU,3,57.914,32686194039,0,0,0.000,0.000,0.000,0.000,
GPU,3,57.914,32686194039,0,0,0.000,0.000,0.000,0.000,
GPU,3,57.914,32686194039,0,0,0.000,0.000,0.000,0.000,
GPU,3,57.914,32686194039,0,0,0.000,0.000,0.000,0.000,
GPU,3,57.914,32686194039,0,0,0.000,0.000,0.000,0.000,
GPU,3,57.914,32686194039,0,0,0.000,0.000,0.000,0.000,
GPU,3,57.914,32686194039,0,0,0.000,0.000,0.000,0.000,
GPU,3,57.914,32686194039,0,0,0.000,0.000,0.000,0.000,
GPU,3,57.914,32686194039,0,0,0.000,0.000,0.000,0.000,
GPU,3,57.914,32686194039,0,0,0.000,0.000,0.000,0.000,
GPU,3,57.914,32686194039,0,0,0.000,0.000,0.000,0.000,
GPU,3,57.914,32686194039,0,0,0.000,0.000,0.000,0.000,
GPU,3,57.914,32686194039,0,0,0.000,0.000,0.000,0.000,
GPU,3,57.914,32686194039,0,0,0.000,0.000,0.000,0.000,
GPU,3,57.914,32686194039,0,0,0.000,0.000,0.000,0.000,
GPU,3,57.914,32686194039,0,0,0.000,0.000,0.000,0.000,
GPU,3,57.914,32686194039,0,0,0.000,0.000,0.000,0.000,
GPU,3,57.914,32686199867,0,0,0.000,0.000,0.000,0.000,
GPU,3,57.914,32686199867,0,0,0.000,0.000,0.000,0.000,
GPU,3,57.914,32686199867,0,0,0.000,0.000,0.000,0.000,
GPU,3,57.914,32686199867,0,0,0.000,0.000,0.000,0.000,
GPU,3,57.914,32686199867,0,0,0.000,0.000,0.000,0.000,
GPU,3,57.914,32686199867,0,0,0.000,0.000,0.000,0.000,
GPU,3,57.914,32686199867,0,0,0.000,0.000,0.000,0.000,
GPU,3,57.914,32686199867,0,0,0.000,0.000,0.000,0.000,
GPU,3,57.914,32686199867,0,0,0.000,0.000,0.000,0.000,
GPU,3,57.914,32686199867,0,0,0.000,0.000,0.000,0.000,
GPU,3,57.914,32686199867,0,0,0.000,0.000,0.000,0.000,
GPU,3,57.914,32686199867,0,0,0.000,0.000,0.000,0.000,
GPU,3,57.914,32686199867,0,0,0.000,0.000,0.000,0.000,
GPU,3,57.914,32686199867,0,0,0.000,0.000,0.000,0.000,
GPU,3,57.914,32686199867,0,0,0.000,0.000,0.000,0.000,
GPU,3,57.914,32686199867,0,0,0.000,0.000,0.000,0.000,
GPU,3,57.914,32686199867,0,0,0.000,0.000,0.000,0.000,
GPU,3,57.914,32686199867,0,0,0.000,0.000,0.000,0.000,
GPU,3,57.914,32686199867,0,0,0.000,0.000,0.000,0.000,
GPU,3,57.914,32686199867,0,0,0.000,0.000,0.000,0.000,
GPU,3,57.914,32686199867,0,0,0.000,0.000,0.000,0.000,
GPU,3,57.914,32686199867,0,0,0.000,0.000,0.000,0.000,
GPU,3,57.914,32686199867,0,0,0.000,0.000,0.000,0.000,
GPU,3,57.914,32686199867,0,0,0.000,0.000,0.000,0.000,
GPU,3,57.914,32686199867,0,0,0.000,0.000,0.000,0.000,
GPU,3,57.848,32686199867,0,0,0.000,0.000,0.000,0.000,
GPU,3,57.848,32686199867,0,0,0.000,0.000,0.000,0.000,
GPU,3,57.848,32686199867,0,0,0.000,0.000,0.000,0.000,
GPU,3,57.848,32686199867,0,0,0.000,0.000,0.000,0.000,
GPU,3,57.848,32686199867,0,0,0.000,0.000,0.000,0.000,
GPU,3,57.848,32686199867,0,0,0.000,0.000,0.000,0.000,
GPU,3,57.848,32686199867,0,0,0.000,0.000,0.000,0.000,
GPU,3,57.848,32686199867,0,0,0.000,0.000,0.000,0.000,
GPU,3,57.848,32686199867,0,0,0.000,0.000,0.000,0.000,
GPU,3,57.848,32686199867,0,0,0.000,0.000,0.000,0.000,
GPU,3,57.848,32686199867,0,0,0.000,0.000,0.000,0.000,
GPU,3,57.848,32686199867,0,0,0.000,0.000,0.000,0.000,
GPU,3,57.848,32686199867,0,0,0.000,0.000,0.000,0.000,
GPU,3,57.848,32686199867,0,0,0.000,0.000,0.000,0.000,
GPU,3,57.848,32686199867,0,0,0.000,0.000,0.000,0.000,
GPU,3,57.848,32686199867,0,0,0.000,0.000,0.000,0.000,
GPU,3,57.848,32686199867,0,0,0.000,0.000,0.000,0.000,
GPU,3,57.848,32686199867,0,0,0.000,0.000,0.000,0.000,
GPU,3,57.848,32686199867,0,0,0.000,0.000,0.000,0.000,
GPU,3,57.848,32686199867,0,0,0.000,0.000,0.000,0.000,
GPU,3,57.848,32686199867,0,0,0.000,0.000,0.000,0.000,
GPU,3,57.848,32686199867,0,0,0.000,0.000,0.000,0.000,
GPU,3,57.848,32686199867,0,0,0.000,0.000,0.000,0.000,
GPU,3,57.848,32686199867,0,0,0.000,0.000,0.000,0.000,
GPU,3,57.848,32686199867,0,0,0.000,0.000,0.000,0.000,
GPU,3,57.848,32686199867,0,0,0.000,0.000,0.000,0.000,
GPU,3,57.848,32686199867,0,0,0.000,0.000,0.000,0.000,
GPU,3,57.848,32686199867,0,0,0.000,0.000,0.000,0.000,
GPU,3,57.848,32686199867,0,0,0.000,0.000,0.000,0.000,
GPU,3,57.848,32686199867,0,0,0.000,0.000,0.000,0.000,
GPU,3,57.848,32686199867,0,0,0.000,0.000,0.000,0.000,
GPU,3,57.848,32686199867,0,0,0.000,0.000,0.000,0.000,
GPU,3,57.848,32686199867,0,0,0.000,0.000,0.000,0.000,
GPU,3,57.848,32686199867,0,0,0.000,0.000,0.000,0.000,
GPU,3,57.848,32686199867,0,0,0.000,0.000,0.000,0.000,
GPU,3,57.848,32686199867,0,0,0.000,0.000,0.000,0.000,
GPU,3,57.848,32686199867,0,0,0.000,0.000,0.000,0.000,
GPU,3,57.848,32686199867,0,0,0.000,0.000,0.000,0.000,
GPU,3,57.848,32686199867,0,0,0.000,0.000,0.000,0.000,
GPU,3,57.848,32686199867,0,0,0.000,0.000,0.000,0.000,
GPU,3,57.848,32686199867,0,0,0.000,0.000,0.000,0.000,
GPU,3,57.848,32686199867,0,0,0.000,0.000,0.000,0.000,
GPU,3,57.848,32686199867,0,0,0.000,0.000,0.000,0.000,
GPU,3,57.848,32686199867,0,0,0.000,0.000,0.000,0.000,
GPU,3,57.848,32686199867,0,0,0.000,0.000,0.000,0.000,
GPU,3,57.848,32686205682,0,0,0.000,0.000,0.000,0.000,
GPU,3,57.848,32686205682,0,0,0.000,0.000,0.000,0.000,
GPU,3,57.848,32686205682,0,0,0.000,0.000,0.000,0.000,
GPU,3,57.848,32686205682,0,0,0.000,0.000,0.000,0.000,
GPU,3,57.848,32686205682,0,0,0.000,0.000,0.000,0.000,
GPU,3,57.848,32686205682,0,0,0.000,0.000,0.000,0.000,
GPU,3,57.848,32686205682,0,0,0.000,0.000,0.000,0.000,
GPU,3,57.848,32686205682,0,0,0.000,0.000,0.000,0.000,
GPU,3,57.848,32686205682,0,0,0.000,0.000,0.000,0.000,
GPU,3,57.848,32686205682,0,0,0.000,0.000,0.000,0.000,
GPU,3,57.848,32686205682,0,0,0.000,0.000,0.000,0.000,
GPU,3,57.848,32686205682,0,0,0.000,0.000,0.000,0.000,
GPU,3,57.848,32686205682,0,0,0.000,0.000,0.000,0.000,
GPU,3,57.848,32686205682,0,0,0.000,0.000,0.000,0.000,
GPU,3,57.848,32686205682,0,0,0.000,0.000,0.000,0.000,
GPU,3,57.848,32686205682,0,0,0.000,0.000,0.000,0.000,
GPU,3,57.848,32686205682,0,0,0.000,0.000,0.000,0.000,
GPU,3,57.848,32686205682,0,0,0.000,0.000,0.000,0.000,
GPU,3,57.848,32686205682,0,0,0.000,0.000,0.000,0.000,
GPU,3,57.848,32686205682,0,0,0.000,0.000,0.000,0.000,
GPU,3,57.848,32686205682,0,0,0.000,0.000,0.000,0.000,
GPU,3,57.848,32686205682,0,0,0.000,0.000,0.000,0.000,
GPU,3,57.848,32686205682,0,0,0.000,0.000,0.000,0.000,
GPU,3,57.848,32686205682,0,0,0.000,0.000,0.000,0.000,
GPU,3,57.848,32686205682,0,0,0.000,0.000,0.000,0.000,
GPU,3,57.848,32686205682,0,0,0.000,0.000,0.000,0.000,
GPU,3,57.848,32686205682,0,0,0.000,0.000,0.000,0.000,
GPU,3,57.848,32686205682,0,0,0.000,0.000,0.000,0.000,
GPU,3,57.848,32686205682,0,0,0.000,0.000,0.000,0.000,
GPU,3,57.848,32686205682,0,0,0.000,0.000,0.000,0.000,
GPU,3,57.848,32686205682,0,0,0.000,0.000,0.000,0.000,
GPU,3,57.848,32686205682,0,0,0.000,0.000,0.000,0.000,
GPU,3,57.848,32686205682,0,0,0.000,0.000,0.000,0.000,
GPU,3,57.848,32686205682,0,0,0.000,0.000,0.000,0.000,
GPU,3,57.848,32686205682,0,0,0.000,0.000,0.000,0.000,
GPU,3,57.848,32686205682,0,0,0.000,0.000,0.000,0.000,
GPU,3,57.848,32686205682,0,0,0.000,0.000,0.000,0.000,
GPU,3,57.848,32686205682,0,0,0.000,0.000,0.000,0.000,
GPU,3,57.848,32686205682,0,0,0.000,0.000,0.000,0.000,
GPU,3,57.848,32686205682,0,0,0.000,0.000,0.000,0.000,
GPU,3,57.848,32686205682,0,0,0.000,0.000,0.000,0.000,
GPU,3,57.848,32686205682,0,0,0.000,0.000,0.000,0.000,
GPU,3,57.848,32686205682,0,0,0.000,0.000,0.000,0.000,
GPU,3,57.848,32686205682,0,0,0.000,0.000,0.000,0.000,
GPU,3,57.848,32686205682,0,0,0.000,0.000,0.000,0.000,
GPU,3,57.848,32686205682,0,0,0.000,0.000,0.000,0.000,
GPU,3,57.848,32686205682,0,0,0.000,0.000,0.000,0.000,
GPU,3,57.848,32686205682,0,0,0.000,0.000,0.000,0.000,
GPU,3,57.848,32686205682,0,0,0.000,0.000,0.000,0.000,
GPU,3,57.848,32686205682,0,0,0.000,0.000,0.000,0.000,
GPU,3,57.848,32686205682,0,0,0.000,0.000,0.000,0.000,
GPU,3,57.848,32686205682,0,0,0.000,0.000,0.000,0.000,
GPU,3,57.848,32686205682,0,0,0.000,0.000,0.000,0.000,
GPU,3,57.848,32686205682,0,0,0.000,0.000,0.000,0.000,
GPU,3,57.848,32686205682,0,0,0.000,0.000,0.000,0.000,
GPU,3,57.848,32686205682,0,0,0.000,0.000,0.000,0.000,
GPU,3,57.848,32686205682,0,0,0.000,0.000,0.000,0.000,
GPU,3,57.848,32686205682,0,0,0.000,0.000,0.000,0.000,
GPU,3,57.848,32686205682,0,0,0.000,0.000,0.000,0.000,
GPU,3,57.848,32686205682,0,0,0.000,0.000,0.000,0.000,
GPU,3,57.848,32686205682,0,0,0.000,0.000,0.000,0.000,
GPU,3,57.848,32686205682,0,0,0.000,0.000,0.000,0.000,
GPU,3,57.848,32686205682,0,0,0.000,0.000,0.000,0.000,
GPU,3,57.848,32686205682,0,0,0.000,0.000,0.000,0.000,
GPU,3,57.848,32686205682,0,0,0.000,0.000,0.000,0.000,
GPU,3,57.848,32686211513,0,0,0.000,0.000,0.000,0.000,
GPU,3,57.848,32686211513,0,0,0.000,0.000,0.000,0.000,
GPU,3,57.848,32686211513,0,0,0.000,0.000,0.000,0.000,
GPU,3,57.848,32686211513,0,0,0.000,0.000,0.000,0.000,
GPU,3,57.848,32686211513,0,0,0.000,0.000,0.000,0.000,
GPU,3,57.848,32686211513,0,0,0.000,0.000,0.000,0.000,
GPU,3,57.848,32686211513,0,0,0.000,0.000,0.000,0.000,
GPU,3,57.848,32686211513,0,0,0.000,0.000,0.000,0.000,
GPU,3,57.848,32686211513,0,0,0.000,0.000,0.000,0.000,
GPU,3,57.848,32686211513,0,0,0.000,0.000,0.000,0.000,
GPU,3,57.848,32686211513,0,0,0.000,0.000,0.000,0.000,
GPU,3,57.848,32686211513,0,0,0.000,0.000,0.000,0.000,
GPU,3,57.848,32686211513,0,0,0.000,0.000,0.000,0.000,
GPU,3,57.848,32686211513,0,0,0.000,0.000,0.000,0.000,
GPU,3,57.848,32686211513,0,0,0.000,0.000,0.000,0.000,
GPU,3,57.848,32686211513,0,0,0.000,0.000,0.000,0.000,
GPU,3,57.848,32686211513,0,0,0.000,0.000,0.000,0.000,
GPU,3,57.848,32686211513,0,0,0.000,0.000,0.000,0.000,
GPU,3,57.848,32686211513,0,0,0.000,0.000,0.000,0.000,
GPU,3,57.848,32686211513,0,0,0.000,0.000,0.000,0.000,
GPU,3,57.848,32686211513,0,0,0.000,0.000,0.000,0.000,
GPU,3,57.848,32686211513,0,0,0.000,0.000,0.000,0.000,
GPU,3,57.848,32686211513,0,0,0.000,0.000,0.000,0.000,
GPU,3,57.848,32686211513,0,0,0.000,0.000,0.000,0.000,
GPU,3,57.848,32686211513,0,0,0.000,0.000,0.000,0.000,
GPU,3,57.848,32686211513,0,0,0.000,0.000,0.000,0.000,
GPU,3,57.848,32686211513,0,0,0.000,0.000,0.000,0.000,
GPU,3,57.848,32686211513,0,0,0.000,0.000,0.000,0.000,
GPU,3,57.848,32686211513,0,0,0.000,0.000,0.000,0.000,
GPU,3,57.848,32686211513,0,0,0.000,0.000,0.000,0.000,
GPU,3,57.848,32686211513,0,0,0.000,0.000,0.000,0.000,
GPU,3,57.848,32686211513,0,0,0.000,0.000,0.000,0.000,
GPU,3,57.848,32686211513,0,0,0.000,0.000,0.000,0.000,
GPU,3,57.848,32686211513,0,0,0.000,0.000,0.000,0.000,
GPU,3,57.848,32686211513,0,0,0.000,0.000,0.000,0.000,
GPU,3,57.848,32686211513,0,0,0.000,0.000,0.000,0.000,
GPU,3,57.848,32686211513,0,0,0.000,0.000,0.000,0.000,
GPU,3,57.848,32686211513,0,0,0.000,0.000,0.000,0.000,
GPU,3,57.848,32686211513,0,0,0.000,0.000,0.000,0.000,
GPU,3,57.848,32686211513,0,0,0.000,0.000,0.000,0.000,
GPU,3,57.848,32686211513,0,0,0.000,0.000,0.000,0.000,
GPU,3,57.848,32686211513,0,0,0.000,0.000,0.000,0.000,
GPU,3,57.848,32686211513,0,0,0.000,0.000,0.000,0.000,
GPU,3,57.848,32686211513,0,0,0.000,0.000,0.000,0.000,
GPU,3,57.848,32686211513,0,0,0.000,0.000,0.000,0.000,
GPU,3,57.848,32686211513,0,0,0.000,0.000,0.000,0.000,
GPU,3,57.848,32686211513,0,0,0.000,0.000,0.000,0.000,
GPU,3,57.848,32686211513,0,0,0.000,0.000,0.000,0.000,
GPU,3,57.848,32686211513,0,0,0.000,0.000,0.000,0.000,
GPU,3,57.848,32686211513,0,0,0.000,0.000,0.000,0.000,
GPU,3,57.848,32686211513,0,0,0.000,0.000,0.000,0.000,
GPU,3,57.848,32686211513,0,0,0.000,0.000,0.000,0.000,
GPU,3,57.848,32686211513,0,0,0.000,0.000,0.000,0.000,
GPU,3,57.848,32686211513,0,0,0.000,0.000,0.000,0.000,
GPU,3,57.848,32686211513,0,0,0.000,0.000,0.000,0.000,
GPU,3,57.848,32686211513,0,0,0.000,0.000,0.000,0.000,
GPU,3,57.848,32686211513,0,0,0.000,0.000,0.000,0.000,
GPU,3,57.848,32686211513,0,0,0.000,0.000,0.000,0.000,
GPU,3,57.848,32686211513,0,0,0.000,0.000,0.000,0.000,
GPU,3,57.848,32686211513,0,0,0.000,0.000,0.000,0.000,
GPU,3,57.848,32686211513,0,0,0.000,0.000,0.000,0.000,
GPU,3,57.848,32686211513,0,0,0.000,0.000,0.000,0.000,
GPU,3,57.848,32686211513,0,0,0.000,0.000,0.000,0.000,
GPU,3,57.848,32686211513,0,0,0.000,0.000,0.000,0.000,
GPU,3,57.848,32686211513,0,0,0.000,0.000,0.000,0.000,
GPU,3,57.848,32686211513,0,0,0.000,0.000,0.000,0.000,
GPU,3,57.848,32686211513,0,0,0.000,0.000,0.000,0.000,
GPU,3,57.848,32686211513,0,0,0.000,0.000,0.000,0.000,
GPU,3,57.848,32686217327,0,0,0.000,0.000,0.000,0.000,
GPU,3,57.848,32686217327,0,0,0.000,0.000,0.000,0.000,
GPU,3,57.848,32686217327,0,0,0.000,0.000,0.000,0.000,
GPU,3,57.848,32686217327,0,0,0.000,0.000,0.000,0.000,
GPU,3,57.848,32686217327,0,0,0.000,0.000,0.000,0.000,
GPU,3,57.848,32686217327,0,0,0.000,0.000,0.000,0.000,
GPU,3,57.848,32686217327,0,0,0.000,0.000,0.000,0.000,
GPU,3,57.848,32686217327,0,0,0.000,0.000,0.000,0.000,
GPU,3,57.848,32686217327,0,0,0.000,0.000,0.000,0.000,
GPU,3,57.848,32686217327,0,0,0.000,0.000,0.000,0.000,
GPU,3,57.848,32686217327,0,0,0.000,0.000,0.000,0.000,
GPU,3,57.848,32686217327,0,0,0.000,0.000,0.000,0.000,
GPU,3,57.848,32686217327,0,0,0.000,0.000,0.000,0.000,
GPU,3,57.848,32686217327,0,0,0.000,0.000,0.000,0.000,
GPU,3,57.848,32686217327,0,0,0.000,0.000,0.000,0.000,
GPU,3,57.848,32686217327,0,0,0.000,0.000,0.000,0.000,
GPU,3,57.848,32686217327,0,0,0.000,0.000,0.000,0.000,
GPU,3,57.848,32686217327,0,0,0.000,0.000,0.000,0.000,
GPU,3,57.848,32686217327,0,0,0.000,0.000,0.000,0.000,
GPU,3,57.848,32686217327,0,0,0.000,0.000,0.000,0.000,
GPU,3,57.848,32686217327,0,0,0.000,0.000,0.000,0.000,
GPU,3,57.848,32686217327,0,0,0.000,0.000,0.000,0.000,
GPU,3,57.848,32686217327,0,0,0.000,0.000,0.000,0.000,
GPU,3,57.848,32686217327,0,0,0.000,0.000,0.000,0.000,
GPU,3,57.848,32686217327,0,0,0.000,0.000,0.000,0.000,
GPU,3,57.848,32686217327,0,0,0.000,0.000,0.000,0.000,
GPU,3,57.848,32686217327,0,0,0.000,0.000,0.000,0.000,
GPU,3,57.848,32686217327,0,0,0.000,0.000,0.000,0.000,
GPU,3,57.848,32686217327,0,0,0.000,0.000,0.000,0.000,
GPU,3,57.848,32686217327,0,0,0.000,0.000,0.000,0.000,
GPU,3,57.848,32686217327,0,0,0.000,0.000,0.000,0.000,
GPU,3,57.848,32686217327,0,0,0.000,0.000,0.000,0.000,
GPU,3,57.848,32686217327,0,0,0.000,0.000,0.000,0.000,
GPU,3,57.848,32686217327,0,0,0.000,0.000,0.000,0.000,
GPU,3,57.848,32686217327,0,0,0.000,0.000,0.000,0.000,
GPU,3,57.848,32686217327,0,0,0.000,0.000,0.000,0.000,
GPU,3,57.848,32686217327,0,0,0.000,0.000,0.000,0.000,
GPU,3,57.848,32686217327,0,0,0.000,0.000,0.000,0.000,
GPU,3,57.848,32686217327,0,0,0.000,0.000,0.000,0.000,
GPU,3,57.848,32686217327,0,0,0.000,0.000,0.000,0.000,
GPU,3,57.848,32686217327,0,0,0.000,0.000,0.000,0.000,
GPU,3,57.848,32686217327,0,0,0.000,0.000,0.000,0.000,
GPU,3,57.848,32686217327,0,0,0.000,0.000,0.000,0.000,
GPU,3,57.848,32686217327,0,0,0.000,0.000,0.000,0.000,
GPU,3,57.848,32686217327,0,0,0.000,0.000,0.000,0.000,
GPU,3,57.848,32686217327,0,0,0.000,0.000,0.000,0.000,
GPU,3,57.848,32686217327,0,0,0.000,0.000,0.000,0.000,
GPU,3,57.848,32686217327,0,0,0.000,0.000,0.000,0.000,
GPU,3,57.848,32686217327,0,0,0.000,0.000,0.000,0.000,
GPU,3,57.848,32686217327,0,0,0.000,0.000,0.000,0.000,
GPU,3,57.848,32686217327,0,0,0.000,0.000,0.000,0.000,
GPU,3,57.848,32686217327,0,0,0.000,0.000,0.000,0.000,
GPU,3,57.848,32686217327,0,0,0.000,0.000,0.000,0.000,
GPU,3,57.848,32686217327,0,0,0.000,0.000,0.000,0.000,
GPU,3,57.848,32686217327,0,0,0.000,0.000,0.000,0.000,
GPU,3,57.848,32686217327,0,0,0.000,0.000,0.000,0.000,
GPU,3,57.848,32686217327,0,0,0.000,0.000,0.000,0.000,
GPU,3,57.848,32686217327,0,0,0.000,0.000,0.000,0.000,
GPU,3,57.848,32686217327,0,0,0.000,0.000,0.000,0.000,
GPU,3,57.848,32686217327,0,0,0.000,0.000,0.000,0.000,
GPU,3,57.848,32686217327,0,0,0.000,0.000,0.000,0.000,
GPU,3,57.848,32686217327,0,0,0.000,0.000,0.000,0.000,
GPU,3,57.848,32686217327,0,0,0.000,0.000,0.000,0.000,
GPU,3,57.848,32686217327,0,0,0.000,0.000,0.000,0.000,
GPU,3,57.848,32686217327,0,0,0.000,0.000,0.000,0.000,
GPU,3,57.848,32686217327,0,0,0.000,0.000,0.000,0.000,
GPU,3,57.848,32686217327,0,0,0.000,0.000,0.000,0.000,
GPU,3,57.848,32686223160,0,0,0.000,0.000,0.000,0.000,
GPU,3,57.848,32686223160,0,0,0.000,0.000,0.000,0.000,
GPU,3,57.848,32686223160,0,0,0.000,0.000,0.000,0.000,
GPU,3,57.848,32686223160,0,0,0.000,0.000,0.000,0.000,
GPU,3,57.848,32686223160,0,0,0.000,0.000,0.000,0.000,
GPU,3,57.848,32686223160,0,0,0.000,0.000,0.000,0.000,
GPU,3,57.848,32686223160,0,0,0.000,0.000,0.000,0.000,
GPU,3,57.848,32686223160,0,0,0.000,0.000,0.000,0.000,
GPU,3,57.848,32686223160,0,0,0.000,0.000,0.000,0.000,
GPU,3,57.848,32686223160,0,0,0.000,0.000,0.000,0.000,
GPU,3,57.848,32686223160,0,0,0.000,0.000,0.000,0.000,
GPU,3,57.848,32686223160,0,0,0.000,0.000,0.000,0.000,
GPU,3,57.848,32686223160,0,0,0.000,0.000,0.000,0.000,
GPU,3,57.848,32686223160,0,0,0.000,0.000,0.000,0.000,
GPU,3,57.848,32686223160,0,0,0.000,0.000,0.000,0.000,
GPU,3,57.848,32686223160,0,0,0.000,0.000,0.000,0.000,
GPU,3,57.848,32686223160,0,0,0.000,0.000,0.000,0.000,
GPU,3,57.848,32686223160,0,0,0.000,0.000,0.000,0.000,
GPU,3,57.848,32686223160,0,0,0.000,0.000,0.000,0.000,
GPU,3,57.848,32686223160,0,0,0.000,0.000,0.000,0.000,
GPU,3,57.848,32686223160,0,0,0.000,0.000,0.000,0.000,
GPU,3,57.848,32686223160,0,0,0.000,0.000,0.000,0.000,
GPU,3,57.848,32686223160,0,0,0.000,0.000,0.000,0.000,
GPU,3,57.848,32686223160,0,0,0.000,0.000,0.000,0.000,
GPU,3,57.848,32686223160,0,0,0.000,0.000,0.000,0.000,
GPU,3,57.848,32686223160,0,0,0.000,0.000,0.000,0.000,
GPU,3,57.848,32686223160,0,0,0.000,0.000,0.000,0.000,
GPU,3,57.848,32686223160,0,0,0.000,0.000,0.000,0.000,
GPU,3,57.848,32686223160,0,0,0.000,0.000,0.000,0.000,
GPU,3,57.848,32686223160,0,0,0.000,0.000,0.000,0.000,
GPU,3,57.848,32686223160,0,0,0.000,0.000,0.000,0.000,
GPU,3,57.848,32686223160,0,0,0.000,0.000,0.000,0.000,
GPU,3,57.848,32686223160,0,0,0.000,0.000,0.000,0.000,
GPU,3,57.848,32686223160,0,0,0.000,0.000,0.000,0.000,
GPU,3,57.848,32686223160,0,0,0.000,0.000,0.000,0.000,
GPU,3,57.848,32686223160,0,0,0.000,0.000,0.000,0.000,
GPU,3,57.848,32686223160,0,0,0.000,0.000,0.000,0.000,
GPU,3,57.848,32686223160,0,0,0.000,0.000,0.000,0.000,
GPU,3,57.848,32686223160,0,0,0.000,0.000,0.000,0.000,
GPU,3,57.848,32686223160,0,0,0.000,0.000,0.000,0.000,
GPU,3,57.848,32686223160,0,0,0.000,0.000,0.000,0.000,
GPU,3,57.848,32686223160,0,0,0.000,0.000,0.000,0.000,
GPU,3,57.848,32686223160,0,0,0.000,0.000,0.000,0.000,
GPU,3,57.848,32686223160,0,0,0.000,0.000,0.000,0.000,
GPU,3,57.848,32686223160,0,0,0.000,0.000,0.000,0.000,
GPU,3,57.848,32686223160,0,0,0.000,0.000,0.000,0.000,
GPU,3,57.848,32686223160,0,0,0.000,0.000,0.000,0.000,
GPU,3,57.848,32686223160,0,0,0.000,0.000,0.000,0.000,
GPU,3,57.848,32686223160,0,0,0.000,0.000,0.000,0.000,
GPU,3,57.848,32686223160,0,0,0.000,0.000,0.000,0.000,
GPU,3,57.848,32686223160,0,0,0.000,0.000,0.000,0.000,
GPU,3,57.848,32686223160,0,0,0.000,0.000,0.000,0.000,
GPU,3,57.848,32686223160,0,0,0.000,0.000,0.000,0.000,
GPU,3,57.848,32686223160,0,0,0.000,0.000,0.000,0.000,
GPU,3,57.848,32686223160,0,0,0.000,0.000,0.000,0.000,
GPU,3,57.848,32686223160,0,0,0.000,0.000,0.000,0.000,
GPU,3,57.848,32686223160,0,0,0.000,0.000,0.000,0.000,
GPU,3,57.848,32686223160,0,0,0.000,0.000,0.000,0.000,
GPU,3,57.848,32686223160,0,0,0.000,0.000,0.000,0.000,
GPU,3,57.848,32686223160,0,0,0.000,0.000,0.000,0.000,
GPU,3,57.848,32686223160,0,0,0.000,0.000,0.000,0.000,
GPU,3,57.848,32686223160,0,0,0.000,0.000,0.000,0.000,
GPU,3,57.848,32686223160,0,0,0.000,0.000,0.000,0.000,
GPU,3,57.848,32686223160,0,0,0.000,0.000,0.000,0.000,
GPU,3,57.848,32686223160,0,0,0.000,0.000,0.000,0.000,
GPU,3,57.848,32686223160,0,0,0.000,0.000,0.000,0.000,
GPU,3,57.848,32686223160,0,0,0.000,0.000,0.000,0.000,
GPU,3,57.848,32686223160,0,0,0.000,0.000,0.000,0.000,
GPU,3,57.848,32686228977,0,0,0.000,0.000,0.000,0.000,
GPU,3,57.848,32686228977,0,0,0.000,0.000,0.000,0.000,
GPU,3,57.848,32686228977,0,0,0.000,0.000,0.000,0.000,
GPU,3,57.848,32686228977,0,0,0.000,0.000,0.000,0.000,
GPU,3,57.848,32686228977,0,0,0.000,0.000,0.000,0.000,
GPU,3,57.848,32686228977,0,0,0.000,0.000,0.000,0.000,
GPU,3,57.848,32686228977,0,0,0.000,0.000,0.000,0.000,
GPU,3,57.848,32686228977,0,0,0.000,0.000,0.000,0.000,
GPU,3,57.848,32686228977,0,0,0.000,0.000,0.000,0.000,
GPU,3,57.848,32686228977,0,0,0.000,0.000,0.000,0.000,
GPU,3,57.848,32686228977,0,0,0.000,0.000,0.000,0.000,
GPU,3,57.848,32686228977,0,0,0.000,0.000,0.000,0.000,
GPU,3,57.848,32686228977,0,0,0.000,0.000,0.000,0.000,
GPU,3,57.848,32686228977,0,0,0.000,0.000,0.000,0.000,
GPU,3,57.848,32686228977,0,0,0.000,0.000,0.000,0.000,
GPU,3,57.848,32686228977,0,0,0.000,0.000,0.000,0.000,
GPU,3,57.848,32686228977,0,0,0.000,0.000,0.000,0.000,
GPU,3,57.848,32686228977,0,0,0.000,0.000,0.000,0.000,
GPU,3,57.848,32686228977,0,0,0.000,0.000,0.000,0.000,
GPU,3,57.848,32686228977,0,0,0.000,0.000,0.000,0.000,
GPU,3,57.848,32686228977,0,0,0.000,0.000,0.000,0.000,
GPU,3,57.848,32686228977,0,0,0.000,0.000,0.000,0.000,
GPU,3,57.848,32686228977,0,0,0.000,0.000,0.000,0.000,
GPU,3,57.848,32686228977,0,0,0.000,0.000,0.000,0.000,
GPU,3,57.848,32686228977,0,0,0.000,0.000,0.000,0.000,
GPU,3,57.848,32686228977,0,0,0.000,0.000,0.000,0.000,
GPU,3,57.848,32686228977,0,0,0.000,0.000,0.000,0.000,
GPU,3,57.848,32686228977,0,0,0.000,0.000,0.000,0.000,
GPU,3,57.848,32686228977,0,0,0.000,0.000,0.000,0.000,
GPU,3,57.848,32686228977,0,0,0.000,0.000,0.000,0.000,
GPU,3,57.848,32686228977,0,0,0.000,0.000,0.000,0.000,
GPU,3,57.848,32686228977,0,0,0.000,0.000,0.000,0.000,
GPU,3,57.848,32686228977,0,0,0.000,0.000,0.000,0.000,
GPU,3,57.848,32686228977,0,0,0.000,0.000,0.000,0.000,
GPU,3,57.848,32686228977,0,0,0.000,0.000,0.000,0.000,
GPU,3,57.848,32686228977,0,0,0.000,0.000,0.000,0.000,
GPU,3,57.848,32686228977,0,0,0.000,0.000,0.000,0.000,
GPU,3,57.848,32686228977,0,0,0.000,0.000,0.000,0.000,
GPU,3,57.848,32686228977,0,0,0.000,0.000,0.000,0.000,
GPU,3,57.848,32686228977,0,0,0.000,0.000,0.000,0.000,
GPU,3,57.848,32686228977,0,0,0.000,0.000,0.000,0.000,
GPU,3,57.848,32686228977,0,0,0.000,0.000,0.000,0.000,
GPU,3,57.848,32686228977,0,0,0.000,0.000,0.000,0.000,
GPU,3,57.848,32686228977,0,0,0.000,0.000,0.000,0.000,
GPU,3,57.848,32686228977,0,0,0.000,0.000,0.000,0.000,
GPU,3,57.848,32686228977,0,0,0.000,0.000,0.000,0.000,
GPU,3,57.848,32686228977,0,0,0.000,0.000,0.000,0.000,
GPU,3,57.848,32686228977,0,0,0.000,0.000,0.000,0.000,
GPU,3,57.848,32686228977,0,0,0.000,0.000,0.000,0.000,
GPU,3,57.848,32686228977,0,0,0.000,0.000,0.000,0.000,
GPU,3,57.848,32686228977,0,0,0.000,0.000,0.000,0.000,
GPU,3,57.848,32686228977,0,0,0.000,0.000,0.000,0.000,
GPU,3,57.848,32686228977,0,0,0.000,0.000,0.000,0.000,
GPU,3,57.848,32686228977,0,0,0.000,0.000,0.000,0.000,
GPU,3,57.848,32686228977,0,0,0.000,0.000,0.000,0.000,
GPU,3,57.848,32686228977,0,0,0.000,0.000,0.000,0.000,
GPU,3,57.848,32686228977,0,0,0.000,0.000,0.000,0.000,
GPU,3,57.848,32686228977,0,0,0.000,0.000,0.000,0.000,
GPU,3,57.848,32686228977,0,0,0.000,0.000,0.000,0.000,
GPU,3,57.848,32686228977,0,0,0.000,0.000,0.000,0.000,
GPU,3,57.848,32686228977,0,0,0.000,0.000,0.000,0.000,
GPU,3,57.848,32686228977,0,0,0.000,0.000,0.000,0.000,
GPU,3,57.848,32686228977,0,0,0.000,0.000,0.000,0.000,
GPU,3,57.848,32686228977,0,0,0.000,0.000,0.000,0.000,
GPU,3,57.848,32686228977,0,0,0.000,0.000,0.000,0.000,
GPU,3,57.848,32686228977,0,0,0.000,0.000,0.000,0.000,
GPU,3,57.848,32686228977,0,0,0.000,0.000,0.000,0.000,
GPU,3,57.848,32686228977,0,0,0.000,0.000,0.000,0.000,
GPU,3,57.848,32686228977,0,0,0.000,0.000,0.000,0.000,
GPU,3,57.848,32686228977,0,0,0.000,0.000,0.000,0.000,
GPU,3,57.848,32686234856,0,0,0.000,0.000,0.000,0.000,
GPU,3,57.848,32686234856,0,0,0.000,0.000,0.000,0.000,
GPU,3,57.848,32686234856,0,0,0.000,0.000,0.000,0.000,
GPU,3,57.848,32686234856,0,0,0.000,0.000,0.000,0.000,
GPU,3,57.848,32686234856,0,0,0.000,0.000,0.000,0.000,
GPU,3,57.848,32686234856,0,0,0.000,0.000,0.000,0.000,
GPU,3,57.848,32686234856,0,0,0.000,0.000,0.000,0.000,
GPU,3,57.848,32686234856,0,0,0.000,0.000,0.000,0.000,
GPU,3,57.848,32686234856,0,0,0.000,0.000,0.000,0.000,
GPU,3,57.848,32686234856,0,0,0.000,0.000,0.000,0.000,
GPU,3,57.848,32686234856,0,0,0.000,0.000,0.000,0.000,
GPU,3,57.848,32686234856,0,0,0.000,0.000,0.000,0.000,
GPU,3,57.848,32686234856,0,0,0.000,0.000,0.000,0.000,
GPU,3,57.848,32686234856,0,0,0.000,0.000,0.000,0.000,
GPU,3,57.848,32686234856,0,0,0.000,0.000,0.000,0.000,
GPU,3,57.848,32686234856,0,0,0.000,0.000,0.000,0.000,
GPU,3,57.848,32686234856,0,0,0.000,0.000,0.000,0.000,
GPU,3,57.848,32686234856,0,0,0.000,0.000,0.000,0.000,
GPU,3,57.848,32686234856,0,0,0.000,0.000,0.000,0.000,
GPU,3,57.848,32686234856,0,0,0.000,0.000,0.000,0.000,
GPU,3,57.848,32686234856,0,0,0.000,0.000,0.000,0.000,
GPU,3,57.848,32686234856,0,0,0.000,0.000,0.000,0.000,
GPU,3,57.848,32686234856,0,0,0.000,0.000,0.000,0.000,
GPU,3,57.848,32686234856,0,0,0.000,0.000,0.000,0.000,
GPU,3,57.848,32686234856,0,0,0.000,0.000,0.000,0.000,
GPU,3,57.848,32686234856,0,0,0.000,0.000,0.000,0.000,
GPU,3,57.848,32686234856,0,0,0.000,0.000,0.000,0.000,
GPU,3,57.848,32686234856,0,0,0.000,0.000,0.000,0.000,
GPU,3,57.848,32686234856,0,0,0.000,0.000,0.000,0.000,
GPU,3,57.848,32686234856,0,0,0.000,0.000,0.000,0.000,
GPU,3,57.848,32686234856,0,0,0.000,0.000,0.000,0.000,
GPU,3,57.848,32686234856,0,0,0.000,0.000,0.000,0.000,
GPU,3,57.848,32686234856,0,0,0.000,0.000,0.000,0.000,
GPU,3,57.848,32686234856,0,0,0.000,0.000,0.000,0.000,
GPU,3,57.848,32686234856,0,0,0.000,0.000,0.000,0.000,
GPU,3,57.848,32686234856,0,0,0.000,0.000,0.000,0.000,
GPU,3,57.848,32686234856,0,0,0.000,0.000,0.000,0.000,
GPU,3,57.848,32686234856,0,0,0.000,0.000,0.000,0.000,
GPU,3,57.848,32686234856,0,0,0.000,0.000,0.000,0.000,
GPU,3,57.848,32686234856,0,0,0.000,0.000,0.000,0.000,
GPU,3,57.848,32686234856,0,0,0.000,0.000,0.000,0.000,
GPU,3,57.848,32686234856,0,0,0.000,0.000,0.000,0.000,
GPU,3,57.848,32686234856,0,0,0.000,0.000,0.000,0.000,
GPU,3,57.848,32686234856,0,0,0.000,0.000,0.000,0.000,
GPU,3,57.848,32686234856,0,0,0.000,0.000,0.000,0.000,
GPU,3,57.848,32686234856,0,0,0.000,0.000,0.000,0.000,
GPU,3,57.848,32686234856,0,0,0.000,0.000,0.000,0.000,
GPU,3,57.848,32686234856,0,0,0.000,0.000,0.000,0.000,
GPU,3,57.848,32686234856,0,0,0.000,0.000,0.000,0.000,
GPU,3,57.848,32686234856,0,0,0.000,0.000,0.000,0.000,
GPU,3,57.848,32686234856,0,0,0.000,0.000,0.000,0.000,
GPU,3,57.848,32686234856,0,0,0.000,0.000,0.000,0.000,
GPU,3,57.848,32686234856,0,0,0.000,0.000,0.000,0.000,
GPU,3,57.848,32686234856,0,0,0.000,0.000,0.000,0.000,
GPU,3,57.848,32686234856,0,0,0.000,0.000,0.000,0.000,
GPU,3,57.848,32686234856,0,0,0.000,0.000,0.000,0.000,
GPU,3,57.848,32686234856,0,0,0.000,0.000,0.000,0.000,
GPU,3,57.848,32686234856,0,0,0.000,0.000,0.000,0.000,
GPU,3,57.848,32686234856,0,0,0.000,0.000,0.000,0.000,
GPU,3,57.848,32686234856,0,0,0.000,0.000,0.000,0.000,
GPU,3,57.848,32686234856,0,0,0.000,0.000,0.000,0.000,
GPU,3,57.848,32686234856,0,0,0.000,0.000,0.000,0.000,
GPU,3,57.848,32686234856,0,0,0.000,0.000,0.000,0.000,
GPU,3,57.848,32686234856,0,0,0.000,0.000,0.000,0.000,
GPU,3,57.848,32686234856,0,0,0.000,0.000,0.000,0.000,
GPU,3,57.848,32686234856,0,0,0.000,0.000,0.000,0.000,
GPU,3,57.848,32686234856,0,0,0.000,0.000,0.000,0.000,
GPU,3,57.848,32686240673,0,0,0.000,0.000,0.000,0.000,
GPU,3,57.848,32686240673,0,0,0.000,0.000,0.000,0.000,
GPU,3,57.848,32686240673,0,0,0.000,0.000,0.000,0.000,
GPU,3,57.848,32686240673,0,0,0.000,0.000,0.000,0.000,
GPU,3,57.848,32686240673,0,0,0.000,0.000,0.000,0.000,
GPU,3,57.848,32686240673,0,0,0.000,0.000,0.000,0.000,
GPU,3,57.848,32686240673,0,0,0.000,0.000,0.000,0.000,
GPU,3,57.848,32686240673,0,0,0.000,0.000,0.000,0.000,
GPU,3,57.848,32686240673,0,0,0.000,0.000,0.000,0.000,
GPU,3,57.848,32686240673,0,0,0.000,0.000,0.000,0.000,
GPU,3,57.848,32686240673,0,0,0.000,0.000,0.000,0.000,
GPU,3,57.848,32686240673,0,0,0.000,0.000,0.000,0.000,
GPU,3,57.848,32686240673,0,0,0.000,0.000,0.000,0.000,
GPU,3,57.848,32686240673,0,0,0.000,0.000,0.000,0.000,
GPU,3,57.848,32686240673,0,0,0.000,0.000,0.000,0.000,
GPU,3,57.848,32686240673,0,0,0.000,0.000,0.000,0.000,
GPU,3,57.848,32686240673,0,0,0.000,0.000,0.000,0.000,
GPU,3,57.848,32686240673,0,0,0.000,0.000,0.000,0.000,
GPU,3,57.848,32686240673,0,0,0.000,0.000,0.000,0.000,
GPU,3,57.848,32686240673,0,0,0.000,0.000,0.000,0.000,
GPU,3,57.848,32686240673,0,0,0.000,0.000,0.000,0.000,
GPU,3,57.848,32686240673,0,0,0.000,0.000,0.000,0.000,
GPU,3,57.848,32686240673,0,0,0.000,0.000,0.000,0.000,
GPU,3,57.848,32686240673,0,0,0.000,0.000,0.000,0.000,
GPU,3,57.848,32686240673,0,0,0.000,0.000,0.000,0.000,
GPU,3,57.848,32686240673,0,0,0.000,0.000,0.000,0.000,
GPU,3,57.848,32686240673,0,0,0.000,0.000,0.000,0.000,
GPU,3,57.848,32686240673,0,0,0.000,0.000,0.000,0.000,
GPU,3,57.848,32686240673,0,0,0.000,0.000,0.000,0.000,
GPU,3,57.848,32686240673,0,0,0.000,0.000,0.000,0.000,
GPU,3,57.848,32686240673,0,0,0.000,0.000,0.000,0.000,
GPU,3,57.848,32686240673,0,0,0.000,0.000,0.000,0.000,
GPU,3,57.848,32686240673,0,0,0.000,0.000,0.000,0.000,
GPU,3,57.848,32686240673,0,0,0.000,0.000,0.000,0.000,
GPU,3,57.848,32686240673,0,0,0.000,0.000,0.000,0.000,
GPU,3,57.848,32686240673,0,0,0.000,0.000,0.000,0.000,
GPU,3,57.848,32686240673,0,0,0.000,0.000,0.000,0.000,
GPU,3,57.848,32686240673,0,0,0.000,0.000,0.000,0.000,
GPU,3,57.848,32686240673,0,0,0.000,0.000,0.000,0.000,
GPU,3,57.848,32686240673,0,0,0.000,0.000,0.000,0.000,
GPU,3,57.848,32686240673,0,0,0.000,0.000,0.000,0.000,
GPU,3,57.848,32686240673,0,0,0.000,0.000,0.000,0.000,
GPU,3,57.848,32686240673,0,0,0.000,0.000,0.000,0.000,
GPU,3,57.848,32686240673,0,0,0.000,0.000,0.000,0.000,
GPU,3,57.848,32686240673,0,0,0.000,0.000,0.000,0.000,
GPU,3,57.848,32686240673,0,0,0.000,0.000,0.000,0.000,
GPU,3,57.848,32686240673,0,0,0.000,0.000,0.000,0.000,
GPU,3,57.848,32686240673,0,0,0.000,0.000,0.000,0.000,
GPU,3,57.848,32686240673,0,0,0.000,0.000,0.000,0.000,
GPU,3,57.848,32686240673,0,0,0.000,0.000,0.000,0.000,
GPU,3,57.848,32686240673,0,0,0.000,0.000,0.000,0.000,
GPU,3,57.848,32686240673,0,0,0.000,0.000,0.000,0.000,
GPU,3,57.848,32686240673,0,0,0.000,0.000,0.000,0.000,
GPU,3,57.848,32686240673,0,0,0.000,0.000,0.000,0.000,
GPU,3,57.848,32686240673,0,0,0.000,0.000,0.000,0.000,
GPU,3,57.848,32686240673,0,0,0.000,0.000,0.000,0.000,
GPU,3,57.848,32686240673,0,0,0.000,0.000,0.000,0.000,
GPU,3,57.848,32686240673,0,0,0.000,0.000,0.000,0.000,
GPU,3,57.848,32686240673,0,0,0.000,0.000,0.000,0.000,
GPU,3,57.848,32686240673,0,0,0.000,0.000,0.000,0.000,
GPU,3,57.848,32686240673,0,0,0.000,0.000,0.000,0.000,
GPU,3,57.848,32686240673,0,0,0.000,0.000,0.000,0.000,
GPU,3,57.848,32686240673,0,0,0.000,0.000,0.000,0.000,
GPU,3,57.848,32686240673,0,0,0.000,0.000,0.000,0.000,
GPU,3,57.848,32686240673,0,0,0.000,0.000,0.000,0.000,
GPU,3,57.848,32686240673,0,0,0.000,0.000,0.000,0.000,
GPU,3,57.848,32686240673,0,0,0.000,0.000,0.000,0.000,
GPU,3,57.848,32686246463,0,0,0.000,0.000,0.000,0.000,
GPU,3,57.848,32686246463,0,0,0.000,0.000,0.000,0.000,
GPU,3,57.848,32686246463,0,0,0.000,0.000,0.000,0.000,
GPU,3,57.848,32686246463,0,0,0.000,0.000,0.000,0.000,
GPU,3,57.848,32686246463,0,0,0.000,0.000,0.000,0.000,
GPU,3,57.848,32686246463,0,0,0.000,0.000,0.000,0.000,
GPU,3,57.848,32686246463,0,0,0.000,0.000,0.000,0.000,
GPU,3,57.848,32686246463,0,0,0.000,0.000,0.000,0.000,
GPU,3,57.848,32686246463,0,0,0.000,0.000,0.000,0.000,
GPU,3,57.848,32686246463,0,0,0.000,0.000,0.000,0.000,
GPU,3,57.848,32686246463,0,0,0.000,0.000,0.000,0.000,
GPU,3,57.848,32686246463,0,0,0.000,0.000,0.000,0.000,
GPU,3,57.848,32686246463,0,0,0.000,0.000,0.000,0.000,
GPU,3,57.848,32686246463,0,0,0.000,0.000,0.000,0.000,
GPU,3,57.848,32686246463,0,0,0.000,0.000,0.000,0.000,
GPU,3,57.848,32686246463,0,0,0.000,0.000,0.000,0.000,
GPU,3,57.848,32686246463,0,0,0.000,0.000,0.000,0.000,
GPU,3,57.848,32686246463,0,0,0.000,0.000,0.000,0.000,
GPU,3,57.848,32686246463,0,0,0.000,0.000,0.000,0.000,
GPU,3,57.848,32686246463,0,0,0.000,0.000,0.000,0.000,
GPU,3,57.848,32686246463,0,0,0.000,0.000,0.000,0.000,
GPU,3,57.848,32686246463,0,0,0.000,0.000,0.000,0.000,
GPU,3,57.848,32686246463,0,0,0.000,0.000,0.000,0.000,
GPU,3,57.848,32686246463,0,0,0.000,0.000,0.000,0.000,
GPU,3,57.848,32686246463,0,0,0.000,0.000,0.000,0.000,
GPU,3,57.848,32686246463,0,0,0.000,0.000,0.000,0.000,
GPU,3,57.848,32686246463,0,0,0.000,0.000,0.000,0.000,
GPU,3,57.848,32686246463,0,0,0.000,0.000,0.000,0.000,
GPU,3,57.848,32686246463,0,0,0.000,0.000,0.000,0.000,
GPU,3,57.848,32686246463,0,0,0.000,0.000,0.000,0.000,
GPU,3,57.848,32686246463,0,0,0.000,0.000,0.000,0.000,
GPU,3,57.848,32686246463,0,0,0.000,0.000,0.000,0.000,
GPU,3,57.848,32686246463,0,0,0.000,0.000,0.000,0.000,
GPU,3,57.848,32686246463,0,0,0.000,0.000,0.000,0.000,
GPU,3,57.848,32686246463,0,0,0.000,0.000,0.000,0.000,
GPU,3,57.848,32686246463,0,0,0.000,0.000,0.000,0.000,
GPU,3,57.848,32686246463,0,0,0.000,0.000,0.000,0.000,
GPU,3,57.848,32686246463,0,0,0.000,0.000,0.000,0.000,
GPU,3,57.848,32686246463,0,0,0.000,0.000,0.000,0.000,
GPU,3,57.848,32686246463,0,0,0.000,0.000,0.000,0.000,
GPU,3,57.848,32686246463,0,0,0.000,0.000,0.000,0.000,
GPU,3,57.848,32686246463,0,0,0.000,0.000,0.000,0.000,
GPU,3,57.848,32686246463,0,0,0.000,0.000,0.000,0.000,
GPU,3,57.848,32686246463,0,0,0.000,0.000,0.000,0.000,
GPU,3,57.848,32686246463,0,0,0.000,0.000,0.000,0.000,
GPU,3,57.848,32686246463,0,0,0.000,0.000,0.000,0.000,
GPU,3,57.848,32686246463,0,0,0.000,0.000,0.000,0.000,
GPU,3,57.848,32686246463,0,0,0.000,0.000,0.000,0.000,
GPU,3,57.848,32686246463,0,0,0.000,0.000,0.000,0.000,
GPU,3,57.848,32686246463,0,0,0.000,0.000,0.000,0.000,
GPU,3,57.848,32686246463,0,0,0.000,0.000,0.000,0.000,
GPU,3,57.848,32686246463,0,0,0.000,0.000,0.000,0.000,
GPU,3,57.848,32686246463,0,0,0.000,0.000,0.000,0.000,
GPU,3,57.848,32686246463,0,0,0.000,0.000,0.000,0.000,
GPU,3,57.848,32686246463,0,0,0.000,0.000,0.000,0.000,
GPU,3,57.848,32686246463,0,0,0.000,0.000,0.000,0.000,
GPU,3,57.848,32686246463,0,0,0.000,0.000,0.000,0.000,
GPU,3,57.848,32686246463,0,0,0.000,0.000,0.000,0.000,
GPU,3,57.848,32686246463,0,0,0.000,0.000,0.000,0.000,
GPU,3,57.848,32686246463,0,0,0.000,0.000,0.000,0.000,
GPU,3,57.848,32686246463,0,0,0.000,0.000,0.000,0.000,
GPU,3,57.848,32686246463,0,0,0.000,0.000,0.000,0.000,
GPU,3,57.848,32686246463,0,0,0.000,0.000,0.000,0.000,
GPU,3,57.848,32686246463,0,0,0.000,0.000,0.000,0.000,
GPU,3,57.848,32686246463,0,0,0.000,0.000,0.000,0.000,
GPU,3,57.848,32686246463,0,0,0.000,0.000,0.000,0.000,
GPU,3,57.848,32686246463,0,0,0.000,0.000,0.000,0.000,
GPU,3,57.848,32686252286,0,0,0.000,0.000,0.000,0.000,
GPU,3,57.848,32686252286,0,0,0.000,0.000,0.000,0.000,
GPU,3,57.848,32686252286,0,0,0.000,0.000,0.000,0.000,
GPU,3,57.848,32686252286,0,0,0.000,0.000,0.000,0.000,
GPU,3,57.848,32686252286,0,0,0.000,0.000,0.000,0.000,
GPU,3,57.848,32686252286,0,0,0.000,0.000,0.000,0.000,
GPU,3,57.848,32686252286,0,0,0.000,0.000,0.000,0.000,
GPU,3,57.848,32686252286,0,0,0.000,0.000,0.000,0.000,
GPU,3,57.848,32686252286,0,0,0.000,0.000,0.000,0.000,
GPU,3,57.848,32686252286,0,0,0.000,0.000,0.000,0.000,
GPU,3,57.848,32686252286,0,0,0.000,0.000,0.000,0.000,
GPU,3,57.848,32686252286,0,0,0.000,0.000,0.000,0.000,
GPU,3,57.848,32686252286,0,0,0.000,0.000,0.000,0.000,
GPU,3,57.848,32686252286,0,0,0.000,0.000,0.000,0.000,
GPU,3,57.848,32686252286,0,0,0.000,0.000,0.000,0.000,
GPU,3,57.848,32686252286,0,0,0.000,0.000,0.000,0.000,
GPU,3,57.848,32686252286,0,0,0.000,0.000,0.000,0.000,
GPU,3,57.848,32686252286,0,0,0.000,0.000,0.000,0.000,
GPU,3,57.848,32686252286,0,0,0.000,0.000,0.000,0.000,
GPU,3,57.848,32686252286,0,0,0.000,0.000,0.000,0.000,
GPU,3,57.848,32686252286,0,0,0.000,0.000,0.000,0.000,
GPU,3,57.848,32686252286,0,0,0.000,0.000,0.000,0.000,
GPU,3,57.848,32686252286,0,0,0.000,0.000,0.000,0.000,
GPU,3,57.848,32686252286,0,0,0.000,0.000,0.000,0.000,
GPU,3,57.848,32686252286,0,0,0.000,0.000,0.000,0.000,
GPU,3,57.848,32686252286,0,0,0.000,0.000,0.000,0.000,
GPU,3,57.848,32686252286,0,0,0.000,0.000,0.000,0.000,
GPU,3,57.848,32686252286,0,0,0.000,0.000,0.000,0.000,
GPU,3,57.848,32686252286,0,0,0.000,0.000,0.000,0.000,
GPU,3,57.848,32686252286,0,0,0.000,0.000,0.000,0.000,
GPU,3,57.848,32686252286,0,0,0.000,0.000,0.000,0.000,
GPU,3,57.848,32686252286,0,0,0.000,0.000,0.000,0.000,
GPU,3,57.848,32686252286,0,0,0.000,0.000,0.000,0.000,
GPU,3,57.848,32686252286,0,0,0.000,0.000,0.000,0.000,
GPU,3,57.848,32686252286,0,0,0.000,0.000,0.000,0.000,
GPU,3,57.848,32686252286,0,0,0.000,0.000,0.000,0.000,
GPU,3,57.848,32686252286,0,0,0.000,0.000,0.000,0.000,
GPU,3,57.848,32686252286,0,0,0.000,0.000,0.000,0.000,
GPU,3,57.848,32686252286,0,0,0.000,0.000,0.000,0.000,
GPU,3,57.848,32686252286,0,0,0.000,0.000,0.000,0.000,
GPU,3,57.848,32686252286,0,0,0.000,0.000,0.000,0.000,
GPU,3,57.848,32686252286,0,0,0.000,0.000,0.000,0.000,
GPU,3,57.848,32686252286,0,0,0.000,0.000,0.000,0.000,
GPU,3,57.848,32686252286,0,0,0.000,0.000,0.000,0.000,
GPU,3,57.848,32686252286,0,0,0.000,0.000,0.000,0.000,
GPU,3,57.848,32686252286,0,0,0.000,0.000,0.000,0.000,
GPU,3,57.848,32686252286,0,0,0.000,0.000,0.000,0.000,
GPU,3,57.848,32686252286,0,0,0.000,0.000,0.000,0.000,
GPU,3,57.848,32686252286,0,0,0.000,0.000,0.000,0.000,
GPU,3,57.848,32686252286,0,0,0.000,0.000,0.000,0.000,
GPU,3,57.848,32686252286,0,0,0.000,0.000,0.000,0.000,
GPU,3,57.848,32686252286,0,0,0.000,0.000,0.000,0.000,
GPU,3,57.848,32686252286,0,0,0.000,0.000,0.000,0.000,
GPU,3,57.848,32686252286,0,0,0.000,0.000,0.000,0.000,
GPU,3,57.848,32686252286,0,0,0.000,0.000,0.000,0.000,
GPU,3,57.848,32686252286,0,0,0.000,0.000,0.000,0.000,
GPU,3,57.848,32686252286,0,0,0.000,0.000,0.000,0.000,
GPU,3,57.848,32686252286,0,0,0.000,0.000,0.000,0.000,
GPU,3,57.848,32686252286,0,0,0.000,0.000,0.000,0.000,
GPU,3,57.848,32686252286,0,0,0.000,0.000,0.000,0.000,
GPU,3,57.848,32686252286,0,0,0.000,0.000,0.000,0.000,
GPU,3,57.848,32686252286,0,0,0.000,0.000,0.000,0.000,
GPU,3,57.848,32686252286,0,0,0.000,0.000,0.000,0.000,
GPU,3,57.848,32686252286,0,0,0.000,0.000,0.000,0.000,
GPU,3,57.848,32686252286,0,0,0.000,0.000,0.000,0.000,
GPU,3,57.848,32686252286,0,0,0.000,0.000,0.000,0.000,
GPU,3,57.848,32686252286,0,0,0.000,0.000,0.000,0.000,
GPU,3,57.848,32686252286,0,0,0.000,0.000,0.000,0.000,
GPU,3,57.848,32686258124,0,0,0.000,0.000,0.000,0.000,
GPU,3,57.848,32686258124,0,0,0.000,0.000,0.000,0.000,
GPU,3,57.848,32686258124,0,0,0.000,0.000,0.000,0.000,
GPU,3,57.848,32686258124,0,0,0.000,0.000,0.000,0.000,
GPU,3,57.848,32686258124,0,0,0.000,0.000,0.000,0.000,
GPU,3,57.848,32686258124,0,0,0.000,0.000,0.000,0.000,
GPU,3,57.848,32686258124,0,0,0.000,0.000,0.000,0.000,
GPU,3,57.848,32686258124,0,0,0.000,0.000,0.000,0.000,
GPU,3,57.848,32686258124,0,0,0.000,0.000,0.000,0.000,
GPU,3,57.848,32686258124,0,0,0.000,0.000,0.000,0.000,
GPU,3,57.848,32686258124,0,0,0.000,0.000,0.000,0.000,
GPU,3,57.848,32686258124,0,0,0.000,0.000,0.000,0.000,
GPU,3,57.848,32686258124,0,0,0.000,0.000,0.000,0.000,
GPU,3,57.848,32686258124,0,0,0.000,0.000,0.000,0.000,
GPU,3,57.848,32686258124,0,0,0.000,0.000,0.000,0.000,
GPU,3,57.848,32686258124,0,0,0.000,0.000,0.000,0.000,
GPU,3,57.848,32686258124,0,0,0.000,0.000,0.000,0.000,
GPU,3,57.848,32686258124,0,0,0.000,0.000,0.000,0.000,
GPU,3,57.848,32686258124,0,0,0.000,0.000,0.000,0.000,
GPU,3,57.848,32686258124,0,0,0.000,0.000,0.000,0.000,
GPU,3,57.848,32686258124,0,0,0.000,0.000,0.000,0.000,
GPU,3,57.848,32686258124,0,0,0.000,0.000,0.000,0.000,
GPU,3,57.848,32686258124,0,0,0.000,0.000,0.000,0.000,
GPU,3,57.848,32686258124,0,0,0.000,0.000,0.000,0.000,
GPU,3,57.848,32686258124,0,0,0.000,0.000,0.000,0.000,
GPU,3,57.848,32686258124,0,0,0.000,0.000,0.000,0.000,
GPU,3,57.848,32686258124,0,0,0.000,0.000,0.000,0.000,
GPU,3,57.848,32686258124,0,0,0.000,0.000,0.000,0.000,
GPU,3,57.848,32686258124,0,0,0.000,0.000,0.000,0.000,
GPU,3,57.848,32686258124,0,0,0.000,0.000,0.000,0.000,
GPU,3,57.848,32686258124,0,0,0.000,0.000,0.000,0.000,
GPU,3,57.848,32686258124,0,0,0.000,0.000,0.000,0.000,
GPU,3,57.848,32686258124,0,0,0.000,0.000,0.000,0.000,
GPU,3,57.848,32686258124,0,0,0.000,0.000,0.000,0.000,
GPU,3,57.848,32686258124,0,0,0.000,0.000,0.000,0.000,
GPU,3,57.848,32686258124,0,0,0.000,0.000,0.000,0.000,
GPU,3,57.848,32686258124,0,0,0.000,0.000,0.000,0.000,
GPU,3,57.848,32686258124,0,0,0.000,0.000,0.000,0.000,
GPU,3,57.848,32686258124,0,0,0.000,0.000,0.000,0.000,
GPU,3,57.848,32686258124,0,0,0.000,0.000,0.000,0.000,
GPU,3,57.848,32686258124,0,0,0.000,0.000,0.000,0.000,
GPU,3,57.848,32686258124,0,0,0.000,0.000,0.000,0.000,
GPU,3,57.848,32686258124,0,0,0.000,0.000,0.000,0.000,
GPU,3,57.848,32686258124,0,0,0.000,0.000,0.000,0.000,
GPU,3,57.848,32686258124,0,0,0.000,0.000,0.000,0.000,
GPU,3,57.848,32686258124,0,0,0.000,0.000,0.000,0.000,
GPU,3,57.848,32686258124,0,0,0.000,0.000,0.000,0.000,
GPU,3,57.848,32686258124,0,0,0.000,0.000,0.000,0.000,
GPU,3,57.848,32686258124,0,0,0.000,0.000,0.000,0.000,
GPU,3,57.848,32686258124,0,0,0.000,0.000,0.000,0.000,
GPU,3,57.848,32686258124,0,0,0.000,0.000,0.000,0.000,
GPU,3,57.848,32686258124,0,0,0.000,0.000,0.000,0.000,
GPU,3,57.848,32686258124,0,0,0.000,0.000,0.000,0.000,
GPU,3,57.848,32686258124,0,0,0.000,0.000,0.000,0.000,
GPU,3,57.848,32686258124,0,0,0.000,0.000,0.000,0.000,
GPU,3,57.848,32686258124,0,0,0.000,0.000,0.000,0.000,
GPU,3,57.848,32686258124,0,0,0.000,0.000,0.000,0.000,
GPU,3,57.848,32686258124,0,0,0.000,0.000,0.000,0.000,
GPU,3,57.848,32686258124,0,0,0.000,0.000,0.000,0.000,
GPU,3,57.848,32686258124,0,0,0.000,0.000,0.000,0.000,
GPU,3,57.848,32686258124,0,0,0.000,0.000,0.000,0.000,
GPU,3,57.848,32686258124,0,0,0.000,0.000,0.000,0.000,
GPU,3,57.848,32686258124,0,0,0.000,0.000,0.000,0.000,
GPU,3,57.848,32686258124,0,0,0.000,0.000,0.000,0.000,
GPU,3,57.848,32686258124,0,0,0.000,0.000,0.000,0.000,
GPU,3,57.848,32686258124,0,0,0.000,0.000,0.000,0.000,
GPU,3,57.848,32686258124,0,0,0.000,0.000,0.000,0.000,
GPU,3,57.848,32686258124,0,0,0.000,0.000,0.000,0.000,
GPU,3,57.848,32686263962,0,0,0.000,0.000,0.000,0.000,
GPU,3,57.848,32686263962,0,0,0.000,0.000,0.000,0.000,
GPU,3,57.848,32686263962,0,0,0.000,0.000,0.000,0.000,
GPU,3,57.848,32686263962,0,0,0.000,0.000,0.000,0.000,
GPU,3,57.848,32686263962,0,0,0.000,0.000,0.000,0.000,
GPU,3,57.848,32686263962,0,0,0.000,0.000,0.000,0.000,
GPU,3,57.848,32686263962,0,0,0.000,0.000,0.000,0.000,
GPU,3,57.848,32686263962,0,0,0.000,0.000,0.000,0.000,
GPU,3,57.848,32686263962,0,0,0.000,0.000,0.000,0.000,
GPU,3,57.848,32686263962,0,0,0.000,0.000,0.000,0.000,
GPU,3,57.848,32686263962,0,0,0.000,0.000,0.000,0.000,
GPU,3,57.848,32686263962,0,0,0.000,0.000,0.000,0.000,
GPU,3,57.848,32686263962,0,0,0.000,0.000,0.000,0.000,
GPU,3,57.848,32686263962,0,0,0.000,0.000,0.000,0.000,
GPU,3,57.848,32686263962,0,0,0.000,0.000,0.000,0.000,
GPU,3,57.848,32686263962,0,0,0.000,0.000,0.000,0.000,
GPU,3,57.848,32686263962,0,0,0.000,0.000,0.000,0.000,
GPU,3,57.848,32686263962,0,0,0.000,0.000,0.000,0.000,
GPU,3,57.848,32686263962,0,0,0.000,0.000,0.000,0.000,
GPU,3,57.848,32686263962,0,0,0.000,0.000,0.000,0.000,
GPU,3,57.848,32686263962,0,0,0.000,0.000,0.000,0.000,
GPU,3,57.848,32686263962,0,0,0.000,0.000,0.000,0.000,
GPU,3,57.848,32686263962,0,0,0.000,0.000,0.000,0.000,
GPU,3,57.848,32686263962,0,0,0.000,0.000,0.000,0.000,
GPU,3,57.848,32686263962,0,0,0.000,0.000,0.000,0.000,
GPU,3,57.848,32686263962,0,0,0.000,0.000,0.000,0.000,
GPU,3,57.848,32686263962,0,0,0.000,0.000,0.000,0.000,
GPU,3,57.848,32686263962,0,0,0.000,0.000,0.000,0.000,
GPU,3,57.848,32686263962,0,0,0.000,0.000,0.000,0.000,
GPU,3,57.848,32686263962,0,0,0.000,0.000,0.000,0.000,
GPU,3,57.848,32686263962,0,0,0.000,0.000,0.000,0.000,
GPU,3,57.848,32686263962,0,0,0.000,0.000,0.000,0.000,
GPU,3,57.848,32686263962,0,0,0.000,0.000,0.000,0.000,
GPU,3,57.848,32686263962,0,0,0.000,0.000,0.000,0.000,
GPU,3,57.848,32686263962,0,0,0.000,0.000,0.000,0.000,
GPU,3,57.848,32686263962,0,0,0.000,0.000,0.000,0.000,
GPU,3,57.848,32686263962,0,0,0.000,0.000,0.000,0.000,
GPU,3,57.848,32686263962,0,0,0.000,0.000,0.000,0.000,
GPU,3,57.848,32686263962,0,0,0.000,0.000,0.000,0.000,
GPU,3,57.848,32686263962,0,0,0.000,0.000,0.000,0.000,
GPU,3,57.848,32686263962,0,0,0.000,0.000,0.000,0.000,
GPU,3,57.914,32686263962,0,0,0.000,0.000,0.000,0.000,
GPU,3,57.914,32686263962,0,0,0.000,0.000,0.000,0.000,
GPU,3,57.914,32686263962,0,0,0.000,0.000,0.000,0.000,
GPU,3,57.914,32686263962,0,0,0.000,0.000,0.000,0.000,
GPU,3,57.914,32686263962,0,0,0.000,0.000,0.000,0.000,
GPU,3,57.914,32686263962,0,0,0.000,0.000,0.000,0.000,
GPU,3,57.914,32686263962,0,0,0.000,0.000,0.000,0.000,
GPU,3,57.914,32686263962,0,0,0.000,0.000,0.000,0.000,
GPU,3,57.914,32686263962,0,0,0.000,0.000,0.000,0.000,
GPU,3,57.914,32686263962,0,0,0.000,0.000,0.000,0.000,
GPU,3,57.914,32686263962,0,0,0.000,0.000,0.000,0.000,
GPU,3,57.914,32686263962,0,0,0.000,0.000,0.000,0.000,
GPU,3,57.914,32686263962,0,0,0.000,0.000,0.000,0.000,
GPU,3,57.914,32686263962,0,0,0.000,0.000,0.000,0.000,
GPU,3,57.914,32686263962,0,0,0.000,0.000,0.000,0.000,
GPU,3,57.914,32686263962,0,0,0.000,0.000,0.000,0.000,
GPU,3,57.914,32686263962,0,0,0.000,0.000,0.000,0.000,
GPU,3,57.914,32686263962,0,0,0.000,0.000,0.000,0.000,
GPU,3,57.914,32686263962,0,0,0.000,0.000,0.000,0.000,
GPU,3,57.914,32686263962,0,0,0.000,0.000,0.000,0.000,
GPU,3,57.914,32686263962,0,0,0.000,0.000,0.000,0.000,
GPU,3,57.914,32686263962,0,0,0.000,0.000,0.000,0.000,
GPU,3,57.914,32686263962,0,0,0.000,0.000,0.000,0.000,
GPU,3,57.914,32686263962,0,0,0.000,0.000,0.000,0.000,
GPU,3,57.914,32686263962,0,0,0.000,0.000,0.000,0.000,
GPU,3,57.914,32686263962,0,0,0.000,0.000,0.000,0.000,
GPU,3,57.914,32686263962,0,0,0.000,0.000,0.000,0.000,
GPU,3,57.914,32686269772,0,0,0.000,0.000,0.000,0.000,
GPU,3,57.914,32686269772,0,0,0.000,0.000,0.000,0.000,
GPU,3,57.914,32686269772,0,0,0.000,0.000,0.000,0.000,
GPU,3,57.914,32686269772,0,0,0.000,0.000,0.000,0.000,
GPU,3,57.914,32686269772,0,0,0.000,0.000,0.000,0.000,
GPU,3,57.914,32686269772,0,0,0.000,0.000,0.000,0.000,
GPU,3,57.914,32686269772,0,0,0.000,0.000,0.000,0.000,
GPU,3,57.914,32686269772,0,0,0.000,0.000,0.000,0.000,
GPU,3,57.914,32686269772,0,0,0.000,0.000,0.000,0.000,
GPU,3,57.914,32686269772,0,0,0.000,0.000,0.000,0.000,
GPU,3,57.914,32686269772,0,0,0.000,0.000,0.000,0.000,
GPU,3,57.914,32686269772,0,0,0.000,0.000,0.000,0.000,
GPU,3,57.914,32686269772,0,0,0.000,0.000,0.000,0.000,
GPU,3,57.914,32686269772,0,0,0.000,0.000,0.000,0.000,
GPU,3,57.914,32686269772,0,0,0.000,0.000,0.000,0.000,
GPU,3,57.914,32686269772,0,0,0.000,0.000,0.000,0.000,
GPU,3,57.914,32686269772,0,0,0.000,0.000,0.000,0.000,
GPU,3,57.914,32686269772,0,0,0.000,0.000,0.000,0.000,
GPU,3,57.914,32686269772,0,0,0.000,0.000,0.000,0.000,
GPU,3,57.914,32686269772,0,0,0.000,0.000,0.000,0.000,
GPU,3,57.914,32686269772,0,0,0.000,0.000,0.000,0.000,
GPU,3,57.914,32686269772,0,0,0.000,0.000,0.000,0.000,
GPU,3,57.914,32686269772,0,0,0.000,0.000,0.000,0.000,
GPU,3,57.914,32686269772,0,0,0.000,0.000,0.000,0.000,
GPU,3,57.914,32686269772,0,0,0.000,0.000,0.000,0.000,
GPU,3,57.914,32686269772,0,0,0.000,0.000,0.000,0.000,
GPU,3,57.914,32686269772,0,0,0.000,0.000,0.000,0.000,
GPU,3,57.914,32686269772,0,0,0.000,0.000,0.000,0.000,
GPU,3,57.914,32686269772,0,0,0.000,0.000,0.000,0.000,
GPU,3,57.914,32686269772,0,0,0.000,0.000,0.000,0.000,
GPU,3,57.914,32686269772,0,0,0.000,0.000,0.000,0.000,
GPU,3,57.914,32686269772,0,0,0.000,0.000,0.000,0.000,
GPU,3,57.914,32686269772,0,0,0.000,0.000,0.000,0.000,
GPU,3,57.914,32686269772,0,0,0.000,0.000,0.000,0.000,
GPU,3,57.914,32686269772,0,0,0.000,0.000,0.000,0.000,
GPU,3,57.914,32686269772,0,0,0.000,0.000,0.000,0.000,
GPU,3,57.914,32686269772,0,0,0.000,0.000,0.000,0.000,
GPU,3,57.914,32686269772,0,0,0.000,0.000,0.000,0.000,
GPU,3,57.914,32686269772,0,0,0.000,0.000,0.000,0.000,
GPU,3,57.914,32686269772,0,0,0.000,0.000,0.000,0.000,
GPU,3,57.848,32686269772,0,0,0.000,0.000,0.000,0.000,
GPU,3,57.848,32686269772,0,0,0.000,0.000,0.000,0.000,
GPU,3,57.848,32686269772,0,0,0.000,0.000,0.000,0.000,
GPU,3,57.848,32686269772,0,0,0.000,0.000,0.000,0.000,
GPU,3,57.848,32686269772,0,0,0.000,0.000,0.000,0.000,
GPU,3,57.848,32686269772,0,0,0.000,0.000,0.000,0.000,
GPU,3,57.848,32686269772,0,0,0.000,0.000,0.000,0.000,
GPU,3,57.848,32686269772,0,0,0.000,0.000,0.000,0.000,
GPU,3,57.848,32686269772,0,0,0.000,0.000,0.000,0.000,
GPU,3,57.848,32686269772,0,0,0.000,0.000,0.000,0.000,
GPU,3,57.848,32686269772,0,0,0.000,0.000,0.000,0.000,
GPU,3,57.848,32686269772,0,0,0.000,0.000,0.000,0.000,
GPU,3,57.848,32686269772,0,0,0.000,0.000,0.000,0.000,
GPU,3,57.848,32686269772,0,0,0.000,0.000,0.000,0.000,
GPU,3,57.848,32686269772,0,0,0.000,0.000,0.000,0.000,
GPU,3,57.848,32686269772,0,0,0.000,0.000,0.000,0.000,
GPU,3,57.848,32686269772,0,0,0.000,0.000,0.000,0.000,
GPU,3,57.848,32686269772,0,0,0.000,0.000,0.000,0.000,
GPU,3,57.848,32686269772,0,0,0.000,0.000,0.000,0.000,
GPU,3,57.848,32686269772,0,0,0.000,0.000,0.000,0.000,
GPU,3,57.848,32686269772,0,0,0.000,0.000,0.000,0.000,
GPU,3,57.848,32686269772,0,0,0.000,0.000,0.000,0.000,
GPU,3,57.848,32686269772,0,0,0.000,0.000,0.000,0.000,
GPU,3,57.848,32686269772,0,0,0.000,0.000,0.000,0.000,
GPU,3,57.848,32686269772,0,0,0.000,0.000,0.000,0.000,
GPU,3,57.848,32686269772,0,0,0.000,0.000,0.000,0.000,
GPU,3,57.848,32686269772,0,0,0.000,0.000,0.000,0.000,
GPU,3,57.848,32686269772,0,0,0.000,0.000,0.000,0.000,
GPU,3,57.848,32686269772,0,0,0.000,0.000,0.000,0.000,
GPU,3,57.848,32686275598,0,0,0.000,0.000,0.000,0.000,
GPU,3,57.848,32686275598,0,0,0.000,0.000,0.000,0.000,
GPU,3,57.848,32686275598,0,0,0.000,0.000,0.000,0.000,
GPU,3,57.848,32686275598,0,0,0.000,0.000,0.000,0.000,
GPU,3,57.848,32686275598,0,0,0.000,0.000,0.000,0.000,
GPU,3,57.848,32686275598,0,0,0.000,0.000,0.000,0.000,
GPU,3,57.848,32686275598,0,0,0.000,0.000,0.000,0.000,
GPU,3,57.848,32686275598,0,0,0.000,0.000,0.000,0.000,
GPU,3,57.848,32686275598,0,0,0.000,0.000,0.000,0.000,
GPU,3,57.848,32686275598,0,0,0.000,0.000,0.000,0.000,
GPU,3,57.848,32686275598,0,0,0.000,0.000,0.000,0.000,
GPU,3,57.848,32686275598,0,0,0.000,0.000,0.000,0.000,
GPU,3,57.848,32686275598,0,0,0.000,0.000,0.000,0.000,
GPU,3,57.848,32686275598,0,0,0.000,0.000,0.000,0.000,
GPU,3,57.848,32686275598,0,0,0.000,0.000,0.000,0.000,
GPU,3,57.848,32686275598,0,0,0.000,0.000,0.000,0.000,
GPU,3,57.848,32686275598,0,0,0.000,0.000,0.000,0.000,
GPU,3,57.848,32686275598,0,0,0.000,0.000,0.000,0.000,
GPU,3,57.848,32686275598,0,0,0.000,0.000,0.000,0.000,
GPU,3,57.848,32686275598,0,0,0.000,0.000,0.000,0.000,
GPU,3,57.848,32686275598,0,0,0.000,0.000,0.000,0.000,
GPU,3,57.848,32686275598,0,0,0.000,0.000,0.000,0.000,
GPU,3,57.848,32686275598,0,0,0.000,0.000,0.000,0.000,
GPU,3,57.848,32686275598,0,0,0.000,0.000,0.000,0.000,
GPU,3,57.848,32686275598,0,0,0.000,0.000,0.000,0.000,
GPU,3,57.848,32686275598,0,0,0.000,0.000,0.000,0.000,
GPU,3,57.848,32686275598,0,0,0.000,0.000,0.000,0.000,
GPU,3,57.848,32686275598,0,0,0.000,0.000,0.000,0.000,
GPU,3,57.848,32686275598,0,0,0.000,0.000,0.000,0.000,
GPU,3,57.848,32686275598,0,0,0.000,0.000,0.000,0.000,
GPU,3,57.848,32686275598,0,0,0.000,0.000,0.000,0.000,
GPU,3,57.848,32686275598,0,0,0.000,0.000,0.000,0.000,
GPU,3,57.848,32686275598,0,0,0.000,0.000,0.000,0.000,
GPU,3,57.848,32686275598,0,0,0.000,0.000,0.000,0.000,
GPU,3,57.848,32686275598,0,0,0.000,0.000,0.000,0.000,
GPU,3,57.848,32686275598,0,0,0.000,0.000,0.000,0.000,
GPU,3,57.848,32686275598,0,0,0.000,0.000,0.000,0.000,
GPU,3,57.848,32686275598,0,0,0.000,0.000,0.000,0.000,
GPU,3,57.848,32686275598,0,0,0.000,0.000,0.000,0.000,
GPU,3,57.848,32686275598,0,0,0.000,0.000,0.000,0.000,
GPU,3,57.848,32686275598,0,0,0.000,0.000,0.000,0.000,
GPU,3,57.848,32686275598,0,0,0.000,0.000,0.000,0.000,
GPU,3,57.848,32686275598,0,0,0.000,0.000,0.000,0.000,
GPU,3,57.848,32686275598,0,0,0.000,0.000,0.000,0.000,
GPU,3,57.848,32686275598,0,0,0.000,0.000,0.000,0.000,
GPU,3,57.848,32686275598,0,0,0.000,0.000,0.000,0.000,
GPU,3,57.848,32686275598,0,0,0.000,0.000,0.000,0.000,
GPU,3,57.848,32686275598,0,0,0.000,0.000,0.000,0.000,
GPU,3,57.848,32686275598,0,0,0.000,0.000,0.000,0.000,
GPU,3,57.848,32686275598,0,0,0.000,0.000,0.000,0.000,
GPU,3,57.848,32686275598,0,0,0.000,0.000,0.000,0.000,
GPU,3,57.848,32686275598,0,0,0.000,0.000,0.000,0.000,
GPU,3,57.848,32686275598,0,0,0.000,0.000,0.000,0.000,
GPU,3,57.848,32686275598,0,0,0.000,0.000,0.000,0.000,
GPU,3,57.848,32686275598,0,0,0.000,0.000,0.000,0.000,
GPU,3,57.848,32686275598,0,0,0.000,0.000,0.000,0.000,
GPU,3,57.848,32686275598,0,0,0.000,0.000,0.000,0.000,
GPU,3,57.848,32686275598,0,0,0.000,0.000,0.000,0.000,
GPU,3,57.848,32686275598,0,0,0.000,0.000,0.000,0.000,
GPU,3,57.848,32686275598,0,0,0.000,0.000,0.000,0.000,
GPU,3,57.848,32686275598,0,0,0.000,0.000,0.000,0.000,
GPU,3,57.848,32686275598,0,0,0.000,0.000,0.000,0.000,
GPU,3,57.848,32686275598,0,0,0.000,0.000,0.000,0.000,
GPU,3,57.848,32686275598,0,0,0.000,0.000,0.000,0.000,
GPU,3,57.848,32686275598,0,0,0.000,0.000,0.000,0.000,
GPU,3,57.848,32686275598,0,0,0.000,0.000,0.000,0.000,
GPU,3,57.848,32686275598,0,0,0.000,0.000,0.000,0.000,
GPU,3,57.848,32686281417,0,0,0.000,0.000,0.000,0.000,
GPU,3,57.848,32686281417,0,0,0.000,0.000,0.000,0.000,
GPU,3,57.848,32686281417,0,0,0.000,0.000,0.000,0.000,
GPU,3,57.848,32686281417,0,0,0.000,0.000,0.000,0.000,
GPU,3,57.848,32686281417,0,0,0.000,0.000,0.000,0.000,
GPU,3,57.848,32686281417,0,0,0.000,0.000,0.000,0.000,
GPU,3,57.848,32686281417,0,0,0.000,0.000,0.000,0.000,
GPU,3,57.848,32686281417,0,0,0.000,0.000,0.000,0.000,
GPU,3,57.848,32686281417,0,0,0.000,0.000,0.000,0.000,
GPU,3,57.848,32686281417,0,0,0.000,0.000,0.000,0.000,
GPU,3,57.848,32686281417,0,0,0.000,0.000,0.000,0.000,
GPU,3,57.848,32686281417,0,0,0.000,0.000,0.000,0.000,
GPU,3,57.848,32686281417,0,0,0.000,0.000,0.000,0.000,
GPU,3,57.848,32686281417,0,0,0.000,0.000,0.000,0.000,
GPU,3,57.848,32686281417,0,0,0.000,0.000,0.000,0.000,
GPU,3,57.848,32686281417,0,0,0.000,0.000,0.000,0.000,
GPU,3,57.848,32686281417,0,0,0.000,0.000,0.000,0.000,
GPU,3,57.848,32686281417,0,0,0.000,0.000,0.000,0.000,
GPU,3,57.848,32686281417,0,0,0.000,0.000,0.000,0.000,
GPU,3,57.848,32686281417,0,0,0.000,0.000,0.000,0.000,
GPU,3,57.848,32686281417,0,0,0.000,0.000,0.000,0.000,
GPU,3,57.848,32686281417,0,0,0.000,0.000,0.000,0.000,
GPU,3,57.848,32686281417,0,0,0.000,0.000,0.000,0.000,
GPU,3,57.848,32686281417,0,0,0.000,0.000,0.000,0.000,
GPU,3,57.848,32686281417,0,0,0.000,0.000,0.000,0.000,
GPU,3,57.848,32686281417,0,0,0.000,0.000,0.000,0.000,
GPU,3,57.848,32686281417,0,0,0.000,0.000,0.000,0.000,
GPU,3,57.848,32686281417,0,0,0.000,0.000,0.000,0.000,
GPU,3,57.848,32686281417,0,0,0.000,0.000,0.000,0.000,
GPU,3,57.848,32686281417,0,0,0.000,0.000,0.000,0.000,
GPU,3,57.848,32686281417,0,0,0.000,0.000,0.000,0.000,
GPU,3,57.848,32686281417,0,0,0.000,0.000,0.000,0.000,
GPU,3,57.848,32686281417,0,0,0.000,0.000,0.000,0.000,
GPU,3,57.848,32686281417,0,0,0.000,0.000,0.000,0.000,
GPU,3,57.848,32686281417,0,0,0.000,0.000,0.000,0.000,
GPU,3,57.848,32686281417,0,0,0.000,0.000,0.000,0.000,
GPU,3,57.848,32686281417,0,0,0.000,0.000,0.000,0.000,
GPU,3,57.848,32686281417,0,0,0.000,0.000,0.000,0.000,
GPU,3,57.848,32686281417,0,0,0.000,0.000,0.000,0.000,
GPU,3,57.848,32686281417,0,0,0.000,0.000,0.000,0.000,
GPU,3,57.848,32686281417,0,0,0.000,0.000,0.000,0.000,
GPU,3,57.848,32686281417,0,0,0.000,0.000,0.000,0.000,
GPU,3,57.848,32686281417,0,0,0.000,0.000,0.000,0.000,
GPU,3,57.848,32686281417,0,0,0.000,0.000,0.000,0.000,
GPU,3,57.848,32686281417,0,0,0.000,0.000,0.000,0.000,
GPU,3,57.848,32686281417,0,0,0.000,0.000,0.000,0.000,
GPU,3,57.848,32686281417,0,0,0.000,0.000,0.000,0.000,
GPU,3,57.848,32686281417,0,0,0.000,0.000,0.000,0.000,
GPU,3,57.848,32686281417,0,0,0.000,0.000,0.000,0.000,
GPU,3,57.848,32686281417,0,0,0.000,0.000,0.000,0.000,
GPU,3,57.848,32686281417,0,0,0.000,0.000,0.000,0.000,
GPU,3,57.848,32686281417,0,0,0.000,0.000,0.000,0.000,
GPU,3,57.848,32686281417,0,0,0.000,0.000,0.000,0.000,
GPU,3,57.848,32686281417,0,0,0.000,0.000,0.000,0.000,
GPU,3,57.848,32686281417,0,0,0.000,0.000,0.000,0.000,
GPU,3,57.848,32686281417,0,0,0.000,0.000,0.000,0.000,
GPU,3,57.848,32686281417,0,0,0.000,0.000,0.000,0.000,
GPU,3,57.848,32686281417,0,0,0.000,0.000,0.000,0.000,
GPU,3,57.848,32686281417,0,0,0.000,0.000,0.000,0.000,
GPU,3,57.848,32686281417,0,0,0.000,0.000,0.000,0.000,
GPU,3,57.848,32686281417,0,0,0.000,0.000,0.000,0.000,
GPU,3,57.848,32686281417,0,0,0.000,0.000,0.000,0.000,
GPU,3,57.848,32686281417,0,0,0.000,0.000,0.000,0.000,
GPU,3,57.848,32686281417,0,0,0.000,0.000,0.000,0.000,
GPU,3,57.848,32686281417,0,0,0.000,0.000,0.000,0.000,
GPU,3,57.848,32686281417,0,0,0.000,0.000,0.000,0.000,
GPU,3,57.848,32686281417,0,0,0.000,0.000,0.000,0.000,
GPU,3,57.848,32686281417,0,0,0.000,0.000,0.000,0.000,
GPU,3,57.848,32686281417,0,0,0.000,0.000,0.000,0.000,
GPU,3,57.848,32686287288,0,0,0.000,0.000,0.000,0.000,
GPU,3,57.848,32686287288,0,0,0.000,0.000,0.000,0.000,
GPU,3,57.848,32686287288,0,0,0.000,0.000,0.000,0.000,
GPU,3,57.848,32686287288,0,0,0.000,0.000,0.000,0.000,
GPU,3,57.848,32686287288,0,0,0.000,0.000,0.000,0.000,
GPU,3,57.848,32686287288,0,0,0.000,0.000,0.000,0.000,
GPU,3,57.848,32686287288,0,0,0.000,0.000,0.000,0.000,
GPU,3,57.848,32686287288,0,0,0.000,0.000,0.000,0.000,
GPU,3,57.848,32686287288,0,0,0.000,0.000,0.000,0.000,
GPU,3,57.848,32686287288,0,0,0.000,0.000,0.000,0.000,
GPU,3,57.848,32686287288,0,0,0.000,0.000,0.000,0.000,
GPU,3,57.848,32686287288,0,0,0.000,0.000,0.000,0.000,
GPU,3,57.848,32686287288,0,0,0.000,0.000,0.000,0.000,
GPU,3,57.848,32686287288,0,0,0.000,0.000,0.000,0.000,
GPU,3,57.848,32686287288,0,0,0.000,0.000,0.000,0.000,
GPU,3,57.848,32686287288,0,0,0.000,0.000,0.000,0.000,
GPU,3,57.848,32686287288,0,0,0.000,0.000,0.000,0.000,
GPU,3,57.848,32686287288,0,0,0.000,0.000,0.000,0.000,
GPU,3,57.848,32686287288,0,0,0.000,0.000,0.000,0.000,
GPU,3,57.848,32686287288,0,0,0.000,0.000,0.000,0.000,
GPU,3,57.848,32686287288,0,0,0.000,0.000,0.000,0.000,
GPU,3,57.848,32686287288,0,0,0.000,0.000,0.000,0.000,
GPU,3,57.848,32686287288,0,0,0.000,0.000,0.000,0.000,
GPU,3,57.848,32686287288,0,0,0.000,0.000,0.000,0.000,
GPU,3,57.848,32686287288,0,0,0.000,0.000,0.000,0.000,
GPU,3,57.848,32686287288,0,0,0.000,0.000,0.000,0.000,
GPU,3,57.848,32686287288,0,0,0.000,0.000,0.000,0.000,
GPU,3,57.848,32686287288,0,0,0.000,0.000,0.000,0.000,
GPU,3,57.848,32686287288,0,0,0.000,0.000,0.000,0.000,
GPU,3,57.848,32686287288,0,0,0.000,0.000,0.000,0.000,
GPU,3,57.848,32686287288,0,0,0.000,0.000,0.000,0.000,
GPU,3,57.848,32686287288,0,0,0.000,0.000,0.000,0.000,
GPU,3,57.848,32686287288,0,0,0.000,0.000,0.000,0.000,
GPU,3,57.848,32686287288,0,0,0.000,0.000,0.000,0.000,
GPU,3,57.848,32686287288,0,0,0.000,0.000,0.000,0.000,
GPU,3,57.848,32686287288,0,0,0.000,0.000,0.000,0.000,
GPU,3,57.848,32686287288,0,0,0.000,0.000,0.000,0.000,
GPU,3,57.848,32686287288,0,0,0.000,0.000,0.000,0.000,
GPU,3,57.914,32686287288,0,0,0.000,0.000,0.000,0.000,
GPU,3,57.914,32686287288,0,0,0.000,0.000,0.000,0.000,
GPU,3,57.914,32686287288,0,0,0.000,0.000,0.000,0.000,
GPU,3,57.914,32686287288,0,0,0.000,0.000,0.000,0.000,
GPU,3,57.914,32686287288,0,0,0.000,0.000,0.000,0.000,
GPU,3,57.914,32686287288,0,0,0.000,0.000,0.000,0.000,
GPU,3,57.914,32686287288,0,0,0.000,0.000,0.000,0.000,
GPU,3,57.914,32686287288,0,0,0.000,0.000,0.000,0.000,
GPU,3,57.914,32686287288,0,0,0.000,0.000,0.000,0.000,
GPU,3,57.914,32686287288,0,0,0.000,0.000,0.000,0.000,
GPU,3,57.914,32686287288,0,0,0.000,0.000,0.000,0.000,
GPU,3,57.914,32686287288,0,0,0.000,0.000,0.000,0.000,
GPU,3,57.914,32686287288,0,0,0.000,0.000,0.000,0.000,
GPU,3,57.914,32686287288,0,0,0.000,0.000,0.000,0.000,
GPU,3,57.914,32686287288,0,0,0.000,0.000,0.000,0.000,
GPU,3,57.914,32686287288,0,0,0.000,0.000,0.000,0.000,
GPU,3,57.914,32686287288,0,0,0.000,0.000,0.000,0.000,
GPU,3,57.914,32686287288,0,0,0.000,0.000,0.000,0.000,
GPU,3,57.914,32686287288,0,0,0.000,0.000,0.000,0.000,
GPU,3,57.914,32686287288,0,0,0.000,0.000,0.000,0.000,
GPU,3,57.914,32686287288,0,0,0.000,0.000,0.000,0.000,
GPU,3,57.914,32686287288,0,0,0.000,0.000,0.000,0.000,
GPU,3,57.914,32686287288,0,0,0.000,0.000,0.000,0.000,
GPU,3,57.914,32686287288,0,0,0.000,0.000,0.000,0.000,
GPU,3,57.914,32686287288,0,0,0.000,0.000,0.000,0.000,
GPU,3,57.914,32686287288,0,0,0.000,0.000,0.000,0.000,
GPU,3,57.914,32686287288,0,0,0.000,0.000,0.000,0.000,
GPU,3,57.914,32686287288,0,0,0.000,0.000,0.000,0.000,
GPU,3,57.914,32686287288,0,0,0.000,0.000,0.000,0.000,
GPU,3,57.914,32686293064,0,0,0.000,0.000,0.000,0.000,
GPU,3,57.914,32686293064,0,0,0.000,0.000,0.000,0.000,
GPU,3,57.914,32686293064,0,0,0.000,0.000,0.000,0.000,
GPU,3,57.914,32686293064,0,0,0.000,0.000,0.000,0.000,
GPU,3,57.914,32686293064,0,0,0.000,0.000,0.000,0.000,
GPU,3,57.914,32686293064,0,0,0.000,0.000,0.000,0.000,
GPU,3,57.914,32686293064,0,0,0.000,0.000,0.000,0.000,
GPU,3,57.914,32686293064,0,0,0.000,0.000,0.000,0.000,
GPU,3,57.914,32686293064,0,0,0.000,0.000,0.000,0.000,
GPU,3,57.914,32686293064,0,0,0.000,0.000,0.000,0.000,
GPU,3,57.914,32686293064,0,0,0.000,0.000,0.000,0.000,
GPU,3,57.914,32686293064,0,0,0.000,0.000,0.000,0.000,
GPU,3,57.914,32686293064,0,0,0.000,0.000,0.000,0.000,
GPU,3,57.914,32686293064,0,0,0.000,0.000,0.000,0.000,
GPU,3,57.914,32686293064,0,0,0.000,0.000,0.000,0.000,
GPU,3,57.914,32686293064,0,0,0.000,0.000,0.000,0.000,
GPU,3,57.914,32686293064,0,0,0.000,0.000,0.000,0.000,
GPU,3,57.914,32686293064,0,0,0.000,0.000,0.000,0.000,
GPU,3,57.914,32686293064,0,0,0.000,0.000,0.000,0.000,
GPU,3,57.914,32686293064,0,0,0.000,0.000,0.000,0.000,
GPU,3,57.914,32686293064,0,0,0.000,0.000,0.000,0.000,
GPU,3,57.914,32686293064,0,0,0.000,0.000,0.000,0.000,
GPU,3,57.914,32686293064,0,0,0.000,0.000,0.000,0.000,
GPU,3,57.914,32686293064,0,0,0.000,0.000,0.000,0.000,
GPU,3,57.914,32686293064,0,0,0.000,0.000,0.000,0.000,
GPU,3,57.914,32686293064,0,0,0.000,0.000,0.000,0.000,
GPU,3,57.914,32686293064,0,0,0.000,0.000,0.000,0.000,
GPU,3,57.914,32686293064,0,0,0.000,0.000,0.000,0.000,
GPU,3,57.914,32686293064,0,0,0.000,0.000,0.000,0.000,
GPU,3,57.914,32686293064,0,0,0.000,0.000,0.000,0.000,
GPU,3,57.914,32686293064,0,0,0.000,0.000,0.000,0.000,
GPU,3,57.914,32686293064,0,0,0.000,0.000,0.000,0.000,
GPU,3,57.914,32686293064,0,0,0.000,0.000,0.000,0.000,
GPU,3,57.914,32686293064,0,0,0.000,0.000,0.000,0.000,
GPU,3,57.914,32686293064,0,0,0.000,0.000,0.000,0.000,
GPU,3,57.914,32686293064,0,0,0.000,0.000,0.000,0.000,
GPU,3,57.914,32686293064,0,0,0.000,0.000,0.000,0.000,
GPU,3,57.914,32686293064,0,0,0.000,0.000,0.000,0.000,
GPU,3,57.914,32686293064,0,0,0.000,0.000,0.000,0.000,
GPU,3,57.914,32686293064,0,0,0.000,0.000,0.000,0.000,
GPU,3,57.848,32686293064,0,0,0.000,0.000,0.000,0.000,
GPU,3,57.848,32686293064,0,0,0.000,0.000,0.000,0.000,
GPU,3,57.848,32686293064,0,0,0.000,0.000,0.000,0.000,
GPU,3,57.848,32686293064,0,0,0.000,0.000,0.000,0.000,
GPU,3,57.848,32686293064,0,0,0.000,0.000,0.000,0.000,
GPU,3,57.848,32686293064,0,0,0.000,0.000,0.000,0.000,
GPU,3,57.848,32686293064,0,0,0.000,0.000,0.000,0.000,
GPU,3,57.848,32686293064,0,0,0.000,0.000,0.000,0.000,
GPU,3,57.848,32686293064,0,0,0.000,0.000,0.000,0.000,
GPU,3,57.848,32686293064,0,0,0.000,0.000,0.000,0.000,
GPU,3,57.848,32686293064,0,0,0.000,0.000,0.000,0.000,
GPU,3,57.848,32686293064,0,0,0.000,0.000,0.000,0.000,
GPU,3,57.848,32686293064,0,0,0.000,0.000,0.000,0.000,
GPU,3,57.848,32686293064,0,0,0.000,0.000,0.000,0.000,
GPU,3,57.848,32686293064,0,0,0.000,0.000,0.000,0.000,
GPU,3,57.848,32686293064,0,0,0.000,0.000,0.000,0.000,
GPU,3,57.848,32686293064,0,0,0.000,0.000,0.000,0.000,
GPU,3,57.848,32686293064,0,0,0.000,0.000,0.000,0.000,
GPU,3,57.848,32686293064,0,0,0.000,0.000,0.000,0.000,
GPU,3,57.848,32686293064,0,0,0.000,0.000,0.000,0.000,
GPU,3,57.848,32686293064,0,0,0.000,0.000,0.000,0.000,
GPU,3,57.848,32686293064,0,0,0.000,0.000,0.000,0.000,
GPU,3,57.848,32686293064,0,0,0.000,0.000,0.000,0.000,
GPU,3,57.848,32686293064,0,0,0.000,0.000,0.000,0.000,
GPU,3,57.848,32686293064,0,0,0.000,0.000,0.000,0.000,
GPU,3,57.848,32686293064,0,0,0.000,0.000,0.000,0.000,
GPU,3,57.848,32686293064,0,0,0.000,0.000,0.000,0.000,
GPU,3,57.848,32686293064,0,0,0.000,0.000,0.000,0.000,
GPU,3,57.848,32686293064,0,0,0.000,0.000,0.000,0.000,
GPU,3,57.848,32686298885,0,0,0.000,0.000,0.000,0.000,
GPU,3,57.848,32686298885,0,0,0.000,0.000,0.000,0.000,
GPU,3,57.848,32686298885,0,0,0.000,0.000,0.000,0.000,
GPU,3,57.848,32686298885,0,0,0.000,0.000,0.000,0.000,
GPU,3,57.848,32686298885,0,0,0.000,0.000,0.000,0.000,
GPU,3,57.848,32686298885,0,0,0.000,0.000,0.000,0.000,
GPU,3,57.848,32686298885,0,0,0.000,0.000,0.000,0.000,
GPU,3,57.848,32686298885,0,0,0.000,0.000,0.000,0.000,
GPU,3,57.848,32686298885,0,0,0.000,0.000,0.000,0.000,
GPU,3,57.848,32686298885,0,0,0.000,0.000,0.000,0.000,
GPU,3,57.848,32686298885,0,0,0.000,0.000,0.000,0.000,
GPU,3,57.848,32686298885,0,0,0.000,0.000,0.000,0.000,
GPU,3,57.848,32686298885,0,0,0.000,0.000,0.000,0.000,
GPU,3,57.848,32686298885,0,0,0.000,0.000,0.000,0.000,
GPU,3,57.848,32686298885,0,0,0.000,0.000,0.000,0.000,
GPU,3,57.848,32686298885,0,0,0.000,0.000,0.000,0.000,
GPU,3,57.848,32686298885,0,0,0.000,0.000,0.000,0.000,
GPU,3,57.848,32686298885,0,0,0.000,0.000,0.000,0.000,
GPU,3,57.848,32686298885,0,0,0.000,0.000,0.000,0.000,
GPU,3,57.848,32686298885,0,0,0.000,0.000,0.000,0.000,
GPU,3,57.848,32686298885,0,0,0.000,0.000,0.000,0.000,
GPU,3,57.848,32686298885,0,0,0.000,0.000,0.000,0.000,
GPU,3,57.848,32686298885,0,0,0.000,0.000,0.000,0.000,
GPU,3,57.848,32686298885,0,0,0.000,0.000,0.000,0.000,
GPU,3,57.848,32686298885,0,0,0.000,0.000,0.000,0.000,
GPU,3,57.848,32686298885,0,0,0.000,0.000,0.000,0.000,
GPU,3,57.848,32686298885,0,0,0.000,0.000,0.000,0.000,
GPU,3,57.848,32686298885,0,0,0.000,0.000,0.000,0.000,
GPU,3,57.848,32686298885,0,0,0.000,0.000,0.000,0.000,
GPU,3,57.848,32686298885,0,0,0.000,0.000,0.000,0.000,
GPU,3,57.848,32686298885,0,0,0.000,0.000,0.000,0.000,
GPU,3,57.848,32686298885,0,0,0.000,0.000,0.000,0.000,
GPU,3,57.848,32686298885,0,0,0.000,0.000,0.000,0.000,
GPU,3,57.848,32686298885,0,0,0.000,0.000,0.000,0.000,
GPU,3,57.848,32686298885,0,0,0.000,0.000,0.000,0.000,
GPU,3,57.848,32686298885,0,0,0.000,0.000,0.000,0.000,
GPU,3,57.848,32686298885,0,0,0.000,0.000,0.000,0.000,
GPU,3,57.848,32686298885,0,0,0.000,0.000,0.000,0.000,
GPU,3,57.848,32686298885,0,0,0.000,0.000,0.000,0.000,
GPU,3,57.848,32686298885,0,0,0.000,0.000,0.000,0.000,
GPU,3,57.848,32686298885,0,0,0.000,0.000,0.000,0.000,
GPU,3,57.848,32686298885,0,0,0.000,0.000,0.000,0.000,
GPU,3,57.848,32686298885,0,0,0.000,0.000,0.000,0.000,
GPU,3,57.848,32686298885,0,0,0.000,0.000,0.000,0.000,
GPU,3,57.848,32686298885,0,0,0.000,0.000,0.000,0.000,
GPU,3,57.848,32686298885,0,0,0.000,0.000,0.000,0.000,
GPU,3,57.848,32686298885,0,0,0.000,0.000,0.000,0.000,
GPU,3,57.848,32686298885,0,0,0.000,0.000,0.000,0.000,
GPU,3,57.848,32686298885,0,0,0.000,0.000,0.000,0.000,
GPU,3,57.848,32686298885,0,0,0.000,0.000,0.000,0.000,
GPU,3,57.848,32686298885,0,0,0.000,0.000,0.000,0.000,
GPU,3,57.848,32686298885,0,0,0.000,0.000,0.000,0.000,
GPU,3,57.848,32686298885,0,0,0.000,0.000,0.000,0.000,
GPU,3,57.848,32686298885,0,0,0.000,0.000,0.000,0.000,
GPU,3,57.848,32686298885,0,0,0.000,0.000,0.000,0.000,
GPU,3,57.848,32686298885,0,0,0.000,0.000,0.000,0.000,
GPU,3,57.848,32686298885,0,0,0.000,0.000,0.000,0.000,
GPU,3,57.848,32686298885,0,0,0.000,0.000,0.000,0.000,
GPU,3,57.848,32686298885,0,0,0.000,0.000,0.000,0.000,
GPU,3,57.848,32686298885,0,0,0.000,0.000,0.000,0.000,
GPU,3,57.848,32686298885,0,0,0.000,0.000,0.000,0.000,
GPU,3,57.848,32686298885,0,0,0.000,0.000,0.000,0.000,
GPU,3,57.848,32686298885,0,0,0.000,0.000,0.000,0.000,
GPU,3,57.848,32686298885,0,0,0.000,0.000,0.000,0.000,
GPU,3,57.848,32686298885,0,0,0.000,0.000,0.000,0.000,
GPU,3,57.848,32686298885,0,0,0.000,0.000,0.000,0.000,
GPU,3,57.848,32686298885,0,0,0.000,0.000,0.000,0.000,
GPU,3,57.848,32686298885,0,0,0.000,0.000,0.000,0.000,
GPU,3,57.848,32686298885,0,0,0.000,0.000,0.000,0.000,
GPU,3,57.848,32686304780,0,0,0.000,0.000,0.000,0.000,
GPU,3,57.848,32686304780,0,0,0.000,0.000,0.000,0.000,
GPU,3,57.848,32686304780,0,0,0.000,0.000,0.000,0.000,
GPU,3,57.848,32686304780,0,0,0.000,0.000,0.000,0.000,
GPU,3,57.848,32686304780,0,0,0.000,0.000,0.000,0.000,
GPU,3,57.848,32686304780,0,0,0.000,0.000,0.000,0.000,
GPU,3,57.848,32686304780,0,0,0.000,0.000,0.000,0.000,
GPU,3,57.848,32686304780,0,0,0.000,0.000,0.000,0.000,
GPU,3,57.848,32686304780,0,0,0.000,0.000,0.000,0.000,
GPU,3,57.848,32686304780,0,0,0.000,0.000,0.000,0.000,
GPU,3,57.848,32686304780,0,0,0.000,0.000,0.000,0.000,
GPU,3,57.848,32686304780,0,0,0.000,0.000,0.000,0.000,
GPU,3,57.848,32686304780,0,0,0.000,0.000,0.000,0.000,
GPU,3,57.848,32686304780,0,0,0.000,0.000,0.000,0.000,
GPU,3,57.848,32686304780,0,0,0.000,0.000,0.000,0.000,
GPU,3,57.848,32686304780,0,0,0.000,0.000,0.000,0.000,
GPU,3,57.848,32686304780,0,0,0.000,0.000,0.000,0.000,
GPU,3,57.848,32686304780,0,0,0.000,0.000,0.000,0.000,
GPU,3,57.848,32686304780,0,0,0.000,0.000,0.000,0.000,
GPU,3,57.848,32686304780,0,0,0.000,0.000,0.000,0.000,
GPU,3,57.848,32686304780,0,0,0.000,0.000,0.000,0.000,
GPU,3,57.848,32686304780,0,0,0.000,0.000,0.000,0.000,
GPU,3,57.848,32686304780,0,0,0.000,0.000,0.000,0.000,
GPU,3,57.848,32686304780,0,0,0.000,0.000,0.000,0.000,
GPU,3,57.848,32686304780,0,0,0.000,0.000,0.000,0.000,
GPU,3,57.848,32686304780,0,0,0.000,0.000,0.000,0.000,
GPU,3,57.848,32686304780,0,0,0.000,0.000,0.000,0.000,
GPU,3,57.848,32686304780,0,0,0.000,0.000,0.000,0.000,
GPU,3,57.848,32686304780,0,0,0.000,0.000,0.000,0.000,
GPU,3,57.848,32686304780,0,0,0.000,0.000,0.000,0.000,
GPU,3,57.848,32686304780,0,0,0.000,0.000,0.000,0.000,
GPU,3,57.848,32686304780,0,0,0.000,0.000,0.000,0.000,
GPU,3,57.848,32686304780,0,0,0.000,0.000,0.000,0.000,
GPU,3,57.848,32686304780,0,0,0.000,0.000,0.000,0.000,
GPU,3,57.848,32686304780,0,0,0.000,0.000,0.000,0.000,
GPU,3,57.848,32686304780,0,0,0.000,0.000,0.000,0.000,
GPU,3,57.848,32686304780,0,0,0.000,0.000,0.000,0.000,
GPU,3,57.848,32686304780,0,0,0.000,0.000,0.000,0.000,
GPU,3,57.848,32686304780,0,0,0.000,0.000,0.000,0.000,
GPU,3,57.848,32686304780,0,0,0.000,0.000,0.000,0.000,
GPU,3,57.848,32686304780,0,0,0.000,0.000,0.000,0.000,
GPU,3,57.848,32686304780,0,0,0.000,0.000,0.000,0.000,
GPU,3,57.848,32686304780,0,0,0.000,0.000,0.000,0.000,
GPU,3,57.848,32686304780,0,0,0.000,0.000,0.000,0.000,
GPU,3,57.848,32686304780,0,0,0.000,0.000,0.000,0.000,
GPU,3,57.848,32686304780,0,0,0.000,0.000,0.000,0.000,
GPU,3,57.848,32686304780,0,0,0.000,0.000,0.000,0.000,
GPU,3,57.848,32686304780,0,0,0.000,0.000,0.000,0.000,
GPU,3,57.848,32686304780,0,0,0.000,0.000,0.000,0.000,
GPU,3,57.848,32686304780,0,0,0.000,0.000,0.000,0.000,
GPU,3,57.848,32686304780,0,0,0.000,0.000,0.000,0.000,
GPU,3,57.848,32686304780,0,0,0.000,0.000,0.000,0.000,
GPU,3,57.848,32686304780,0,0,0.000,0.000,0.000,0.000,
GPU,3,57.848,32686304780,0,0,0.000,0.000,0.000,0.000,
GPU,3,57.848,32686304780,0,0,0.000,0.000,0.000,0.000,
GPU,3,57.848,32686304780,0,0,0.000,0.000,0.000,0.000,
GPU,3,57.848,32686304780,0,0,0.000,0.000,0.000,0.000,
GPU,3,57.848,32686304780,0,0,0.000,0.000,0.000,0.000,
GPU,3,57.848,32686304780,0,0,0.000,0.000,0.000,0.000,
GPU,3,57.848,32686304780,0,0,0.000,0.000,0.000,0.000,
GPU,3,57.848,32686304780,0,0,0.000,0.000,0.000,0.000,
GPU,3,57.848,32686304780,0,0,0.000,0.000,0.000,0.000,
GPU,3,57.848,32686304780,0,0,0.000,0.000,0.000,0.000,
GPU,3,57.848,32686304780,0,0,0.000,0.000,0.000,0.000,
GPU,3,57.848,32686304780,0,0,0.000,0.000,0.000,0.000,
GPU,3,57.848,32686304780,0,0,0.000,0.000,0.000,0.000,
GPU,3,57.848,32686310535,0,0,0.000,0.000,0.000,0.000,
GPU,3,57.848,32686310535,0,0,0.000,0.000,0.000,0.000,
GPU,3,57.848,32686310535,0,0,0.000,0.000,0.000,0.000,
GPU,3,57.848,32686310535,0,0,0.000,0.000,0.000,0.000,
GPU,3,57.848,32686310535,0,0,0.000,0.000,0.000,0.000,
GPU,3,57.848,32686310535,0,0,0.000,0.000,0.000,0.000,
GPU,3,57.848,32686310535,0,0,0.000,0.000,0.000,0.000,
GPU,3,57.848,32686310535,0,0,0.000,0.000,0.000,0.000,
GPU,3,57.848,32686310535,0,0,0.000,0.000,0.000,0.000,
GPU,3,57.848,32686310535,0,0,0.000,0.000,0.000,0.000,
GPU,3,57.848,32686310535,0,0,0.000,0.000,0.000,0.000,
GPU,3,57.848,32686310535,0,0,0.000,0.000,0.000,0.000,
GPU,3,57.848,32686310535,0,0,0.000,0.000,0.000,0.000,
GPU,3,57.848,32686310535,0,0,0.000,0.000,0.000,0.000,
GPU,3,57.848,32686310535,0,0,0.000,0.000,0.000,0.000,
GPU,3,57.848,32686310535,0,0,0.000,0.000,0.000,0.000,
GPU,3,57.848,32686310535,0,0,0.000,0.000,0.000,0.000,
GPU,3,57.848,32686310535,0,0,0.000,0.000,0.000,0.000,
GPU,3,57.848,32686310535,0,0,0.000,0.000,0.000,0.000,
GPU,3,57.848,32686310535,0,0,0.000,0.000,0.000,0.000,
GPU,3,57.848,32686310535,0,0,0.000,0.000,0.000,0.000,
GPU,3,57.848,32686310535,0,0,0.000,0.000,0.000,0.000,
GPU,3,57.848,32686310535,0,0,0.000,0.000,0.000,0.000,
GPU,3,57.848,32686310535,0,0,0.000,0.000,0.000,0.000,
GPU,3,57.848,32686310535,0,0,0.000,0.000,0.000,0.000,
GPU,3,57.848,32686310535,0,0,0.000,0.000,0.000,0.000,
GPU,3,57.848,32686310535,0,0,0.000,0.000,0.000,0.000,
GPU,3,57.848,32686310535,0,0,0.000,0.000,0.000,0.000,
GPU,3,57.848,32686310535,0,0,0.000,0.000,0.000,0.000,
GPU,3,57.848,32686310535,0,0,0.000,0.000,0.000,0.000,
GPU,3,57.848,32686310535,0,0,0.000,0.000,0.000,0.000,
GPU,3,57.848,32686310535,0,0,0.000,0.000,0.000,0.000,
GPU,3,57.848,32686310535,0,0,0.000,0.000,0.000,0.000,
GPU,3,57.848,32686310535,0,0,0.000,0.000,0.000,0.000,
GPU,3,57.848,32686310535,0,0,0.000,0.000,0.000,0.000,
GPU,3,57.848,32686310535,0,0,0.000,0.000,0.000,0.000,
GPU,3,57.848,32686310535,0,0,0.000,0.000,0.000,0.000,
GPU,3,57.848,32686310535,0,0,0.000,0.000,0.000,0.000,
GPU,3,57.848,32686310535,0,0,0.000,0.000,0.000,0.000,
GPU,3,57.848,32686310535,0,0,0.000,0.000,0.000,0.000,
GPU,3,57.848,32686310535,0,0,0.000,0.000,0.000,0.000,
GPU,3,57.848,32686310535,0,0,0.000,0.000,0.000,0.000,
GPU,3,57.848,32686310535,0,0,0.000,0.000,0.000,0.000,
GPU,3,57.848,32686310535,0,0,0.000,0.000,0.000,0.000,
GPU,3,57.848,32686310535,0,0,0.000,0.000,0.000,0.000,
GPU,3,57.848,32686310535,0,0,0.000,0.000,0.000,0.000,
GPU,3,57.848,32686310535,0,0,0.000,0.000,0.000,0.000,
GPU,3,57.848,32686310535,0,0,0.000,0.000,0.000,0.000,
GPU,3,57.848,32686310535,0,0,0.000,0.000,0.000,0.000,
GPU,3,57.848,32686310535,0,0,0.000,0.000,0.000,0.000,
GPU,3,57.848,32686310535,0,0,0.000,0.000,0.000,0.000,
GPU,3,57.848,32686310535,0,0,0.000,0.000,0.000,0.000,
GPU,3,57.848,32686310535,0,0,0.000,0.000,0.000,0.000,
GPU,3,57.848,32686310535,0,0,0.000,0.000,0.000,0.000,
GPU,3,57.848,32686310535,0,0,0.000,0.000,0.000,0.000,
GPU,3,57.848,32686310535,0,0,0.000,0.000,0.000,0.000,
GPU,3,57.848,32686310535,0,0,0.000,0.000,0.000,0.000,
GPU,3,57.848,32686310535,0,0,0.000,0.000,0.000,0.000,
GPU,3,57.848,32686310535,0,0,0.000,0.000,0.000,0.000,
GPU,3,57.848,32686310535,0,0,0.000,0.000,0.000,0.000,
GPU,3,57.848,32686310535,0,0,0.000,0.000,0.000,0.000,
GPU,3,57.848,32686310535,0,0,0.000,0.000,0.000,0.000,
GPU,3,57.848,32686310535,0,0,0.000,0.000,0.000,0.000,
GPU,3,57.848,32686310535,0,0,0.000,0.000,0.000,0.000,
GPU,3,57.848,32686310535,0,0,0.000,0.000,0.000,0.000,
GPU,3,57.848,32686310535,0,0,0.000,0.000,0.000,0.000,
GPU,3,57.848,32686310535,0,0,0.000,0.000,0.000,0.000,
GPU,3,57.848,32686310535,0,0,0.000,0.000,0.000,0.000,
GPU,3,57.848,32686310535,0,0,0.000,0.000,0.000,0.000,
GPU,3,57.848,32686316429,0,0,0.000,0.000,0.000,0.000,
GPU,3,57.848,32686316429,0,0,0.000,0.000,0.000,0.000,
GPU,3,57.848,32686316429,0,0,0.000,0.000,0.000,0.000,
GPU,3,57.848,32686316429,0,0,0.000,0.000,0.000,0.000,
GPU,3,57.848,32686316429,0,0,0.000,0.000,0.000,0.000,
GPU,3,57.848,32686316429,0,0,0.000,0.000,0.000,0.000,
GPU,3,57.848,32686316429,0,0,0.000,0.000,0.000,0.000,
GPU,3,57.848,32686316429,0,0,0.000,0.000,0.000,0.000,
GPU,3,57.848,32686316429,0,0,0.000,0.000,0.000,0.000,
GPU,3,57.848,32686316429,0,0,0.000,0.000,0.000,0.000,
GPU,3,57.848,32686316429,0,0,0.000,0.000,0.000,0.000,
GPU,3,57.848,32686316429,0,0,0.000,0.000,0.000,0.000,
GPU,3,57.848,32686316429,0,0,0.000,0.000,0.000,0.000,
GPU,3,57.848,32686316429,0,0,0.000,0.000,0.000,0.000,
GPU,3,57.848,32686316429,0,0,0.000,0.000,0.000,0.000,
GPU,3,57.848,32686316429,0,0,0.000,0.000,0.000,0.000,
GPU,3,57.848,32686316429,0,0,0.000,0.000,0.000,0.000,
GPU,3,57.848,32686316429,0,0,0.000,0.000,0.000,0.000,
GPU,3,57.848,32686316429,0,0,0.000,0.000,0.000,0.000,
GPU,3,57.848,32686316429,0,0,0.000,0.000,0.000,0.000,
GPU,3,57.848,32686316429,0,0,0.000,0.000,0.000,0.000,
GPU,3,57.848,32686316429,0,0,0.000,0.000,0.000,0.000,
GPU,3,57.848,32686316429,0,0,0.000,0.000,0.000,0.000,
GPU,3,57.848,32686316429,0,0,0.000,0.000,0.000,0.000,
GPU,3,57.848,32686316429,0,0,0.000,0.000,0.000,0.000,
GPU,3,57.848,32686316429,0,0,0.000,0.000,0.000,0.000,
GPU,3,57.848,32686316429,0,0,0.000,0.000,0.000,0.000,
GPU,3,57.848,32686316429,0,0,0.000,0.000,0.000,0.000,
GPU,3,57.848,32686316429,0,0,0.000,0.000,0.000,0.000,
GPU,3,57.848,32686316429,0,0,0.000,0.000,0.000,0.000,
GPU,3,57.848,32686316429,0,0,0.000,0.000,0.000,0.000,
GPU,3,57.848,32686316429,0,0,0.000,0.000,0.000,0.000,
GPU,3,57.848,32686316429,0,0,0.000,0.000,0.000,0.000,
GPU,3,57.848,32686316429,0,0,0.000,0.000,0.000,0.000,
GPU,3,57.848,32686316429,0,0,0.000,0.000,0.000,0.000,
GPU,3,57.848,32686316429,0,0,0.000,0.000,0.000,0.000,
GPU,3,57.848,32686316429,0,0,0.000,0.000,0.000,0.000,
GPU,3,57.848,32686316429,0,0,0.000,0.000,0.000,0.000,
GPU,3,57.848,32686316429,0,0,0.000,0.000,0.000,0.000,
GPU,3,57.848,32686316429,0,0,0.000,0.000,0.000,0.000,
GPU,3,57.848,32686316429,0,0,0.000,0.000,0.000,0.000,
GPU,3,57.848,32686316429,0,0,0.000,0.000,0.000,0.000,
GPU,3,57.848,32686316429,0,0,0.000,0.000,0.000,0.000,
GPU,3,57.848,32686316429,0,0,0.000,0.000,0.000,0.000,
GPU,3,57.848,32686316429,0,0,0.000,0.000,0.000,0.000,
GPU,3,57.848,32686316429,0,0,0.000,0.000,0.000,0.000,
GPU,3,57.848,32686316429,0,0,0.000,0.000,0.000,0.000,
GPU,3,57.848,32686316429,0,0,0.000,0.000,0.000,0.000,
GPU,3,57.848,32686316429,0,0,0.000,0.000,0.000,0.000,
GPU,3,57.848,32686316429,0,0,0.000,0.000,0.000,0.000,
GPU,3,57.848,32686316429,0,0,0.000,0.000,0.000,0.000,
GPU,3,57.848,32686316429,0,0,0.000,0.000,0.000,0.000,
GPU,3,57.848,32686316429,0,0,0.000,0.000,0.000,0.000,
GPU,3,57.848,32686316429,0,0,0.000,0.000,0.000,0.000,
GPU,3,57.848,32686316429,0,0,0.000,0.000,0.000,0.000,
GPU,3,57.848,32686316429,0,0,0.000,0.000,0.000,0.000,
GPU,3,57.848,32686316429,0,0,0.000,0.000,0.000,0.000,
GPU,3,57.848,32686316429,0,0,0.000,0.000,0.000,0.000,
GPU,3,57.848,32686316429,0,0,0.000,0.000,0.000,0.000,
GPU,3,57.848,32686316429,0,0,0.000,0.000,0.000,0.000,
GPU,3,57.848,32686316429,0,0,0.000,0.000,0.000,0.000,
GPU,3,57.848,32686316429,0,0,0.000,0.000,0.000,0.000,
GPU,3,57.848,32686316429,0,0,0.000,0.000,0.000,0.000,
GPU,3,57.848,32686316429,0,0,0.000,0.000,0.000,0.000,
GPU,3,57.848,32686316429,0,0,0.000,0.000,0.000,0.000,
GPU,3,57.848,32686316429,0,0,0.000,0.000,0.000,0.000,
GPU,3,57.848,32686322195,0,0,0.000,0.000,0.000,0.000,
GPU,3,57.848,32686322195,0,0,0.000,0.000,0.000,0.000,
