timestamp, temperature_gpu, power_draw_w, utilization_gpu, utilization_memory, memory_used_mib, memory_free_mib, total_energy_consumption_j
1.72271e+18, 33, 89, 0, 0, 2227, 98257, 71225683599
1.72271e+18, 33, 89, 0, 0, 2227, 98257, 71225683599
1.72271e+18, 33, 89, 0, 0, 2227, 98257, 71225683599
1.72271e+18, 33, 89, 0, 0, 2227, 98257, 71225683599
1.72271e+18, 33, 89, 0, 0, 2227, 98257, 71225683599
1.72271e+18, 33, 89, 0, 0, 2227, 98257, 71225683599
1.72271e+18, 33, 89, 0, 0, 2227, 98257, 71225692565
1.72271e+18, 33, 89, 0, 0, 2227, 98257, 71225692565
1.72271e+18, 33, 89, 0, 0, 2227, 98257, 71225692565
1.72271e+18, 33, 89, 0, 0, 2227, 98257, 71225692565
1.72271e+18, 33, 89, 0, 0, 2227, 98257, 71225692565
1.72271e+18, 33, 89, 0, 0, 2227, 98257, 71225692565
1.72271e+18, 33, 89, 0, 0, 2227, 98257, 71225692565
1.72271e+18, 33, 89, 0, 0, 2227, 98257, 71225692565
1.72271e+18, 33, 89, 0, 0, 2227, 98257, 71225692565
1.72271e+18, 33, 89, 0, 0, 2227, 98257, 71225692565
1.72271e+18, 33, 89, 0, 0, 2227, 98257, 71225692565
1.72271e+18, 33, 89, 0, 0, 2227, 98257, 71225692565
1.72271e+18, 33, 89, 0, 0, 2227, 98257, 71225692565
1.72271e+18, 33, 89, 0, 0, 2227, 98257, 71225692565
1.72271e+18, 33, 89, 0, 0, 2227, 98257, 71225692565
1.72271e+18, 33, 89, 0, 0, 2227, 98257, 71225692565
1.72271e+18, 33, 89, 0, 0, 2227, 98257, 71225692565
1.72271e+18, 33, 89, 0, 0, 2227, 98257, 71225692565
1.72271e+18, 33, 89, 0, 0, 2227, 98257, 71225692565
1.72271e+18, 33, 89, 0, 0, 2227, 98257, 71225692565
1.72271e+18, 33, 89, 0, 0, 2227, 98257, 71225692565
1.72271e+18, 33, 89, 0, 0, 2227, 98257, 71225692565
1.72271e+18, 33, 89, 0, 0, 2227, 98257, 71225692565
1.72271e+18, 33, 89, 0, 0, 2227, 98257, 71225692565
1.72271e+18, 33, 89, 0, 0, 2227, 98257, 71225701495
1.72271e+18, 33, 89, 0, 0, 2227, 98257, 71225701495
1.72271e+18, 33, 89, 0, 0, 2227, 98257, 71225701495
1.72271e+18, 33, 89, 0, 0, 2227, 98257, 71225701495
1.72271e+18, 33, 89, 0, 0, 2227, 98257, 71225701495
1.72271e+18, 33, 89, 0, 0, 2227, 98257, 71225701495
1.72271e+18, 33, 89, 0, 0, 2227, 98257, 71225701495
1.72271e+18, 33, 89, 0, 0, 2227, 98257, 71225701495
1.72271e+18, 33, 89, 0, 0, 2227, 98257, 71225701495
1.72271e+18, 33, 89, 0, 0, 2227, 98257, 71225701495
1.72271e+18, 33, 89, 0, 0, 2227, 98257, 71225701495
1.72271e+18, 33, 89, 0, 0, 2227, 98257, 71225701495
1.72271e+18, 33, 89, 0, 0, 2227, 98257, 71225701495
1.72271e+18, 33, 89, 0, 0, 2227, 98257, 71225701495
1.72271e+18, 33, 89, 0, 0, 2227, 98257, 71225701495
1.72271e+18, 33, 89, 0, 0, 2227, 98257, 71225701495
1.72271e+18, 33, 89, 0, 0, 2227, 98257, 71225701495
1.72271e+18, 33, 89, 0, 0, 2227, 98257, 71225701495
1.72271e+18, 33, 89, 0, 0, 2227, 98257, 71225701495
1.72271e+18, 33, 89, 0, 0, 2227, 98257, 71225701495
1.72271e+18, 33, 89, 0, 0, 2227, 98257, 71225701495
1.72271e+18, 33, 89, 0, 0, 2227, 98257, 71225701495
1.72271e+18, 33, 89, 0, 0, 2227, 98257, 71225701495
1.72271e+18, 33, 89, 0, 0, 2227, 98257, 71225701495
1.72271e+18, 33, 89, 0, 0, 2227, 98257, 71225710471
1.72271e+18, 33, 89, 0, 0, 2227, 98257, 71225710471
1.72271e+18, 33, 89, 0, 0, 2227, 98257, 71225710471
1.72271e+18, 33, 89, 0, 0, 2227, 98257, 71225710471
1.72271e+18, 33, 89, 0, 0, 2227, 98257, 71225710471
1.72271e+18, 33, 89, 0, 0, 2227, 98257, 71225710471
1.72271e+18, 33, 89, 0, 0, 2227, 98257, 71225710471
1.72271e+18, 33, 89, 0, 0, 2227, 98257, 71225710471
1.72271e+18, 33, 89, 0, 0, 2227, 98257, 71225710471
1.72271e+18, 33, 89, 0, 0, 2227, 98257, 71225710471
1.72271e+18, 33, 89, 0, 0, 2227, 98257, 71225710471
1.72271e+18, 33, 89, 0, 0, 2227, 98257, 71225710471
1.72271e+18, 33, 89, 0, 0, 2227, 98257, 71225710471
1.72271e+18, 33, 89, 0, 0, 2227, 98257, 71225710471
1.72271e+18, 33, 89, 0, 0, 2227, 98257, 71225710471
1.72271e+18, 33, 89, 0, 0, 2227, 98257, 71225710471
1.72271e+18, 33, 89, 0, 0, 2227, 98257, 71225710471
1.72271e+18, 33, 89, 0, 0, 2227, 98257, 71225710471
1.72271e+18, 33, 89, 0, 0, 2227, 98257, 71225710471
1.72271e+18, 33, 89, 0, 0, 2227, 98257, 71225710471
1.72271e+18, 33, 89, 0, 0, 2227, 98257, 71225710471
1.72271e+18, 33, 89, 0, 0, 2227, 98257, 71225710471
1.72271e+18, 33, 89, 0, 0, 2227, 98257, 71225710471
1.72271e+18, 33, 89, 0, 0, 2227, 98257, 71225719261
1.72271e+18, 33, 89, 0, 0, 2227, 98257, 71225719261
1.72271e+18, 33, 89, 0, 0, 2227, 98257, 71225719261
1.72271e+18, 33, 89, 0, 0, 2227, 98257, 71225719261
1.72271e+18, 33, 89, 0, 0, 2227, 98257, 71225719261
1.72271e+18, 33, 89, 0, 0, 2227, 98257, 71225719261
1.72271e+18, 33, 89, 0, 0, 2227, 98257, 71225719261
1.72271e+18, 33, 89, 0, 0, 2227, 98257, 71225719261
1.72271e+18, 33, 89, 0, 0, 2227, 98257, 71225719261
1.72271e+18, 33, 89, 0, 0, 2227, 98257, 71225719261
1.72271e+18, 33, 89, 0, 0, 2227, 98257, 71225719261
1.72271e+18, 33, 89, 0, 0, 2227, 98257, 71225719261
1.72271e+18, 33, 89, 0, 0, 2227, 98257, 71225719261
1.72271e+18, 33, 89, 0, 0, 2227, 98257, 71225719261
1.72271e+18, 33, 89, 0, 0, 2227, 98257, 71225719261
1.72271e+18, 33, 89, 0, 0, 2227, 98257, 71225719261
1.72271e+18, 33, 89, 0, 0, 2227, 98257, 71225719261
1.72271e+18, 33, 89, 0, 0, 2227, 98257, 71225719261
1.72271e+18, 33, 89, 0, 0, 2227, 98257, 71225719261
1.72271e+18, 33, 89, 0, 0, 2227, 98257, 71225719261
1.72271e+18, 33, 89, 0, 0, 2227, 98257, 71225719261
1.72271e+18, 33, 89, 0, 0, 2227, 98257, 71225719261
1.72271e+18, 33, 89, 0, 0, 2227, 98257, 71225728183
1.72271e+18, 33, 89, 0, 0, 2227, 98257, 71225728183
1.72271e+18, 33, 89, 0, 0, 2227, 98257, 71225728183
1.72271e+18, 33, 89, 0, 0, 2227, 98257, 71225728183
1.72271e+18, 33, 89, 0, 0, 2227, 98257, 71225728183
1.72271e+18, 33, 89, 0, 0, 2227, 98257, 71225728183
1.72271e+18, 33, 89, 0, 0, 2227, 98257, 71225728183
1.72271e+18, 33, 89, 0, 0, 2227, 98257, 71225728183
1.72271e+18, 33, 89, 0, 0, 2227, 98257, 71225728183
1.72271e+18, 33, 89, 0, 0, 2227, 98257, 71225728183
1.72271e+18, 33, 89, 0, 0, 2227, 98257, 71225728183
1.72271e+18, 33, 89, 0, 0, 2227, 98257, 71225728183
1.72271e+18, 33, 89, 0, 0, 2227, 98257, 71225728183
1.72271e+18, 33, 89, 0, 0, 2227, 98257, 71225728183
1.72271e+18, 33, 89, 0, 0, 2227, 98257, 71225728183
1.72271e+18, 33, 89, 0, 0, 2227, 98257, 71225728183
1.72271e+18, 33, 89, 0, 0, 2227, 98257, 71225728183
1.72271e+18, 33, 89, 0, 0, 2227, 98257, 71225728183
1.72271e+18, 33, 89, 0, 0, 2227, 98257, 71225728183
1.72271e+18, 33, 89, 0, 0, 2227, 98257, 71225728183
1.72271e+18, 33, 89, 0, 0, 2227, 98257, 71225728183
1.72271e+18, 33, 89, 0, 0, 2227, 98257, 71225728183
1.72271e+18, 33, 89, 0, 0, 2227, 98257, 71225728183
1.72271e+18, 33, 89, 0, 0, 2227, 98257, 71225728183
1.72271e+18, 33, 89, 0, 0, 2227, 98257, 71225737105
1.72271e+18, 33, 89, 0, 0, 2227, 98257, 71225737105
1.72271e+18, 33, 89, 0, 0, 2227, 98257, 71225737105
1.72271e+18, 33, 89, 0, 0, 2227, 98257, 71225737105
1.72271e+18, 33, 89, 0, 0, 2227, 98257, 71225737105
1.72271e+18, 33, 89, 0, 0, 2227, 98257, 71225737105
1.72271e+18, 33, 89, 0, 0, 2227, 98257, 71225737105
1.72271e+18, 33, 89, 0, 0, 2227, 98257, 71225737105
1.72271e+18, 33, 89, 0, 0, 2227, 98257, 71225737105
1.72271e+18, 33, 89, 0, 0, 2227, 98257, 71225737105
1.72271e+18, 33, 89, 0, 0, 2227, 98257, 71225737105
1.72271e+18, 33, 89, 0, 0, 2227, 98257, 71225737105
1.72271e+18, 33, 89, 0, 0, 2227, 98257, 71225737105
1.72271e+18, 33, 89, 0, 0, 2227, 98257, 71225737105
1.72271e+18, 33, 89, 0, 0, 2227, 98257, 71225737105
1.72271e+18, 33, 89, 0, 0, 2227, 98257, 71225737105
1.72271e+18, 33, 89, 0, 0, 2227, 98257, 71225737105
1.72271e+18, 33, 89, 0, 0, 2227, 98257, 71225737105
1.72271e+18, 33, 89, 0, 0, 2227, 98257, 71225737105
1.72271e+18, 33, 89, 0, 0, 2227, 98257, 71225737105
1.72271e+18, 33, 89, 0, 0, 2227, 98257, 71225737105
1.72271e+18, 33, 89, 0, 0, 2227, 98257, 71225737105
1.72271e+18, 33, 89, 0, 0, 2227, 98257, 71225737105
1.72271e+18, 33, 89, 0, 0, 2227, 98257, 71225737105
1.72271e+18, 33, 89, 0, 0, 2227, 98257, 71225746035
1.72271e+18, 33, 89, 0, 0, 2227, 98257, 71225746035
1.72271e+18, 33, 89, 0, 0, 2227, 98257, 71225746035
1.72271e+18, 33, 89, 0, 0, 2227, 98257, 71225746035
1.72271e+18, 33, 89, 0, 0, 2227, 98257, 71225746035
1.72271e+18, 33, 89, 0, 0, 2227, 98257, 71225746035
1.72271e+18, 33, 89, 0, 0, 2227, 98257, 71225746035
1.72271e+18, 33, 89, 0, 0, 2227, 98257, 71225746035
1.72271e+18, 33, 89, 0, 0, 2227, 98257, 71225746035
1.72271e+18, 33, 89, 0, 0, 2227, 98257, 71225746035
1.72271e+18, 33, 89, 0, 0, 2227, 98257, 71225746035
1.72271e+18, 33, 89, 0, 0, 2227, 98257, 71225746035
1.72271e+18, 33, 89, 0, 0, 2227, 98257, 71225746035
1.72271e+18, 33, 89, 0, 0, 2227, 98257, 71225746035
1.72271e+18, 33, 89, 0, 0, 2227, 98257, 71225746035
1.72271e+18, 33, 89, 0, 0, 2227, 98257, 71225746035
1.72271e+18, 33, 89, 0, 0, 2227, 98257, 71225746035
1.72271e+18, 33, 89, 0, 0, 2227, 98257, 71225746035
1.72271e+18, 33, 89, 0, 0, 2227, 98257, 71225746035
1.72271e+18, 33, 89, 0, 0, 2227, 98257, 71225746035
1.72271e+18, 33, 89, 0, 0, 2227, 98257, 71225746035
1.72271e+18, 33, 89, 0, 0, 2227, 98257, 71225746035
1.72271e+18, 33, 89, 0, 0, 2227, 98257, 71225746035
1.72271e+18, 33, 89, 0, 0, 2227, 98257, 71225746035
1.72271e+18, 33, 89, 0, 0, 2227, 98257, 71225754969
1.72271e+18, 33, 89, 0, 0, 2227, 98257, 71225754969
1.72271e+18, 33, 89, 0, 0, 2227, 98257, 71225754969
1.72271e+18, 33, 89, 0, 0, 2227, 98257, 71225754969
1.72271e+18, 33, 89, 0, 0, 2227, 98257, 71225754969
1.72271e+18, 33, 89, 0, 0, 2227, 98257, 71225754969
1.72271e+18, 33, 89, 0, 0, 2227, 98257, 71225754969
1.72271e+18, 33, 89, 0, 0, 2227, 98257, 71225754969
1.72271e+18, 33, 89, 0, 0, 2227, 98257, 71225754969
1.72271e+18, 33, 89, 0, 0, 2227, 98257, 71225754969
1.72271e+18, 33, 89, 0, 0, 2227, 98257, 71225754969
1.72271e+18, 33, 89, 0, 0, 2227, 98257, 71225754969
1.72271e+18, 33, 89, 0, 0, 2227, 98257, 71225754969
1.72271e+18, 33, 89, 0, 0, 2227, 98257, 71225754969
1.72271e+18, 33, 89, 0, 0, 2227, 98257, 71225754969
1.72271e+18, 33, 89, 0, 0, 2227, 98257, 71225754969
1.72271e+18, 33, 89, 0, 0, 2227, 98257, 71225754969
1.72271e+18, 33, 89, 0, 0, 2227, 98257, 71225754969
1.72271e+18, 33, 89, 0, 0, 2227, 98257, 71225754969
1.72271e+18, 33, 89, 0, 0, 2227, 98257, 71225754969
1.72271e+18, 33, 89, 0, 0, 2227, 98257, 71225754969
1.72271e+18, 33, 89, 0, 0, 2227, 98257, 71225754969
1.72271e+18, 33, 89, 0, 0, 2227, 98257, 71225754969
1.72271e+18, 33, 89, 0, 0, 2227, 98257, 71225754969
1.72271e+18, 33, 89, 0, 0, 2227, 98257, 71225763859
1.72271e+18, 33, 89, 0, 0, 2227, 98257, 71225763859
1.72271e+18, 33, 89, 0, 0, 2227, 98257, 71225763859
1.72271e+18, 33, 89, 0, 0, 2227, 98257, 71225763859
1.72271e+18, 33, 89, 0, 0, 2227, 98257, 71225763859
1.72271e+18, 33, 89, 0, 0, 2227, 98257, 71225763859
1.72271e+18, 33, 89, 0, 0, 2227, 98257, 71225763859
1.72271e+18, 33, 89, 0, 0, 2227, 98257, 71225763859
1.72271e+18, 33, 89, 0, 0, 2227, 98257, 71225763859
1.72271e+18, 33, 89, 0, 0, 2227, 98257, 71225763859
1.72271e+18, 33, 89, 0, 0, 2227, 98257, 71225763859
1.72271e+18, 33, 89, 0, 0, 2227, 98257, 71225763859
1.72271e+18, 33, 89, 0, 0, 2227, 98257, 71225763859
1.72271e+18, 33, 89, 0, 0, 2227, 98257, 71225763859
1.72271e+18, 33, 89, 0, 0, 2227, 98257, 71225763859
1.72271e+18, 33, 89, 0, 0, 2227, 98257, 71225763859
1.72271e+18, 33, 89, 0, 0, 2227, 98257, 71225763859
1.72271e+18, 33, 89, 0, 0, 2227, 98257, 71225763859
1.72271e+18, 33, 89, 0, 0, 2227, 98257, 71225763859
1.72271e+18, 33, 89, 0, 0, 2227, 98257, 71225763859
1.72271e+18, 33, 89, 0, 0, 2227, 98257, 71225763859
1.72271e+18, 33, 89, 0, 0, 2227, 98257, 71225763859
1.72271e+18, 33, 89, 0, 0, 2227, 98257, 71225763859
1.72271e+18, 33, 89, 0, 0, 2227, 98257, 71225763859
1.72271e+18, 33, 89, 0, 0, 2227, 98257, 71225772783
1.72271e+18, 33, 89, 0, 0, 2227, 98257, 71225772783
1.72271e+18, 33, 89, 0, 0, 2227, 98257, 71225772783
1.72271e+18, 33, 89, 0, 0, 2227, 98257, 71225772783
1.72271e+18, 33, 89, 0, 0, 2227, 98257, 71225772783
1.72271e+18, 33, 89, 0, 0, 2227, 98257, 71225772783
1.72271e+18, 33, 89, 0, 0, 2227, 98257, 71225772783
1.72271e+18, 33, 89, 0, 0, 2227, 98257, 71225772783
1.72271e+18, 33, 89, 0, 0, 2227, 98257, 71225772783
1.72271e+18, 33, 89, 0, 0, 2227, 98257, 71225772783
1.72271e+18, 33, 89, 0, 0, 2227, 98257, 71225772783
1.72271e+18, 33, 89, 0, 0, 2227, 98257, 71225772783
1.72271e+18, 33, 89, 0, 0, 2227, 98257, 71225772783
1.72271e+18, 33, 89, 0, 0, 2227, 98257, 71225772783
1.72271e+18, 33, 89, 0, 0, 2227, 98257, 71225772783
1.72271e+18, 33, 89, 0, 0, 2227, 98257, 71225772783
1.72271e+18, 33, 89, 0, 0, 2227, 98257, 71225772783
1.72271e+18, 33, 89, 0, 0, 2227, 98257, 71225772783
1.72271e+18, 33, 89, 0, 0, 2227, 98257, 71225772783
1.72271e+18, 33, 89, 0, 0, 2227, 98257, 71225772783
1.72271e+18, 33, 89, 0, 0, 2227, 98257, 71225772783
1.72271e+18, 33, 89, 0, 0, 2227, 98257, 71225772783
1.72271e+18, 33, 89, 0, 0, 2227, 98257, 71225772783
1.72271e+18, 33, 89, 0, 0, 2227, 98257, 71225772783
1.72271e+18, 33, 89, 0, 0, 2227, 98257, 71225781710
1.72271e+18, 33, 89, 0, 0, 2227, 98257, 71225781710
1.72271e+18, 33, 89, 0, 0, 2227, 98257, 71225781710
1.72271e+18, 33, 89, 0, 0, 2227, 98257, 71225781710
1.72271e+18, 33, 89, 0, 0, 2227, 98257, 71225781710
1.72271e+18, 33, 89, 0, 0, 2227, 98257, 71225781710
1.72271e+18, 33, 89, 0, 0, 2227, 98257, 71225781710
1.72271e+18, 33, 89, 0, 0, 2227, 98257, 71225781710
1.72271e+18, 33, 89, 0, 0, 2227, 98257, 71225781710
1.72271e+18, 33, 89, 0, 0, 2227, 98257, 71225781710
1.72271e+18, 33, 89, 0, 0, 2227, 98257, 71225781710
1.72271e+18, 33, 89, 0, 0, 2227, 98257, 71225781710
1.72271e+18, 33, 89, 0, 0, 2227, 98257, 71225781710
1.72271e+18, 33, 89, 0, 0, 2227, 98257, 71225781710
1.72271e+18, 33, 89, 0, 0, 2227, 98257, 71225781710
1.72271e+18, 33, 89, 0, 0, 2227, 98257, 71225781710
1.72271e+18, 33, 89, 0, 0, 2227, 98257, 71225781710
1.72271e+18, 33, 89, 0, 0, 2227, 98257, 71225781710
1.72271e+18, 33, 89, 0, 0, 2227, 98257, 71225790625
1.72271e+18, 33, 89, 0, 0, 2227, 98257, 71225790625
1.72271e+18, 33, 89, 0, 0, 2227, 98257, 71225790625
1.72271e+18, 33, 89, 0, 0, 2227, 98257, 71225790625
1.72271e+18, 33, 89, 0, 0, 2227, 98257, 71225790625
1.72271e+18, 33, 89, 0, 0, 2227, 98257, 71225790625
1.72271e+18, 33, 89, 0, 0, 2227, 98257, 71225790625
1.72271e+18, 33, 89, 0, 0, 2227, 98257, 71225790625
1.72271e+18, 33, 89, 0, 0, 2227, 98257, 71225790625
1.72271e+18, 33, 89, 0, 0, 2227, 98257, 71225790625
1.72271e+18, 33, 89, 0, 0, 2227, 98257, 71225790625
1.72271e+18, 33, 89, 0, 0, 2227, 98257, 71225790625
1.72271e+18, 33, 89, 0, 0, 2227, 98257, 71225790625
1.72271e+18, 33, 89, 0, 0, 2227, 98257, 71225790625
1.72271e+18, 33, 89, 0, 0, 2227, 98257, 71225790625
1.72271e+18, 33, 89, 0, 0, 2227, 98257, 71225790625
1.72271e+18, 33, 89, 0, 0, 2227, 98257, 71225790625
1.72271e+18, 33, 89, 0, 0, 2227, 98257, 71225790625
1.72271e+18, 33, 89, 0, 0, 2227, 98257, 71225790625
1.72271e+18, 33, 89, 0, 0, 2227, 98257, 71225790625
1.72271e+18, 33, 89, 0, 0, 2227, 98257, 71225790625
1.72271e+18, 33, 89, 0, 0, 2227, 98257, 71225790625
1.72271e+18, 33, 89, 0, 0, 2227, 98257, 71225790625
1.72271e+18, 33, 89, 0, 0, 2227, 98257, 71225790625
1.72271e+18, 33, 89, 0, 0, 2227, 98257, 71225799549
1.72271e+18, 33, 89, 0, 0, 2227, 98257, 71225799549
1.72271e+18, 33, 89, 0, 0, 2227, 98257, 71225799549
1.72271e+18, 33, 89, 0, 0, 2227, 98257, 71225799549
1.72271e+18, 33, 89, 0, 0, 2227, 98257, 71225799549
1.72271e+18, 33, 89, 0, 0, 2227, 98257, 71225799549
1.72271e+18, 33, 89, 0, 0, 2227, 98257, 71225799549
1.72271e+18, 33, 89, 0, 0, 2227, 98257, 71225799549
1.72271e+18, 33, 89, 0, 0, 2227, 98257, 71225799549
1.72271e+18, 33, 89, 0, 0, 2227, 98257, 71225799549
1.72271e+18, 33, 89, 0, 0, 2227, 98257, 71225799549
1.72271e+18, 33, 89, 0, 0, 2227, 98257, 71225799549
1.72271e+18, 33, 89, 0, 0, 2227, 98257, 71225799549
1.72271e+18, 33, 89, 0, 0, 2227, 98257, 71225799549
1.72271e+18, 33, 89, 0, 0, 2227, 98257, 71225799549
1.72271e+18, 33, 89, 0, 0, 2227, 98257, 71225799549
1.72271e+18, 33, 89, 0, 0, 2227, 98257, 71225799549
1.72271e+18, 33, 89, 0, 0, 2227, 98257, 71225799549
1.72271e+18, 33, 89, 0, 0, 2227, 98257, 71225799549
1.72271e+18, 33, 89, 0, 0, 2227, 98257, 71225799549
1.72271e+18, 33, 89, 0, 0, 2227, 98257, 71225799549
1.72271e+18, 33, 89, 0, 0, 2227, 98257, 71225799549
1.72271e+18, 33, 89, 0, 0, 2227, 98257, 71225799549
1.72271e+18, 33, 89, 0, 0, 2227, 98257, 71225799549
1.72271e+18, 33, 89, 0, 0, 2227, 98257, 71225808469
1.72271e+18, 33, 89, 0, 0, 2227, 98257, 71225808469
1.72271e+18, 33, 89, 0, 0, 2227, 98257, 71225808469
1.72271e+18, 33, 89, 0, 0, 2227, 98257, 71225808469
1.72271e+18, 33, 89, 0, 0, 2227, 98257, 71225808469
1.72271e+18, 33, 89, 0, 0, 2227, 98257, 71225808469
1.72271e+18, 33, 89, 0, 0, 2227, 98257, 71225808469
1.72271e+18, 33, 89, 0, 0, 2227, 98257, 71225808469
1.72271e+18, 33, 89, 0, 0, 2227, 98257, 71225808469
1.72271e+18, 33, 89, 0, 0, 2227, 98257, 71225808469
1.72271e+18, 33, 89, 0, 0, 2227, 98257, 71225808469
1.72271e+18, 33, 89, 0, 0, 2227, 98257, 71225808469
1.72271e+18, 33, 89, 0, 0, 2227, 98257, 71225808469
1.72271e+18, 33, 89, 0, 0, 2227, 98257, 71225808469
1.72271e+18, 33, 89, 0, 0, 2227, 98257, 71225808469
1.72271e+18, 33, 89, 0, 0, 2227, 98257, 71225808469
1.72271e+18, 33, 89, 0, 0, 2227, 98257, 71225808469
1.72271e+18, 33, 89, 0, 0, 2227, 98257, 71225808469
1.72271e+18, 33, 89, 0, 0, 2227, 98257, 71225808469
1.72271e+18, 33, 89, 0, 0, 2227, 98257, 71225808469
1.72271e+18, 33, 89, 0, 0, 2227, 98257, 71225808469
1.72271e+18, 33, 89, 0, 0, 2227, 98257, 71225808469
1.72271e+18, 33, 89, 0, 0, 2227, 98257, 71225808469
1.72271e+18, 33, 89, 0, 0, 2227, 98257, 71225817391
1.72271e+18, 33, 89, 0, 0, 2227, 98257, 71225817391
1.72271e+18, 33, 89, 0, 0, 2227, 98257, 71225817391
1.72271e+18, 33, 89, 0, 0, 2227, 98257, 71225817391
1.72271e+18, 33, 89, 0, 0, 2227, 98257, 71225817391
1.72271e+18, 33, 89, 0, 0, 2227, 98257, 71225817391
1.72271e+18, 33, 89, 0, 0, 2227, 98257, 71225817391
1.72271e+18, 33, 89, 0, 0, 2227, 98257, 71225817391
1.72271e+18, 33, 89, 0, 0, 2227, 98257, 71225817391
1.72271e+18, 33, 89, 0, 0, 2227, 98257, 71225817391
1.72271e+18, 33, 89, 0, 0, 2227, 98257, 71225817391
1.72271e+18, 33, 89, 0, 0, 2227, 98257, 71225817391
1.72271e+18, 33, 89, 0, 0, 2227, 98257, 71225817391
1.72271e+18, 33, 89, 0, 0, 2227, 98257, 71225817391
1.72271e+18, 33, 89, 0, 0, 2227, 98257, 71225817391
1.72271e+18, 33, 89, 0, 0, 2227, 98257, 71225817391
1.72271e+18, 33, 89, 0, 0, 2227, 98257, 71225817391
1.72271e+18, 33, 89, 0, 0, 2227, 98257, 71225817391
1.72271e+18, 33, 89, 0, 0, 2227, 98257, 71225817391
1.72271e+18, 33, 89, 0, 0, 2227, 98257, 71225817391
1.72271e+18, 33, 89, 0, 0, 2227, 98257, 71225817391
1.72271e+18, 33, 89, 0, 0, 2227, 98257, 71225817391
1.72271e+18, 33, 89, 0, 0, 2227, 98257, 71225817391
1.72271e+18, 33, 89, 0, 0, 2227, 98257, 71225817391
1.72271e+18, 33, 89, 0, 0, 2227, 98257, 71225826367
1.72271e+18, 33, 89, 0, 0, 2227, 98257, 71225826367
1.72271e+18, 33, 89, 0, 0, 2227, 98257, 71225826367
1.72271e+18, 33, 89, 0, 0, 2227, 98257, 71225826367
1.72271e+18, 33, 89, 0, 0, 2227, 98257, 71225826367
1.72271e+18, 33, 89, 0, 0, 2227, 98257, 71225826367
1.72271e+18, 33, 89, 0, 0, 2227, 98257, 71225826367
1.72271e+18, 33, 89, 0, 0, 2227, 98257, 71225826367
1.72271e+18, 33, 89, 0, 0, 2227, 98257, 71225826367
1.72271e+18, 33, 89, 0, 0, 2227, 98257, 71225826367
1.72271e+18, 33, 89, 0, 0, 2227, 98257, 71225826367
1.72271e+18, 33, 89, 0, 0, 2227, 98257, 71225826367
1.72271e+18, 33, 89, 0, 0, 2227, 98257, 71225826367
1.72271e+18, 33, 89, 0, 0, 2227, 98257, 71225826367
1.72271e+18, 33, 89, 0, 0, 2227, 98257, 71225826367
1.72271e+18, 33, 89, 0, 0, 2227, 98257, 71225826367
1.72271e+18, 33, 89, 0, 0, 2227, 98257, 71225826367
1.72271e+18, 33, 89, 0, 0, 2227, 98257, 71225826367
1.72271e+18, 33, 89, 0, 0, 2227, 98257, 71225826367
1.72271e+18, 33, 89, 0, 0, 2227, 98257, 71225826367
1.72271e+18, 33, 89, 0, 0, 2227, 98257, 71225826367
1.72271e+18, 33, 89, 0, 0, 2227, 98257, 71225826367
1.72271e+18, 33, 89, 0, 0, 2227, 98257, 71225826367
1.72271e+18, 33, 89, 0, 0, 2227, 98257, 71225835236
1.72271e+18, 33, 89, 0, 0, 2227, 98257, 71225835236
1.72271e+18, 33, 89, 0, 0, 2227, 98257, 71225835236
1.72271e+18, 33, 89, 0, 0, 2227, 98257, 71225835236
1.72271e+18, 33, 89, 0, 0, 2227, 98257, 71225835236
1.72271e+18, 33, 89, 0, 0, 2227, 98257, 71225835236
1.72271e+18, 33, 89, 0, 0, 2227, 98257, 71225835236
1.72271e+18, 33, 89, 0, 0, 2227, 98257, 71225835236
1.72271e+18, 33, 89, 0, 0, 2227, 98257, 71225835236
1.72271e+18, 33, 89, 0, 0, 2227, 98257, 71225835236
1.72271e+18, 33, 89, 0, 0, 2227, 98257, 71225835236
1.72271e+18, 33, 89, 0, 0, 2227, 98257, 71225835236
1.72271e+18, 33, 89, 0, 0, 2227, 98257, 71225835236
1.72271e+18, 33, 89, 0, 0, 2227, 98257, 71225835236
1.72271e+18, 33, 89, 0, 0, 2227, 98257, 71225835236
1.72271e+18, 33, 89, 0, 0, 2227, 98257, 71225835236
1.72271e+18, 33, 89, 0, 0, 2227, 98257, 71225835236
1.72271e+18, 33, 89, 0, 0, 2227, 98257, 71225835236
1.72271e+18, 33, 89, 0, 0, 2227, 98257, 71225835236
1.72271e+18, 33, 89, 0, 0, 2227, 98257, 71225835236
1.72271e+18, 33, 89, 0, 0, 2227, 98257, 71225835236
1.72271e+18, 33, 89, 0, 0, 2227, 98257, 71225835236
1.72271e+18, 33, 89, 0, 0, 2227, 98257, 71225835236
1.72271e+18, 33, 89, 0, 0, 2227, 98257, 71225844158
1.72271e+18, 33, 89, 0, 0, 2227, 98257, 71225844158
1.72271e+18, 33, 89, 0, 0, 2227, 98257, 71225844158
1.72271e+18, 33, 89, 0, 0, 2227, 98257, 71225844158
1.72271e+18, 33, 89, 0, 0, 2227, 98257, 71225844158
1.72271e+18, 33, 89, 0, 0, 2227, 98257, 71225844158
1.72271e+18, 33, 89, 0, 0, 2227, 98257, 71225844158
1.72271e+18, 33, 89, 0, 0, 2227, 98257, 71225844158
1.72271e+18, 33, 89, 0, 0, 2227, 98257, 71225844158
1.72271e+18, 33, 89, 0, 0, 2227, 98257, 71225844158
1.72271e+18, 33, 89, 0, 0, 2227, 98257, 71225844158
1.72271e+18, 33, 89, 0, 0, 2227, 98257, 71225844158
1.72271e+18, 33, 89, 0, 0, 2227, 98257, 71225844158
1.72271e+18, 33, 89, 0, 0, 2227, 98257, 71225844158
1.72271e+18, 33, 89, 0, 0, 2227, 98257, 71225844158
1.72271e+18, 33, 89, 0, 0, 2227, 98257, 71225844158
1.72271e+18, 33, 89, 0, 0, 2227, 98257, 71225844158
1.72271e+18, 33, 89, 0, 0, 2227, 98257, 71225844158
1.72271e+18, 33, 89, 0, 0, 2227, 98257, 71225844158
1.72271e+18, 33, 89, 0, 0, 2227, 98257, 71225844158
1.72271e+18, 33, 89, 0, 0, 2227, 98257, 71225844158
1.72271e+18, 33, 89, 0, 0, 2227, 98257, 71225844158
1.72271e+18, 33, 89, 0, 0, 2227, 98257, 71225844158
1.72271e+18, 33, 89, 0, 0, 2227, 98257, 71225844158
1.72271e+18, 33, 89, 0, 0, 2227, 98257, 71225853086
1.72271e+18, 33, 89, 0, 0, 2227, 98257, 71225853086
1.72271e+18, 33, 89, 0, 0, 2227, 98257, 71225853086
1.72271e+18, 33, 89, 0, 0, 2227, 98257, 71225853086
1.72271e+18, 33, 89, 0, 0, 2227, 98257, 71225853086
1.72271e+18, 33, 89, 0, 0, 2227, 98257, 71225853086
1.72271e+18, 33, 89, 0, 0, 2227, 98257, 71225853086
1.72271e+18, 33, 89, 0, 0, 2227, 98257, 71225853086
1.72271e+18, 33, 89, 0, 0, 2227, 98257, 71225853086
1.72271e+18, 33, 89, 0, 0, 2227, 98257, 71225853086
1.72271e+18, 33, 89, 0, 0, 2227, 98257, 71225853086
1.72271e+18, 33, 89, 0, 0, 2227, 98257, 71225853086
1.72271e+18, 33, 89, 0, 0, 2227, 98257, 71225853086
1.72271e+18, 33, 89, 0, 0, 2227, 98257, 71225853086
1.72271e+18, 33, 89, 0, 0, 2227, 98257, 71225853086
1.72271e+18, 33, 89, 0, 0, 2227, 98257, 71225853086
1.72271e+18, 33, 89, 0, 0, 2227, 98257, 71225853086
1.72271e+18, 33, 89, 0, 0, 2227, 98257, 71225853086
1.72271e+18, 33, 89, 0, 0, 2227, 98257, 71225853086
1.72271e+18, 33, 89, 0, 0, 2227, 98257, 71225853086
1.72271e+18, 33, 89, 0, 0, 2227, 98257, 71225853086
1.72271e+18, 33, 89, 0, 0, 2227, 98257, 71225853086
1.72271e+18, 33, 89, 0, 0, 2227, 98257, 71225853086
1.72271e+18, 33, 89, 0, 0, 2227, 98257, 71225853086
1.72271e+18, 33, 89, 0, 0, 2227, 98257, 71225862027
1.72271e+18, 33, 89, 0, 0, 2227, 98257, 71225862027
1.72271e+18, 33, 89, 0, 0, 2227, 98257, 71225862027
1.72271e+18, 33, 89, 0, 0, 2227, 98257, 71225862027
1.72271e+18, 33, 89, 0, 0, 2227, 98257, 71225862027
1.72271e+18, 33, 89, 0, 0, 2227, 98257, 71225862027
1.72271e+18, 33, 89, 0, 0, 2227, 98257, 71225862027
1.72271e+18, 33, 89, 0, 0, 2227, 98257, 71225862027
1.72271e+18, 33, 89, 0, 0, 2227, 98257, 71225862027
1.72271e+18, 33, 89, 0, 0, 2227, 98257, 71225862027
1.72271e+18, 33, 89, 0, 0, 2227, 98257, 71225862027
1.72271e+18, 33, 89, 0, 0, 2227, 98257, 71225862027
1.72271e+18, 33, 89, 0, 0, 2227, 98257, 71225862027
1.72271e+18, 33, 89, 0, 0, 2227, 98257, 71225862027
1.72271e+18, 33, 89, 0, 0, 2227, 98257, 71225862027
1.72271e+18, 33, 89, 0, 0, 2227, 98257, 71225862027
1.72271e+18, 33, 89, 0, 0, 2227, 98257, 71225862027
1.72271e+18, 33, 89, 0, 0, 2227, 98257, 71225862027
1.72271e+18, 33, 89, 0, 0, 2227, 98257, 71225862027
1.72271e+18, 33, 89, 0, 0, 2227, 98257, 71225862027
1.72271e+18, 33, 89, 0, 0, 2227, 98257, 71225862027
1.72271e+18, 33, 89, 0, 0, 2227, 98257, 71225862027
1.72271e+18, 33, 89, 0, 0, 2227, 98257, 71225862027
1.72271e+18, 33, 89, 0, 0, 2227, 98257, 71225870928
1.72271e+18, 33, 89, 0, 0, 2227, 98257, 71225870928
1.72271e+18, 33, 89, 0, 0, 2227, 98257, 71225870928
1.72271e+18, 33, 89, 0, 0, 2227, 98257, 71225870928
1.72271e+18, 33, 89, 0, 0, 2227, 98257, 71225870928
1.72271e+18, 33, 89, 0, 0, 2227, 98257, 71225870928
1.72271e+18, 33, 89, 0, 0, 2227, 98257, 71225870928
1.72271e+18, 33, 89, 0, 0, 2227, 98257, 71225870928
1.72271e+18, 33, 89, 0, 0, 2227, 98257, 71225870928
1.72271e+18, 33, 89, 0, 0, 2227, 98257, 71225870928
1.72271e+18, 33, 89, 0, 0, 2227, 98257, 71225870928
1.72271e+18, 33, 89, 0, 0, 2227, 98257, 71225870928
1.72271e+18, 33, 89, 0, 0, 2227, 98257, 71225870928
1.72271e+18, 33, 89, 0, 0, 2227, 98257, 71225870928
1.72271e+18, 33, 89, 0, 0, 2227, 98257, 71225870928
1.72271e+18, 33, 89, 0, 0, 2227, 98257, 71225870928
1.72271e+18, 33, 89, 0, 0, 2227, 98257, 71225870928
1.72271e+18, 33, 89, 0, 0, 2227, 98257, 71225870928
1.72271e+18, 33, 89, 0, 0, 2227, 98257, 71225870928
1.72271e+18, 33, 89, 0, 0, 2227, 98257, 71225870928
1.72271e+18, 33, 89, 0, 0, 2227, 98257, 71225870928
1.72271e+18, 33, 89, 0, 0, 2227, 98257, 71225870928
1.72271e+18, 33, 89, 0, 0, 2227, 98257, 71225870928
1.72271e+18, 33, 89, 0, 0, 2227, 98257, 71225870928
1.72271e+18, 33, 89, 0, 0, 2227, 98257, 71225879862
1.72271e+18, 33, 89, 0, 0, 2227, 98257, 71225879862
1.72271e+18, 33, 89, 0, 0, 2227, 98257, 71225879862
1.72271e+18, 33, 89, 0, 0, 2227, 98257, 71225879862
1.72271e+18, 33, 89, 0, 0, 2227, 98257, 71225879862
1.72271e+18, 33, 89, 0, 0, 2227, 98257, 71225879862
1.72271e+18, 33, 89, 0, 0, 2227, 98257, 71225879862
1.72271e+18, 33, 89, 0, 0, 2227, 98257, 71225879862
1.72271e+18, 33, 89, 0, 0, 2227, 98257, 71225879862
1.72271e+18, 33, 89, 0, 0, 2227, 98257, 71225879862
1.72271e+18, 33, 89, 0, 0, 2227, 98257, 71225879862
1.72271e+18, 33, 89, 0, 0, 2227, 98257, 71225879862
1.72271e+18, 33, 89, 0, 0, 2227, 98257, 71225879862
1.72271e+18, 33, 89, 0, 0, 2227, 98257, 71225879862
1.72271e+18, 33, 89, 0, 0, 2227, 98257, 71225879862
1.72271e+18, 33, 89, 0, 0, 2227, 98257, 71225879862
1.72271e+18, 33, 89, 0, 0, 2227, 98257, 71225879862
1.72271e+18, 33, 89, 0, 0, 2227, 98257, 71225879862
1.72271e+18, 33, 89, 0, 0, 2227, 98257, 71225879862
1.72271e+18, 33, 89, 0, 0, 2227, 98257, 71225879862
1.72271e+18, 33, 89, 0, 0, 2227, 98257, 71225879862
1.72271e+18, 33, 89, 0, 0, 2227, 98257, 71225879862
1.72271e+18, 33, 89, 0, 0, 2227, 98257, 71225879862
1.72271e+18, 33, 89, 0, 0, 2227, 98257, 71225879862
1.72271e+18, 33, 89, 0, 0, 2227, 98257, 71225888779
1.72271e+18, 33, 89, 0, 0, 2227, 98257, 71225888779
1.72271e+18, 33, 89, 0, 0, 2227, 98257, 71225888779
1.72271e+18, 33, 89, 0, 0, 2227, 98257, 71225888779
1.72271e+18, 33, 89, 0, 0, 2227, 98257, 71225888779
1.72271e+18, 33, 89, 0, 0, 2227, 98257, 71225888779
1.72271e+18, 33, 89, 0, 0, 2227, 98257, 71225888779
1.72271e+18, 33, 89, 0, 0, 2227, 98257, 71225888779
1.72271e+18, 33, 89, 0, 0, 2227, 98257, 71225888779
1.72271e+18, 33, 89, 0, 0, 2227, 98257, 71225888779
1.72271e+18, 33, 89, 0, 0, 2227, 98257, 71225888779
1.72271e+18, 33, 89, 0, 0, 2227, 98257, 71225888779
1.72271e+18, 33, 89, 0, 0, 2227, 98257, 71225888779
1.72271e+18, 33, 89, 0, 0, 2227, 98257, 71225888779
1.72271e+18, 33, 89, 0, 0, 2227, 98257, 71225888779
1.72271e+18, 33, 89, 0, 0, 2227, 98257, 71225888779
1.72271e+18, 33, 89, 0, 0, 2227, 98257, 71225888779
1.72271e+18, 33, 89, 0, 0, 2227, 98257, 71225888779
1.72271e+18, 33, 89, 0, 0, 2227, 98257, 71225888779
1.72271e+18, 33, 89, 0, 0, 2227, 98257, 71225888779
1.72271e+18, 33, 89, 0, 0, 2227, 98257, 71225888779
1.72271e+18, 33, 89, 0, 0, 2227, 98257, 71225888779
1.72271e+18, 33, 89, 0, 0, 2227, 98257, 71225888779
1.72271e+18, 33, 89, 0, 0, 2227, 98257, 71225888779
1.72271e+18, 33, 89, 0, 0, 2227, 98257, 71225897693
1.72271e+18, 33, 89, 0, 0, 2227, 98257, 71225897693
1.72271e+18, 33, 89, 0, 0, 2227, 98257, 71225897693
1.72271e+18, 33, 89, 0, 0, 2227, 98257, 71225897693
1.72271e+18, 33, 89, 0, 0, 2227, 98257, 71225897693
1.72271e+18, 33, 89, 0, 0, 2227, 98257, 71225897693
1.72271e+18, 33, 89, 0, 0, 2227, 98257, 71225897693
1.72271e+18, 33, 89, 0, 0, 2227, 98257, 71225897693
1.72271e+18, 33, 89, 0, 0, 2227, 98257, 71225897693
1.72271e+18, 33, 89, 0, 0, 2227, 98257, 71225897693
1.72271e+18, 33, 89, 0, 0, 2227, 98257, 71225897693
1.72271e+18, 33, 89, 0, 0, 2227, 98257, 71225897693
1.72271e+18, 33, 89, 0, 0, 2227, 98257, 71225897693
1.72271e+18, 33, 89, 0, 0, 2227, 98257, 71225897693
1.72271e+18, 33, 89, 0, 0, 2227, 98257, 71225897693
1.72271e+18, 33, 89, 0, 0, 2227, 98257, 71225897693
1.72271e+18, 33, 89, 0, 0, 2227, 98257, 71225897693
1.72271e+18, 33, 89, 0, 0, 2227, 98257, 71225897693
1.72271e+18, 33, 89, 0, 0, 2227, 98257, 71225897693
1.72271e+18, 33, 89, 0, 0, 2227, 98257, 71225897693
1.72271e+18, 33, 89, 0, 0, 2227, 98257, 71225897693
1.72271e+18, 33, 89, 0, 0, 2227, 98257, 71225897693
1.72271e+18, 33, 89, 0, 0, 2227, 98257, 71225897693
1.72271e+18, 33, 89, 0, 0, 2227, 98257, 71225897693
1.72271e+18, 33, 89, 0, 0, 2227, 98257, 71225906619
1.72271e+18, 33, 89, 0, 0, 2227, 98257, 71225906619
1.72271e+18, 33, 89, 0, 0, 2227, 98257, 71225906619
1.72271e+18, 33, 89, 0, 0, 2227, 98257, 71225906619
1.72271e+18, 33, 89, 0, 0, 2227, 98257, 71225906619
1.72271e+18, 33, 89, 0, 0, 2227, 98257, 71225906619
1.72271e+18, 33, 89, 0, 0, 2227, 98257, 71225906619
1.72271e+18, 33, 89, 0, 0, 2227, 98257, 71225906619
1.72271e+18, 33, 89, 0, 0, 2227, 98257, 71225906619
1.72271e+18, 33, 89, 0, 0, 2227, 98257, 71225906619
1.72271e+18, 33, 89, 0, 0, 2227, 98257, 71225906619
1.72271e+18, 33, 89, 0, 0, 2227, 98257, 71225906619
1.72271e+18, 33, 89, 0, 0, 2227, 98257, 71225906619
1.72271e+18, 33, 89, 0, 0, 2227, 98257, 71225906619
1.72271e+18, 33, 89, 0, 0, 2227, 98257, 71225906619
1.72271e+18, 33, 89, 0, 0, 2227, 98257, 71225906619
