#Entity,SMACT,SMOCC,DRAMA,PCITX,PCIRX,NVLTX,NVLRX,
GPU,3,N/A,N/A,N/A,N/A,N/A,N/A,N/A,
GPU,3,N/A,N/A,N/A,N/A,N/A,N/A,N/A,
GPU,3,N/A,N/A,N/A,N/A,N/A,N/A,N/A,
GPU,3,N/A,N/A,N/A,N/A,N/A,N/A,N/A,
GPU,3,N/A,N/A,N/A,N/A,N/A,N/A,N/A,
GPU,3,N/A,N/A,N/A,N/A,N/A,N/A,N/A,
GPU,3,N/A,N/A,N/A,N/A,N/A,N/A,N/A,
GPU,3,N/A,N/A,N/A,N/A,N/A,N/A,N/A,
GPU,3,0.000,0.000,0.000,3751695,2855457,0,0,
GPU,3,N/A,N/A,N/A,N/A,N/A,N/A,N/A,
GPU,3,N/A,N/A,N/A,N/A,N/A,N/A,N/A,
GPU,3,N/A,N/A,N/A,N/A,N/A,N/A,N/A,
GPU,3,N/A,N/A,N/A,N/A,N/A,N/A,N/A,
GPU,3,N/A,N/A,N/A,N/A,N/A,N/A,N/A,
GPU,3,N/A,N/A,N/A,N/A,N/A,N/A,N/A,
GPU,3,N/A,N/A,N/A,N/A,N/A,N/A,N/A,
GPU,3,N/A,N/A,N/A,N/A,N/A,N/A,N/A,
GPU,3,N/A,N/A,N/A,N/A,N/A,N/A,N/A,
GPU,3,N/A,N/A,N/A,N/A,N/A,N/A,N/A,
GPU,3,N/A,N/A,N/A,N/A,N/A,N/A,N/A,
GPU,3,N/A,N/A,N/A,N/A,N/A,N/A,N/A,
GPU,3,N/A,N/A,N/A,N/A,N/A,N/A,N/A,
GPU,3,N/A,N/A,N/A,N/A,N/A,N/A,N/A,
GPU,3,N/A,N/A,N/A,N/A,N/A,N/A,N/A,
GPU,3,N/A,N/A,N/A,N/A,N/A,N/A,N/A,
GPU,3,N/A,N/A,N/A,N/A,N/A,N/A,N/A,
GPU,3,N/A,N/A,N/A,N/A,N/A,N/A,N/A,
GPU,3,N/A,N/A,N/A,N/A,N/A,N/A,N/A,
GPU,3,N/A,N/A,N/A,N/A,N/A,N/A,N/A,
GPU,3,N/A,N/A,N/A,N/A,N/A,N/A,N/A,
GPU,3,N/A,N/A,N/A,N/A,N/A,N/A,N/A,
GPU,3,N/A,N/A,N/A,N/A,N/A,N/A,N/A,
GPU,3,N/A,N/A,N/A,N/A,N/A,N/A,N/A,
GPU,3,N/A,N/A,N/A,N/A,N/A,N/A,N/A,
GPU,3,N/A,N/A,N/A,N/A,N/A,N/A,N/A,
GPU,3,N/A,N/A,N/A,N/A,N/A,N/A,N/A,
GPU,3,N/A,N/A,N/A,N/A,N/A,N/A,N/A,
GPU,3,N/A,N/A,N/A,N/A,N/A,N/A,N/A,
GPU,3,N/A,N/A,N/A,N/A,N/A,N/A,N/A,
GPU,3,N/A,N/A,N/A,N/A,N/A,N/A,N/A,
GPU,3,N/A,N/A,N/A,N/A,N/A,N/A,N/A,
GPU,3,N/A,N/A,N/A,N/A,N/A,N/A,N/A,
GPU,3,N/A,N/A,N/A,N/A,N/A,N/A,N/A,
GPU,3,N/A,N/A,N/A,N/A,N/A,N/A,N/A,
GPU,3,N/A,N/A,N/A,N/A,N/A,N/A,N/A,
GPU,3,N/A,N/A,N/A,N/A,N/A,N/A,N/A,
GPU,3,N/A,N/A,N/A,N/A,N/A,N/A,N/A,
GPU,3,N/A,N/A,N/A,N/A,N/A,N/A,N/A,
GPU,3,N/A,N/A,N/A,N/A,N/A,N/A,N/A,
GPU,3,N/A,N/A,N/A,N/A,N/A,N/A,N/A,
GPU,3,N/A,N/A,N/A,N/A,N/A,N/A,N/A,
GPU,3,N/A,N/A,N/A,N/A,N/A,N/A,N/A,
GPU,3,N/A,N/A,N/A,N/A,N/A,N/A,N/A,
GPU,3,N/A,N/A,N/A,N/A,N/A,N/A,N/A,
GPU,3,N/A,N/A,N/A,N/A,N/A,N/A,N/A,
GPU,3,N/A,N/A,N/A,N/A,N/A,N/A,N/A,
GPU,3,N/A,N/A,N/A,N/A,N/A,N/A,N/A,
GPU,3,N/A,N/A,N/A,N/A,N/A,N/A,N/A,
GPU,3,N/A,N/A,N/A,N/A,N/A,N/A,N/A,
GPU,3,N/A,N/A,N/A,N/A,N/A,N/A,N/A,
GPU,3,N/A,N/A,N/A,N/A,N/A,N/A,N/A,
GPU,3,N/A,N/A,N/A,N/A,N/A,N/A,N/A,
GPU,3,N/A,N/A,N/A,N/A,N/A,N/A,N/A,
GPU,3,N/A,N/A,N/A,N/A,N/A,N/A,N/A,
GPU,3,N/A,N/A,N/A,N/A,N/A,N/A,N/A,
GPU,3,N/A,N/A,N/A,N/A,N/A,N/A,N/A,
GPU,3,N/A,N/A,N/A,N/A,N/A,N/A,N/A,
GPU,3,N/A,N/A,N/A,N/A,N/A,N/A,N/A,
GPU,3,N/A,N/A,N/A,N/A,N/A,N/A,N/A,
GPU,3,N/A,N/A,N/A,N/A,N/A,N/A,N/A,
GPU,3,N/A,N/A,N/A,N/A,N/A,N/A,N/A,
GPU,3,N/A,N/A,N/A,N/A,N/A,N/A,N/A,
GPU,3,N/A,N/A,N/A,N/A,N/A,N/A,N/A,
GPU,3,N/A,N/A,N/A,N/A,N/A,N/A,N/A,
GPU,3,N/A,N/A,N/A,N/A,N/A,N/A,N/A,
GPU,3,N/A,N/A,N/A,N/A,N/A,N/A,N/A,
GPU,3,N/A,N/A,N/A,N/A,N/A,N/A,N/A,
GPU,3,N/A,N/A,N/A,N/A,N/A,N/A,N/A,
GPU,3,N/A,N/A,N/A,N/A,N/A,N/A,N/A,
GPU,3,N/A,N/A,N/A,N/A,N/A,N/A,N/A,
GPU,3,N/A,N/A,N/A,N/A,N/A,N/A,N/A,
GPU,3,N/A,N/A,N/A,N/A,N/A,N/A,N/A,
GPU,3,N/A,N/A,N/A,N/A,N/A,N/A,N/A,
GPU,3,N/A,N/A,N/A,N/A,N/A,N/A,N/A,
GPU,3,N/A,N/A,N/A,N/A,N/A,N/A,N/A,
GPU,3,N/A,N/A,N/A,N/A,N/A,N/A,N/A,
GPU,3,N/A,N/A,N/A,N/A,N/A,N/A,N/A,
GPU,3,N/A,N/A,N/A,N/A,N/A,N/A,N/A,
GPU,3,0.000,0.000,0.000,521192,15635,0,0,
GPU,3,N/A,N/A,N/A,N/A,N/A,N/A,N/A,
GPU,3,N/A,N/A,N/A,N/A,N/A,N/A,N/A,
GPU,3,N/A,N/A,N/A,N/A,N/A,N/A,N/A,
GPU,3,N/A,N/A,N/A,N/A,N/A,N/A,N/A,
GPU,3,N/A,N/A,N/A,N/A,N/A,N/A,N/A,
GPU,3,N/A,N/A,N/A,N/A,N/A,N/A,N/A,
GPU,3,N/A,N/A,N/A,N/A,N/A,N/A,N/A,
GPU,3,N/A,N/A,N/A,N/A,N/A,N/A,N/A,
GPU,3,N/A,N/A,N/A,N/A,N/A,N/A,N/A,
GPU,3,N/A,N/A,N/A,N/A,N/A,N/A,N/A,
GPU,3,N/A,N/A,N/A,N/A,N/A,N/A,N/A,
GPU,3,N/A,N/A,N/A,N/A,N/A,N/A,N/A,
GPU,3,N/A,N/A,N/A,N/A,N/A,N/A,N/A,
GPU,3,N/A,N/A,N/A,N/A,N/A,N/A,N/A,
GPU,3,N/A,N/A,N/A,N/A,N/A,N/A,N/A,
GPU,3,N/A,N/A,N/A,N/A,N/A,N/A,N/A,
GPU,3,N/A,N/A,N/A,N/A,N/A,N/A,N/A,
GPU,3,N/A,N/A,N/A,N/A,N/A,N/A,N/A,
GPU,3,N/A,N/A,N/A,N/A,N/A,N/A,N/A,
GPU,3,N/A,N/A,N/A,N/A,N/A,N/A,N/A,
GPU,3,N/A,N/A,N/A,N/A,N/A,N/A,N/A,
GPU,3,N/A,N/A,N/A,N/A,N/A,N/A,N/A,
GPU,3,N/A,N/A,N/A,N/A,N/A,N/A,N/A,
GPU,3,N/A,N/A,N/A,N/A,N/A,N/A,N/A,
GPU,3,N/A,N/A,N/A,N/A,N/A,N/A,N/A,
GPU,3,N/A,N/A,N/A,N/A,N/A,N/A,N/A,
GPU,3,N/A,N/A,N/A,N/A,N/A,N/A,N/A,
GPU,3,N/A,N/A,N/A,N/A,N/A,N/A,N/A,
GPU,3,N/A,N/A,N/A,N/A,N/A,N/A,N/A,
GPU,3,N/A,N/A,N/A,N/A,N/A,N/A,N/A,
GPU,3,N/A,N/A,N/A,N/A,N/A,N/A,N/A,
GPU,3,N/A,N/A,N/A,N/A,N/A,N/A,N/A,
GPU,3,N/A,N/A,N/A,N/A,N/A,N/A,N/A,
GPU,3,N/A,N/A,N/A,N/A,N/A,N/A,N/A,
GPU,3,N/A,N/A,N/A,N/A,N/A,N/A,N/A,
GPU,3,N/A,N/A,N/A,N/A,N/A,N/A,N/A,
GPU,3,N/A,N/A,N/A,N/A,N/A,N/A,N/A,
GPU,3,N/A,N/A,N/A,N/A,N/A,N/A,N/A,
GPU,3,N/A,N/A,N/A,N/A,N/A,N/A,N/A,
GPU,3,N/A,N/A,N/A,N/A,N/A,N/A,N/A,
GPU,3,N/A,N/A,N/A,N/A,N/A,N/A,N/A,
GPU,3,N/A,N/A,N/A,N/A,N/A,N/A,N/A,
GPU,3,N/A,N/A,N/A,N/A,N/A,N/A,N/A,
GPU,3,N/A,N/A,N/A,N/A,N/A,N/A,N/A,
GPU,3,N/A,N/A,N/A,N/A,N/A,N/A,N/A,
GPU,3,N/A,N/A,N/A,N/A,N/A,N/A,N/A,
GPU,3,N/A,N/A,N/A,N/A,N/A,N/A,N/A,
GPU,3,N/A,N/A,N/A,N/A,N/A,N/A,N/A,
GPU,3,N/A,N/A,N/A,N/A,N/A,N/A,N/A,
GPU,3,N/A,N/A,N/A,N/A,N/A,N/A,N/A,
GPU,3,N/A,N/A,N/A,N/A,N/A,N/A,N/A,
GPU,3,N/A,N/A,N/A,N/A,N/A,N/A,N/A,
GPU,3,N/A,N/A,N/A,N/A,N/A,N/A,N/A,
GPU,3,N/A,N/A,N/A,N/A,N/A,N/A,N/A,
GPU,3,N/A,N/A,N/A,N/A,N/A,N/A,N/A,
GPU,3,N/A,N/A,N/A,N/A,N/A,N/A,N/A,
GPU,3,N/A,N/A,N/A,N/A,N/A,N/A,N/A,
GPU,3,N/A,N/A,N/A,N/A,N/A,N/A,N/A,
GPU,3,N/A,N/A,N/A,N/A,N/A,N/A,N/A,
GPU,3,N/A,N/A,N/A,N/A,N/A,N/A,N/A,
GPU,3,N/A,N/A,N/A,N/A,N/A,N/A,N/A,
GPU,3,N/A,N/A,N/A,N/A,N/A,N/A,N/A,
GPU,3,N/A,N/A,N/A,N/A,N/A,N/A,N/A,
GPU,3,N/A,N/A,N/A,N/A,N/A,N/A,N/A,
GPU,3,N/A,N/A,N/A,N/A,N/A,N/A,N/A,
GPU,3,N/A,N/A,N/A,N/A,N/A,N/A,N/A,
GPU,3,N/A,N/A,N/A,N/A,N/A,N/A,N/A,
GPU,3,N/A,N/A,N/A,N/A,N/A,N/A,N/A,
GPU,3,N/A,N/A,N/A,N/A,N/A,N/A,N/A,
GPU,3,N/A,N/A,N/A,N/A,N/A,N/A,N/A,
GPU,3,N/A,N/A,N/A,N/A,N/A,N/A,N/A,
GPU,3,N/A,N/A,N/A,N/A,N/A,N/A,N/A,
GPU,3,N/A,N/A,N/A,N/A,N/A,N/A,N/A,
GPU,3,N/A,N/A,N/A,N/A,N/A,N/A,N/A,
GPU,3,N/A,N/A,N/A,N/A,N/A,N/A,N/A,
GPU,3,N/A,N/A,N/A,N/A,N/A,N/A,N/A,
GPU,3,N/A,N/A,N/A,N/A,N/A,N/A,N/A,
GPU,3,N/A,N/A,N/A,N/A,N/A,N/A,N/A,
GPU,3,0.000,N/A,N/A,N/A,N/A,N/A,N/A,
GPU,3,N/A,N/A,N/A,N/A,N/A,N/A,N/A,
GPU,3,N/A,N/A,N/A,N/A,N/A,N/A,N/A,
GPU,3,N/A,N/A,N/A,N/A,N/A,N/A,N/A,
GPU,3,N/A,N/A,N/A,N/A,N/A,N/A,N/A,
GPU,3,N/A,N/A,N/A,N/A,N/A,N/A,N/A,
GPU,3,N/A,N/A,N/A,N/A,N/A,N/A,N/A,
GPU,3,N/A,N/A,N/A,N/A,N/A,N/A,N/A,
GPU,3,N/A,N/A,N/A,N/A,N/A,N/A,N/A,
GPU,3,N/A,N/A,N/A,N/A,N/A,N/A,N/A,
GPU,3,N/A,N/A,N/A,N/A,N/A,N/A,N/A,
GPU,3,N/A,N/A,N/A,N/A,N/A,N/A,N/A,
GPU,3,N/A,N/A,N/A,N/A,N/A,N/A,N/A,
GPU,3,N/A,N/A,N/A,N/A,N/A,N/A,N/A,
GPU,3,N/A,N/A,N/A,N/A,N/A,N/A,N/A,
GPU,3,N/A,N/A,N/A,N/A,N/A,N/A,N/A,
GPU,3,N/A,N/A,N/A,N/A,N/A,N/A,N/A,
GPU,3,N/A,N/A,N/A,N/A,N/A,N/A,N/A,
GPU,3,N/A,N/A,N/A,N/A,N/A,N/A,N/A,
GPU,3,N/A,N/A,N/A,N/A,N/A,N/A,N/A,
GPU,3,N/A,N/A,N/A,N/A,N/A,N/A,N/A,
GPU,3,N/A,N/A,N/A,N/A,N/A,N/A,N/A,
GPU,3,N/A,N/A,N/A,N/A,N/A,N/A,N/A,
GPU,3,N/A,N/A,N/A,N/A,N/A,N/A,N/A,
GPU,3,N/A,N/A,N/A,N/A,N/A,N/A,N/A,
GPU,3,N/A,N/A,N/A,N/A,N/A,N/A,N/A,
GPU,3,N/A,N/A,N/A,N/A,N/A,N/A,N/A,
GPU,3,N/A,N/A,N/A,N/A,N/A,N/A,N/A,
GPU,3,N/A,N/A,N/A,N/A,N/A,N/A,N/A,
GPU,3,N/A,N/A,N/A,N/A,N/A,N/A,N/A,
GPU,3,N/A,N/A,N/A,N/A,N/A,N/A,N/A,
GPU,3,N/A,N/A,N/A,N/A,N/A,N/A,N/A,
GPU,3,N/A,N/A,N/A,N/A,N/A,N/A,N/A,
GPU,3,N/A,N/A,N/A,N/A,N/A,N/A,N/A,
GPU,3,N/A,N/A,N/A,N/A,N/A,N/A,N/A,
GPU,3,N/A,N/A,N/A,N/A,N/A,N/A,N/A,
GPU,3,N/A,N/A,N/A,N/A,N/A,N/A,N/A,
GPU,3,N/A,N/A,N/A,N/A,N/A,N/A,N/A,
GPU,3,N/A,N/A,N/A,N/A,N/A,N/A,N/A,
GPU,3,N/A,N/A,N/A,N/A,N/A,N/A,N/A,
GPU,3,N/A,N/A,N/A,N/A,N/A,N/A,N/A,
GPU,3,N/A,N/A,N/A,N/A,N/A,N/A,N/A,
GPU,3,N/A,N/A,N/A,N/A,N/A,N/A,N/A,
GPU,3,N/A,N/A,N/A,N/A,N/A,N/A,N/A,
GPU,3,N/A,N/A,N/A,N/A,N/A,N/A,N/A,
GPU,3,N/A,N/A,N/A,N/A,N/A,N/A,N/A,
GPU,3,N/A,N/A,N/A,N/A,N/A,N/A,N/A,
GPU,3,N/A,N/A,N/A,N/A,N/A,N/A,N/A,
GPU,3,N/A,N/A,N/A,N/A,N/A,N/A,N/A,
GPU,3,N/A,N/A,N/A,N/A,N/A,N/A,N/A,
GPU,3,N/A,N/A,N/A,N/A,N/A,N/A,N/A,
GPU,3,N/A,N/A,N/A,N/A,N/A,N/A,N/A,
GPU,3,N/A,N/A,N/A,N/A,N/A,N/A,N/A,
GPU,3,N/A,N/A,N/A,N/A,N/A,N/A,N/A,
GPU,3,N/A,N/A,N/A,N/A,N/A,N/A,N/A,
GPU,3,N/A,N/A,N/A,N/A,N/A,N/A,N/A,
GPU,3,N/A,N/A,N/A,N/A,N/A,N/A,N/A,
GPU,3,N/A,N/A,N/A,N/A,N/A,N/A,N/A,
GPU,3,N/A,N/A,N/A,N/A,N/A,N/A,N/A,
GPU,3,N/A,N/A,N/A,N/A,N/A,N/A,N/A,
GPU,3,N/A,N/A,N/A,N/A,N/A,N/A,N/A,
GPU,3,N/A,N/A,N/A,N/A,N/A,N/A,N/A,
GPU,3,N/A,N/A,N/A,N/A,N/A,N/A,N/A,
GPU,3,N/A,N/A,N/A,N/A,N/A,N/A,N/A,
GPU,3,N/A,N/A,N/A,N/A,N/A,N/A,N/A,
GPU,3,N/A,N/A,N/A,N/A,N/A,N/A,N/A,
GPU,3,N/A,N/A,N/A,N/A,N/A,N/A,N/A,
GPU,3,N/A,N/A,N/A,N/A,N/A,N/A,N/A,
GPU,3,N/A,N/A,N/A,N/A,N/A,N/A,N/A,
GPU,3,N/A,N/A,N/A,N/A,N/A,N/A,N/A,
GPU,3,N/A,N/A,N/A,N/A,N/A,N/A,N/A,
GPU,3,N/A,N/A,N/A,N/A,N/A,N/A,N/A,
GPU,3,N/A,N/A,N/A,N/A,N/A,N/A,N/A,
GPU,3,N/A,N/A,N/A,N/A,N/A,N/A,N/A,
GPU,3,N/A,N/A,N/A,N/A,N/A,N/A,N/A,
GPU,3,N/A,N/A,N/A,N/A,N/A,N/A,N/A,
GPU,3,N/A,N/A,N/A,N/A,N/A,N/A,N/A,
GPU,3,N/A,N/A,N/A,N/A,N/A,N/A,N/A,
GPU,3,N/A,N/A,N/A,N/A,N/A,N/A,N/A,
GPU,3,N/A,N/A,N/A,N/A,N/A,N/A,N/A,
GPU,3,0.000,N/A,N/A,N/A,N/A,N/A,N/A,
GPU,3,N/A,N/A,N/A,N/A,N/A,N/A,N/A,
GPU,3,N/A,N/A,N/A,N/A,N/A,N/A,N/A,
GPU,3,N/A,N/A,N/A,N/A,N/A,N/A,N/A,
GPU,3,N/A,N/A,N/A,N/A,N/A,N/A,N/A,
GPU,3,N/A,N/A,N/A,N/A,N/A,N/A,N/A,
GPU,3,N/A,N/A,N/A,N/A,N/A,N/A,N/A,
GPU,3,N/A,N/A,N/A,N/A,N/A,N/A,N/A,
GPU,3,N/A,N/A,N/A,N/A,N/A,N/A,N/A,
GPU,3,N/A,N/A,N/A,N/A,N/A,N/A,N/A,
GPU,3,N/A,N/A,N/A,N/A,N/A,N/A,N/A,
GPU,3,N/A,N/A,N/A,N/A,N/A,N/A,N/A,
GPU,3,N/A,N/A,N/A,N/A,N/A,N/A,N/A,
GPU,3,N/A,N/A,N/A,N/A,N/A,N/A,N/A,
GPU,3,N/A,N/A,N/A,N/A,N/A,N/A,N/A,
GPU,3,N/A,N/A,N/A,N/A,N/A,N/A,N/A,
GPU,3,N/A,N/A,N/A,N/A,N/A,N/A,N/A,
GPU,3,N/A,N/A,N/A,N/A,N/A,N/A,N/A,
GPU,3,N/A,N/A,N/A,N/A,N/A,N/A,N/A,
GPU,3,N/A,N/A,N/A,N/A,N/A,N/A,N/A,
GPU,3,N/A,N/A,N/A,N/A,N/A,N/A,N/A,
GPU,3,N/A,N/A,N/A,N/A,N/A,N/A,N/A,
GPU,3,N/A,N/A,N/A,N/A,N/A,N/A,N/A,
GPU,3,N/A,N/A,N/A,N/A,N/A,N/A,N/A,
GPU,3,N/A,N/A,N/A,N/A,N/A,N/A,N/A,
GPU,3,N/A,N/A,N/A,N/A,N/A,N/A,N/A,
GPU,3,N/A,N/A,N/A,N/A,N/A,N/A,N/A,
GPU,3,N/A,N/A,N/A,N/A,N/A,N/A,N/A,
GPU,3,N/A,N/A,N/A,N/A,N/A,N/A,N/A,
GPU,3,N/A,N/A,N/A,N/A,N/A,N/A,N/A,
GPU,3,N/A,N/A,N/A,N/A,N/A,N/A,N/A,
GPU,3,N/A,N/A,N/A,N/A,N/A,N/A,N/A,
GPU,3,N/A,N/A,N/A,N/A,N/A,N/A,N/A,
GPU,3,N/A,N/A,N/A,N/A,N/A,N/A,N/A,
GPU,3,N/A,N/A,N/A,N/A,N/A,N/A,N/A,
GPU,3,N/A,N/A,N/A,N/A,N/A,N/A,N/A,
GPU,3,N/A,N/A,N/A,N/A,N/A,N/A,N/A,
GPU,3,N/A,N/A,N/A,N/A,N/A,N/A,N/A,
GPU,3,N/A,N/A,N/A,N/A,N/A,N/A,N/A,
GPU,3,N/A,N/A,N/A,N/A,N/A,N/A,N/A,
GPU,3,N/A,N/A,N/A,N/A,N/A,N/A,N/A,
GPU,3,N/A,N/A,N/A,N/A,N/A,N/A,N/A,
GPU,3,N/A,N/A,N/A,N/A,N/A,N/A,N/A,
GPU,3,N/A,N/A,N/A,N/A,N/A,N/A,N/A,
GPU,3,N/A,N/A,N/A,N/A,N/A,N/A,N/A,
GPU,3,N/A,N/A,N/A,N/A,N/A,N/A,N/A,
GPU,3,N/A,N/A,N/A,N/A,N/A,N/A,N/A,
GPU,3,N/A,N/A,N/A,N/A,N/A,N/A,N/A,
GPU,3,N/A,N/A,N/A,N/A,N/A,N/A,N/A,
GPU,3,N/A,N/A,N/A,N/A,N/A,N/A,N/A,
GPU,3,N/A,N/A,N/A,N/A,N/A,N/A,N/A,
GPU,3,N/A,N/A,N/A,N/A,N/A,N/A,N/A,
GPU,3,N/A,N/A,N/A,N/A,N/A,N/A,N/A,
GPU,3,N/A,N/A,N/A,N/A,N/A,N/A,N/A,
GPU,3,N/A,N/A,N/A,N/A,N/A,N/A,N/A,
GPU,3,N/A,N/A,N/A,N/A,N/A,N/A,N/A,
GPU,3,N/A,N/A,N/A,N/A,N/A,N/A,N/A,
GPU,3,N/A,N/A,N/A,N/A,N/A,N/A,N/A,
GPU,3,N/A,N/A,N/A,N/A,N/A,N/A,N/A,
GPU,3,N/A,N/A,N/A,N/A,N/A,N/A,N/A,
GPU,3,N/A,N/A,N/A,N/A,N/A,N/A,N/A,
GPU,3,N/A,N/A,N/A,N/A,N/A,N/A,N/A,
GPU,3,N/A,N/A,N/A,N/A,N/A,N/A,N/A,
GPU,3,N/A,N/A,N/A,N/A,N/A,N/A,N/A,
GPU,3,N/A,N/A,N/A,N/A,N/A,N/A,N/A,
GPU,3,N/A,N/A,N/A,N/A,N/A,N/A,N/A,
GPU,3,N/A,N/A,N/A,N/A,N/A,N/A,N/A,
GPU,3,N/A,N/A,N/A,N/A,N/A,N/A,N/A,
GPU,3,N/A,N/A,N/A,N/A,N/A,N/A,N/A,
GPU,3,N/A,N/A,N/A,N/A,N/A,N/A,N/A,
GPU,3,N/A,N/A,N/A,N/A,N/A,N/A,N/A,
GPU,3,N/A,N/A,N/A,N/A,N/A,N/A,N/A,
GPU,3,N/A,N/A,N/A,N/A,N/A,N/A,N/A,
GPU,3,N/A,N/A,N/A,N/A,N/A,N/A,N/A,
GPU,3,N/A,N/A,N/A,N/A,N/A,N/A,N/A,
GPU,3,N/A,N/A,N/A,N/A,N/A,N/A,N/A,
GPU,3,N/A,N/A,N/A,N/A,N/A,N/A,N/A,
GPU,3,N/A,N/A,N/A,N/A,N/A,N/A,N/A,
GPU,3,N/A,N/A,N/A,N/A,N/A,N/A,N/A,
GPU,3,0.000,N/A,N/A,N/A,N/A,N/A,N/A,
GPU,3,N/A,0.000,0.000,521238,15637,0,0,
GPU,3,N/A,N/A,N/A,N/A,N/A,N/A,N/A,
GPU,3,N/A,N/A,N/A,N/A,N/A,N/A,N/A,
GPU,3,N/A,N/A,N/A,N/A,N/A,N/A,N/A,
GPU,3,N/A,N/A,N/A,N/A,N/A,N/A,N/A,
GPU,3,N/A,N/A,N/A,N/A,N/A,N/A,N/A,
GPU,3,N/A,N/A,N/A,N/A,N/A,N/A,N/A,
GPU,3,N/A,N/A,N/A,N/A,N/A,N/A,N/A,
GPU,3,N/A,N/A,N/A,N/A,N/A,N/A,N/A,
GPU,3,N/A,N/A,N/A,N/A,N/A,N/A,N/A,
GPU,3,N/A,N/A,N/A,N/A,N/A,N/A,N/A,
GPU,3,N/A,N/A,N/A,N/A,N/A,N/A,N/A,
GPU,3,N/A,N/A,N/A,N/A,N/A,N/A,N/A,
GPU,3,N/A,N/A,N/A,N/A,N/A,N/A,N/A,
GPU,3,N/A,N/A,N/A,N/A,N/A,N/A,N/A,
GPU,3,N/A,N/A,N/A,N/A,N/A,N/A,N/A,
GPU,3,N/A,N/A,N/A,N/A,N/A,N/A,N/A,
GPU,3,N/A,N/A,N/A,N/A,N/A,N/A,N/A,
GPU,3,N/A,N/A,N/A,N/A,N/A,N/A,N/A,
GPU,3,N/A,N/A,N/A,N/A,N/A,N/A,N/A,
GPU,3,N/A,N/A,N/A,N/A,N/A,N/A,N/A,
GPU,3,N/A,N/A,N/A,N/A,N/A,N/A,N/A,
GPU,3,N/A,N/A,N/A,N/A,N/A,N/A,N/A,
GPU,3,N/A,N/A,N/A,N/A,N/A,N/A,N/A,
GPU,3,N/A,N/A,N/A,N/A,N/A,N/A,N/A,
GPU,3,N/A,N/A,N/A,N/A,N/A,N/A,N/A,
GPU,3,N/A,N/A,N/A,N/A,N/A,N/A,N/A,
GPU,3,N/A,N/A,N/A,N/A,N/A,N/A,N/A,
GPU,3,N/A,N/A,N/A,N/A,N/A,N/A,N/A,
GPU,3,N/A,N/A,N/A,N/A,N/A,N/A,N/A,
GPU,3,N/A,N/A,N/A,N/A,N/A,N/A,N/A,
GPU,3,N/A,N/A,N/A,N/A,N/A,N/A,N/A,
GPU,3,N/A,N/A,N/A,N/A,N/A,N/A,N/A,
GPU,3,N/A,N/A,N/A,N/A,N/A,N/A,N/A,
GPU,3,N/A,N/A,N/A,N/A,N/A,N/A,N/A,
GPU,3,N/A,N/A,N/A,N/A,N/A,N/A,N/A,
GPU,3,N/A,N/A,N/A,N/A,N/A,N/A,N/A,
GPU,3,N/A,N/A,N/A,N/A,N/A,N/A,N/A,
GPU,3,N/A,N/A,N/A,N/A,N/A,N/A,N/A,
GPU,3,N/A,N/A,N/A,N/A,N/A,N/A,N/A,
GPU,3,N/A,N/A,N/A,N/A,N/A,N/A,N/A,
GPU,3,N/A,N/A,N/A,N/A,N/A,N/A,N/A,
GPU,3,N/A,N/A,N/A,N/A,N/A,N/A,N/A,
GPU,3,N/A,N/A,N/A,N/A,N/A,N/A,N/A,
GPU,3,N/A,N/A,N/A,N/A,N/A,N/A,N/A,
GPU,3,N/A,N/A,N/A,N/A,N/A,N/A,N/A,
GPU,3,N/A,N/A,N/A,N/A,N/A,N/A,N/A,
GPU,3,N/A,N/A,N/A,N/A,N/A,N/A,N/A,
GPU,3,N/A,N/A,N/A,N/A,N/A,N/A,N/A,
GPU,3,N/A,N/A,N/A,N/A,N/A,N/A,N/A,
GPU,3,N/A,N/A,N/A,N/A,N/A,N/A,N/A,
GPU,3,N/A,N/A,N/A,N/A,N/A,N/A,N/A,
GPU,3,N/A,N/A,N/A,N/A,N/A,N/A,N/A,
GPU,3,N/A,N/A,N/A,N/A,N/A,N/A,N/A,
GPU,3,N/A,N/A,N/A,N/A,N/A,N/A,N/A,
GPU,3,N/A,N/A,N/A,N/A,N/A,N/A,N/A,
GPU,3,N/A,N/A,N/A,N/A,N/A,N/A,N/A,
GPU,3,N/A,N/A,N/A,N/A,N/A,N/A,N/A,
GPU,3,N/A,N/A,N/A,N/A,N/A,N/A,N/A,
GPU,3,N/A,N/A,N/A,N/A,N/A,N/A,N/A,
GPU,3,N/A,N/A,N/A,N/A,N/A,N/A,N/A,
GPU,3,N/A,N/A,N/A,N/A,N/A,N/A,N/A,
GPU,3,N/A,N/A,N/A,N/A,N/A,N/A,N/A,
GPU,3,N/A,N/A,N/A,N/A,N/A,N/A,N/A,
GPU,3,N/A,N/A,N/A,N/A,N/A,N/A,N/A,
GPU,3,N/A,N/A,N/A,N/A,N/A,N/A,N/A,
GPU,3,N/A,N/A,N/A,N/A,N/A,N/A,N/A,
GPU,3,N/A,N/A,N/A,N/A,N/A,N/A,N/A,
GPU,3,N/A,N/A,N/A,N/A,N/A,N/A,N/A,
GPU,3,N/A,N/A,N/A,N/A,N/A,N/A,N/A,
GPU,3,N/A,N/A,N/A,N/A,N/A,N/A,N/A,
GPU,3,N/A,N/A,N/A,N/A,N/A,N/A,N/A,
GPU,3,N/A,N/A,N/A,N/A,N/A,N/A,N/A,
GPU,3,N/A,N/A,N/A,N/A,N/A,N/A,N/A,
GPU,3,N/A,N/A,N/A,N/A,N/A,N/A,N/A,
GPU,3,N/A,N/A,N/A,N/A,N/A,N/A,N/A,
GPU,3,N/A,N/A,N/A,N/A,N/A,N/A,N/A,
GPU,3,N/A,N/A,N/A,N/A,N/A,N/A,N/A,
GPU,3,N/A,N/A,N/A,N/A,N/A,N/A,N/A,
GPU,3,0.000,0.000,0.000,521205,15636,0,0,
GPU,3,N/A,N/A,N/A,N/A,N/A,N/A,N/A,
GPU,3,N/A,N/A,N/A,N/A,N/A,N/A,N/A,
GPU,3,N/A,N/A,N/A,N/A,N/A,N/A,N/A,
GPU,3,N/A,N/A,N/A,N/A,N/A,N/A,N/A,
GPU,3,N/A,N/A,N/A,N/A,N/A,N/A,N/A,
GPU,3,N/A,N/A,N/A,N/A,N/A,N/A,N/A,
GPU,3,N/A,N/A,N/A,N/A,N/A,N/A,N/A,
GPU,3,N/A,N/A,N/A,N/A,N/A,N/A,N/A,
GPU,3,N/A,N/A,N/A,N/A,N/A,N/A,N/A,
GPU,3,N/A,N/A,N/A,N/A,N/A,N/A,N/A,
GPU,3,N/A,N/A,N/A,N/A,N/A,N/A,N/A,
GPU,3,N/A,N/A,N/A,N/A,N/A,N/A,N/A,
GPU,3,N/A,N/A,N/A,N/A,N/A,N/A,N/A,
GPU,3,N/A,N/A,N/A,N/A,N/A,N/A,N/A,
GPU,3,N/A,N/A,N/A,N/A,N/A,N/A,N/A,
GPU,3,N/A,N/A,N/A,N/A,N/A,N/A,N/A,
GPU,3,N/A,N/A,N/A,N/A,N/A,N/A,N/A,
GPU,3,N/A,N/A,N/A,N/A,N/A,N/A,N/A,
GPU,3,N/A,N/A,N/A,N/A,N/A,N/A,N/A,
GPU,3,N/A,N/A,N/A,N/A,N/A,N/A,N/A,
GPU,3,N/A,N/A,N/A,N/A,N/A,N/A,N/A,
GPU,3,N/A,N/A,N/A,N/A,N/A,N/A,N/A,
GPU,3,N/A,N/A,N/A,N/A,N/A,N/A,N/A,
GPU,3,N/A,N/A,N/A,N/A,N/A,N/A,N/A,
GPU,3,N/A,N/A,N/A,N/A,N/A,N/A,N/A,
GPU,3,N/A,N/A,N/A,N/A,N/A,N/A,N/A,
GPU,3,N/A,N/A,N/A,N/A,N/A,N/A,N/A,
GPU,3,N/A,N/A,N/A,N/A,N/A,N/A,N/A,
GPU,3,N/A,N/A,N/A,N/A,N/A,N/A,N/A,
GPU,3,N/A,N/A,N/A,N/A,N/A,N/A,N/A,
GPU,3,N/A,N/A,N/A,N/A,N/A,N/A,N/A,
GPU,3,N/A,N/A,N/A,N/A,N/A,N/A,N/A,
GPU,3,N/A,N/A,N/A,N/A,N/A,N/A,N/A,
GPU,3,N/A,N/A,N/A,N/A,N/A,N/A,N/A,
GPU,3,N/A,N/A,N/A,N/A,N/A,N/A,N/A,
GPU,3,N/A,N/A,N/A,N/A,N/A,N/A,N/A,
GPU,3,N/A,N/A,N/A,N/A,N/A,N/A,N/A,
GPU,3,N/A,N/A,N/A,N/A,N/A,N/A,N/A,
GPU,3,N/A,N/A,N/A,N/A,N/A,N/A,N/A,
GPU,3,N/A,N/A,N/A,N/A,N/A,N/A,N/A,
GPU,3,N/A,N/A,N/A,N/A,N/A,N/A,N/A,
GPU,3,N/A,N/A,N/A,N/A,N/A,N/A,N/A,
GPU,3,N/A,N/A,N/A,N/A,N/A,N/A,N/A,
GPU,3,N/A,N/A,N/A,N/A,N/A,N/A,N/A,
GPU,3,N/A,N/A,N/A,N/A,N/A,N/A,N/A,
GPU,3,N/A,N/A,N/A,N/A,N/A,N/A,N/A,
GPU,3,N/A,N/A,N/A,N/A,N/A,N/A,N/A,
GPU,3,N/A,N/A,N/A,N/A,N/A,N/A,N/A,
GPU,3,N/A,N/A,N/A,N/A,N/A,N/A,N/A,
GPU,3,N/A,N/A,N/A,N/A,N/A,N/A,N/A,
GPU,3,N/A,N/A,N/A,N/A,N/A,N/A,N/A,
GPU,3,N/A,N/A,N/A,N/A,N/A,N/A,N/A,
GPU,3,N/A,N/A,N/A,N/A,N/A,N/A,N/A,
GPU,3,N/A,N/A,N/A,N/A,N/A,N/A,N/A,
GPU,3,N/A,N/A,N/A,N/A,N/A,N/A,N/A,
GPU,3,N/A,N/A,N/A,N/A,N/A,N/A,N/A,
GPU,3,N/A,N/A,N/A,N/A,N/A,N/A,N/A,
GPU,3,N/A,N/A,N/A,N/A,N/A,N/A,N/A,
GPU,3,N/A,N/A,N/A,N/A,N/A,N/A,N/A,
GPU,3,N/A,N/A,N/A,N/A,N/A,N/A,N/A,
GPU,3,N/A,N/A,N/A,N/A,N/A,N/A,N/A,
GPU,3,N/A,N/A,N/A,N/A,N/A,N/A,N/A,
GPU,3,N/A,N/A,N/A,N/A,N/A,N/A,N/A,
GPU,3,N/A,N/A,N/A,N/A,N/A,N/A,N/A,
GPU,3,N/A,N/A,N/A,N/A,N/A,N/A,N/A,
GPU,3,N/A,N/A,N/A,N/A,N/A,N/A,N/A,
GPU,3,N/A,N/A,N/A,N/A,N/A,N/A,N/A,
GPU,3,N/A,N/A,N/A,N/A,N/A,N/A,N/A,
GPU,3,N/A,N/A,N/A,N/A,N/A,N/A,N/A,
GPU,3,N/A,N/A,N/A,N/A,N/A,N/A,N/A,
GPU,3,N/A,N/A,N/A,N/A,N/A,N/A,N/A,
GPU,3,N/A,N/A,N/A,N/A,N/A,N/A,N/A,
GPU,3,N/A,N/A,N/A,N/A,N/A,N/A,N/A,
GPU,3,N/A,N/A,N/A,N/A,N/A,N/A,N/A,
GPU,3,N/A,N/A,N/A,N/A,N/A,N/A,N/A,
GPU,3,N/A,N/A,N/A,N/A,N/A,N/A,N/A,
GPU,3,N/A,N/A,N/A,N/A,N/A,N/A,N/A,
GPU,3,N/A,N/A,N/A,N/A,N/A,N/A,N/A,
GPU,3,0.000,0.000,0.000,521206,15636,0,0,
GPU,3,N/A,N/A,N/A,N/A,N/A,N/A,N/A,
GPU,3,N/A,N/A,N/A,N/A,N/A,N/A,N/A,
GPU,3,N/A,N/A,N/A,N/A,N/A,N/A,N/A,
GPU,3,N/A,N/A,N/A,N/A,N/A,N/A,N/A,
GPU,3,N/A,N/A,N/A,N/A,N/A,N/A,N/A,
GPU,3,N/A,N/A,N/A,N/A,N/A,N/A,N/A,
GPU,3,N/A,N/A,N/A,N/A,N/A,N/A,N/A,
GPU,3,N/A,N/A,N/A,N/A,N/A,N/A,N/A,
GPU,3,N/A,N/A,N/A,N/A,N/A,N/A,N/A,
GPU,3,N/A,N/A,N/A,N/A,N/A,N/A,N/A,
GPU,3,N/A,N/A,N/A,N/A,N/A,N/A,N/A,
GPU,3,N/A,N/A,N/A,N/A,N/A,N/A,N/A,
GPU,3,N/A,N/A,N/A,N/A,N/A,N/A,N/A,
GPU,3,N/A,N/A,N/A,N/A,N/A,N/A,N/A,
GPU,3,N/A,N/A,N/A,N/A,N/A,N/A,N/A,
GPU,3,N/A,N/A,N/A,N/A,N/A,N/A,N/A,
GPU,3,N/A,N/A,N/A,N/A,N/A,N/A,N/A,
GPU,3,N/A,N/A,N/A,N/A,N/A,N/A,N/A,
GPU,3,N/A,N/A,N/A,N/A,N/A,N/A,N/A,
GPU,3,N/A,N/A,N/A,N/A,N/A,N/A,N/A,
GPU,3,N/A,N/A,N/A,N/A,N/A,N/A,N/A,
GPU,3,N/A,N/A,N/A,N/A,N/A,N/A,N/A,
GPU,3,N/A,N/A,N/A,N/A,N/A,N/A,N/A,
GPU,3,N/A,N/A,N/A,N/A,N/A,N/A,N/A,
GPU,3,N/A,N/A,N/A,N/A,N/A,N/A,N/A,
GPU,3,N/A,N/A,N/A,N/A,N/A,N/A,N/A,
GPU,3,N/A,N/A,N/A,N/A,N/A,N/A,N/A,
GPU,3,N/A,N/A,N/A,N/A,N/A,N/A,N/A,
GPU,3,N/A,N/A,N/A,N/A,N/A,N/A,N/A,
GPU,3,N/A,N/A,N/A,N/A,N/A,N/A,N/A,
GPU,3,N/A,N/A,N/A,N/A,N/A,N/A,N/A,
GPU,3,N/A,N/A,N/A,N/A,N/A,N/A,N/A,
GPU,3,N/A,N/A,N/A,N/A,N/A,N/A,N/A,
GPU,3,N/A,N/A,N/A,N/A,N/A,N/A,N/A,
GPU,3,N/A,N/A,N/A,N/A,N/A,N/A,N/A,
GPU,3,N/A,N/A,N/A,N/A,N/A,N/A,N/A,
GPU,3,N/A,N/A,N/A,N/A,N/A,N/A,N/A,
GPU,3,N/A,N/A,N/A,N/A,N/A,N/A,N/A,
GPU,3,N/A,N/A,N/A,N/A,N/A,N/A,N/A,
GPU,3,N/A,N/A,N/A,N/A,N/A,N/A,N/A,
GPU,3,N/A,N/A,N/A,N/A,N/A,N/A,N/A,
GPU,3,N/A,N/A,N/A,N/A,N/A,N/A,N/A,
GPU,3,N/A,N/A,N/A,N/A,N/A,N/A,N/A,
GPU,3,N/A,N/A,N/A,N/A,N/A,N/A,N/A,
GPU,3,N/A,N/A,N/A,N/A,N/A,N/A,N/A,
GPU,3,N/A,N/A,N/A,N/A,N/A,N/A,N/A,
GPU,3,N/A,N/A,N/A,N/A,N/A,N/A,N/A,
GPU,3,N/A,N/A,N/A,N/A,N/A,N/A,N/A,
GPU,3,N/A,N/A,N/A,N/A,N/A,N/A,N/A,
GPU,3,N/A,N/A,N/A,N/A,N/A,N/A,N/A,
GPU,3,N/A,N/A,N/A,N/A,N/A,N/A,N/A,
GPU,3,N/A,N/A,N/A,N/A,N/A,N/A,N/A,
GPU,3,N/A,N/A,N/A,N/A,N/A,N/A,N/A,
GPU,3,N/A,N/A,N/A,N/A,N/A,N/A,N/A,
GPU,3,N/A,N/A,N/A,N/A,N/A,N/A,N/A,
GPU,3,N/A,N/A,N/A,N/A,N/A,N/A,N/A,
GPU,3,N/A,N/A,N/A,N/A,N/A,N/A,N/A,
GPU,3,N/A,N/A,N/A,N/A,N/A,N/A,N/A,
GPU,3,N/A,N/A,N/A,N/A,N/A,N/A,N/A,
GPU,3,N/A,N/A,N/A,N/A,N/A,N/A,N/A,
GPU,3,N/A,N/A,N/A,N/A,N/A,N/A,N/A,
GPU,3,N/A,N/A,N/A,N/A,N/A,N/A,N/A,
GPU,3,N/A,N/A,N/A,N/A,N/A,N/A,N/A,
GPU,3,N/A,N/A,N/A,N/A,N/A,N/A,N/A,
GPU,3,N/A,N/A,N/A,N/A,N/A,N/A,N/A,
GPU,3,N/A,N/A,N/A,N/A,N/A,N/A,N/A,
GPU,3,N/A,N/A,N/A,N/A,N/A,N/A,N/A,
GPU,3,N/A,N/A,N/A,N/A,N/A,N/A,N/A,
GPU,3,N/A,N/A,N/A,N/A,N/A,N/A,N/A,
GPU,3,N/A,N/A,N/A,N/A,N/A,N/A,N/A,
GPU,3,N/A,N/A,N/A,N/A,N/A,N/A,N/A,
GPU,3,N/A,N/A,N/A,N/A,N/A,N/A,N/A,
GPU,3,N/A,N/A,N/A,N/A,N/A,N/A,N/A,
GPU,3,N/A,N/A,N/A,N/A,N/A,N/A,N/A,
GPU,3,N/A,N/A,N/A,N/A,N/A,N/A,N/A,
GPU,3,N/A,N/A,N/A,N/A,N/A,N/A,N/A,
GPU,3,N/A,N/A,N/A,N/A,N/A,N/A,N/A,
GPU,3,N/A,N/A,N/A,N/A,N/A,N/A,N/A,
GPU,3,N/A,N/A,N/A,N/A,N/A,N/A,N/A,
GPU,3,0.000,0.000,0.000,526376,10423,0,0,
GPU,3,N/A,N/A,N/A,N/A,N/A,N/A,N/A,
GPU,3,N/A,N/A,N/A,N/A,N/A,N/A,N/A,
GPU,3,N/A,N/A,N/A,N/A,N/A,N/A,N/A,
GPU,3,N/A,N/A,N/A,N/A,N/A,N/A,N/A,
GPU,3,N/A,N/A,N/A,N/A,N/A,N/A,N/A,
GPU,3,N/A,N/A,N/A,N/A,N/A,N/A,N/A,
GPU,3,N/A,N/A,N/A,N/A,N/A,N/A,N/A,
GPU,3,N/A,N/A,N/A,N/A,N/A,N/A,N/A,
GPU,3,N/A,N/A,N/A,N/A,N/A,N/A,N/A,
GPU,3,N/A,N/A,N/A,N/A,N/A,N/A,N/A,
GPU,3,N/A,N/A,N/A,N/A,N/A,N/A,N/A,
GPU,3,N/A,N/A,N/A,N/A,N/A,N/A,N/A,
GPU,3,N/A,N/A,N/A,N/A,N/A,N/A,N/A,
GPU,3,N/A,N/A,N/A,N/A,N/A,N/A,N/A,
GPU,3,N/A,N/A,N/A,N/A,N/A,N/A,N/A,
GPU,3,N/A,N/A,N/A,N/A,N/A,N/A,N/A,
GPU,3,N/A,N/A,N/A,N/A,N/A,N/A,N/A,
GPU,3,N/A,N/A,N/A,N/A,N/A,N/A,N/A,
GPU,3,N/A,N/A,N/A,N/A,N/A,N/A,N/A,
GPU,3,N/A,N/A,N/A,N/A,N/A,N/A,N/A,
GPU,3,N/A,N/A,N/A,N/A,N/A,N/A,N/A,
GPU,3,N/A,N/A,N/A,N/A,N/A,N/A,N/A,
GPU,3,N/A,N/A,N/A,N/A,N/A,N/A,N/A,
GPU,3,N/A,N/A,N/A,N/A,N/A,N/A,N/A,
GPU,3,N/A,N/A,N/A,N/A,N/A,N/A,N/A,
GPU,3,N/A,N/A,N/A,N/A,N/A,N/A,N/A,
GPU,3,N/A,N/A,N/A,N/A,N/A,N/A,N/A,
GPU,3,N/A,N/A,N/A,N/A,N/A,N/A,N/A,
GPU,3,N/A,N/A,N/A,N/A,N/A,N/A,N/A,
GPU,3,N/A,N/A,N/A,N/A,N/A,N/A,N/A,
GPU,3,N/A,N/A,N/A,N/A,N/A,N/A,N/A,
GPU,3,N/A,N/A,N/A,N/A,N/A,N/A,N/A,
GPU,3,N/A,N/A,N/A,N/A,N/A,N/A,N/A,
GPU,3,N/A,N/A,N/A,N/A,N/A,N/A,N/A,
GPU,3,N/A,N/A,N/A,N/A,N/A,N/A,N/A,
GPU,3,N/A,N/A,N/A,N/A,N/A,N/A,N/A,
GPU,3,N/A,N/A,N/A,N/A,N/A,N/A,N/A,
GPU,3,N/A,N/A,N/A,N/A,N/A,N/A,N/A,
GPU,3,N/A,N/A,N/A,N/A,N/A,N/A,N/A,
GPU,3,N/A,N/A,N/A,N/A,N/A,N/A,N/A,
GPU,3,N/A,N/A,N/A,N/A,N/A,N/A,N/A,
GPU,3,N/A,N/A,N/A,N/A,N/A,N/A,N/A,
GPU,3,N/A,N/A,N/A,N/A,N/A,N/A,N/A,
GPU,3,N/A,N/A,N/A,N/A,N/A,N/A,N/A,
GPU,3,N/A,N/A,N/A,N/A,N/A,N/A,N/A,
GPU,3,N/A,N/A,N/A,N/A,N/A,N/A,N/A,
GPU,3,N/A,N/A,N/A,N/A,N/A,N/A,N/A,
GPU,3,N/A,N/A,N/A,N/A,N/A,N/A,N/A,
GPU,3,N/A,N/A,N/A,N/A,N/A,N/A,N/A,
GPU,3,N/A,N/A,N/A,N/A,N/A,N/A,N/A,
GPU,3,N/A,N/A,N/A,N/A,N/A,N/A,N/A,
GPU,3,N/A,N/A,N/A,N/A,N/A,N/A,N/A,
GPU,3,N/A,N/A,N/A,N/A,N/A,N/A,N/A,
GPU,3,N/A,N/A,N/A,N/A,N/A,N/A,N/A,
GPU,3,N/A,N/A,N/A,N/A,N/A,N/A,N/A,
GPU,3,N/A,N/A,N/A,N/A,N/A,N/A,N/A,
GPU,3,N/A,N/A,N/A,N/A,N/A,N/A,N/A,
GPU,3,N/A,N/A,N/A,N/A,N/A,N/A,N/A,
GPU,3,N/A,N/A,N/A,N/A,N/A,N/A,N/A,
GPU,3,N/A,N/A,N/A,N/A,N/A,N/A,N/A,
GPU,3,N/A,N/A,N/A,N/A,N/A,N/A,N/A,
GPU,3,N/A,N/A,N/A,N/A,N/A,N/A,N/A,
GPU,3,N/A,N/A,N/A,N/A,N/A,N/A,N/A,
GPU,3,N/A,N/A,N/A,N/A,N/A,N/A,N/A,
GPU,3,N/A,N/A,N/A,N/A,N/A,N/A,N/A,
GPU,3,N/A,N/A,N/A,N/A,N/A,N/A,N/A,
GPU,3,N/A,N/A,N/A,N/A,N/A,N/A,N/A,
GPU,3,N/A,N/A,N/A,N/A,N/A,N/A,N/A,
GPU,3,N/A,N/A,N/A,N/A,N/A,N/A,N/A,
GPU,3,N/A,N/A,N/A,N/A,N/A,N/A,N/A,
GPU,3,N/A,N/A,N/A,N/A,N/A,N/A,N/A,
GPU,3,N/A,N/A,N/A,N/A,N/A,N/A,N/A,
GPU,3,N/A,N/A,N/A,N/A,N/A,N/A,N/A,
GPU,3,N/A,N/A,N/A,N/A,N/A,N/A,N/A,
GPU,3,N/A,N/A,N/A,N/A,N/A,N/A,N/A,
GPU,3,N/A,N/A,N/A,N/A,N/A,N/A,N/A,
GPU,3,N/A,N/A,N/A,N/A,N/A,N/A,N/A,
GPU,3,N/A,N/A,N/A,N/A,N/A,N/A,N/A,
GPU,3,0.000,0.000,0.000,630468,26052,0,0,
GPU,3,N/A,N/A,N/A,N/A,N/A,N/A,N/A,
GPU,3,N/A,N/A,N/A,N/A,N/A,N/A,N/A,
GPU,3,N/A,N/A,N/A,N/A,N/A,N/A,N/A,
GPU,3,N/A,N/A,N/A,N/A,N/A,N/A,N/A,
GPU,3,N/A,N/A,N/A,N/A,N/A,N/A,N/A,
GPU,3,N/A,N/A,N/A,N/A,N/A,N/A,N/A,
GPU,3,N/A,N/A,N/A,N/A,N/A,N/A,N/A,
GPU,3,N/A,N/A,N/A,N/A,N/A,N/A,N/A,
GPU,3,N/A,N/A,N/A,N/A,N/A,N/A,N/A,
GPU,3,N/A,N/A,N/A,N/A,N/A,N/A,N/A,
GPU,3,N/A,N/A,N/A,N/A,N/A,N/A,N/A,
GPU,3,N/A,N/A,N/A,N/A,N/A,N/A,N/A,
GPU,3,N/A,N/A,N/A,N/A,N/A,N/A,N/A,
GPU,3,N/A,N/A,N/A,N/A,N/A,N/A,N/A,
GPU,3,N/A,N/A,N/A,N/A,N/A,N/A,N/A,
GPU,3,N/A,N/A,N/A,N/A,N/A,N/A,N/A,
GPU,3,N/A,N/A,N/A,N/A,N/A,N/A,N/A,
GPU,3,N/A,N/A,N/A,N/A,N/A,N/A,N/A,
GPU,3,N/A,N/A,N/A,N/A,N/A,N/A,N/A,
GPU,3,N/A,N/A,N/A,N/A,N/A,N/A,N/A,
GPU,3,N/A,N/A,N/A,N/A,N/A,N/A,N/A,
GPU,3,N/A,N/A,N/A,N/A,N/A,N/A,N/A,
GPU,3,N/A,N/A,N/A,N/A,N/A,N/A,N/A,
GPU,3,N/A,N/A,N/A,N/A,N/A,N/A,N/A,
GPU,3,N/A,N/A,N/A,N/A,N/A,N/A,N/A,
GPU,3,N/A,N/A,N/A,N/A,N/A,N/A,N/A,
GPU,3,N/A,N/A,N/A,N/A,N/A,N/A,N/A,
GPU,3,N/A,N/A,N/A,N/A,N/A,N/A,N/A,
GPU,3,N/A,N/A,N/A,N/A,N/A,N/A,N/A,
GPU,3,N/A,N/A,N/A,N/A,N/A,N/A,N/A,
GPU,3,N/A,N/A,N/A,N/A,N/A,N/A,N/A,
GPU,3,N/A,N/A,N/A,N/A,N/A,N/A,N/A,
GPU,3,N/A,N/A,N/A,N/A,N/A,N/A,N/A,
GPU,3,N/A,N/A,N/A,N/A,N/A,N/A,N/A,
GPU,3,N/A,N/A,N/A,N/A,N/A,N/A,N/A,
GPU,3,N/A,N/A,N/A,N/A,N/A,N/A,N/A,
GPU,3,N/A,N/A,N/A,N/A,N/A,N/A,N/A,
GPU,3,N/A,N/A,N/A,N/A,N/A,N/A,N/A,
GPU,3,N/A,N/A,N/A,N/A,N/A,N/A,N/A,
GPU,3,N/A,N/A,N/A,N/A,N/A,N/A,N/A,
GPU,3,N/A,N/A,N/A,N/A,N/A,N/A,N/A,
GPU,3,N/A,N/A,N/A,N/A,N/A,N/A,N/A,
GPU,3,N/A,N/A,N/A,N/A,N/A,N/A,N/A,
GPU,3,N/A,N/A,N/A,N/A,N/A,N/A,N/A,
GPU,3,N/A,N/A,N/A,N/A,N/A,N/A,N/A,
GPU,3,N/A,N/A,N/A,N/A,N/A,N/A,N/A,
GPU,3,N/A,N/A,N/A,N/A,N/A,N/A,N/A,
GPU,3,N/A,N/A,N/A,N/A,N/A,N/A,N/A,
GPU,3,N/A,N/A,N/A,N/A,N/A,N/A,N/A,
GPU,3,N/A,N/A,N/A,N/A,N/A,N/A,N/A,
GPU,3,N/A,N/A,N/A,N/A,N/A,N/A,N/A,
GPU,3,N/A,N/A,N/A,N/A,N/A,N/A,N/A,
GPU,3,N/A,N/A,N/A,N/A,N/A,N/A,N/A,
GPU,3,N/A,N/A,N/A,N/A,N/A,N/A,N/A,
GPU,3,N/A,N/A,N/A,N/A,N/A,N/A,N/A,
GPU,3,N/A,N/A,N/A,N/A,N/A,N/A,N/A,
GPU,3,N/A,N/A,N/A,N/A,N/A,N/A,N/A,
GPU,3,N/A,N/A,N/A,N/A,N/A,N/A,N/A,
GPU,3,N/A,N/A,N/A,N/A,N/A,N/A,N/A,
GPU,3,N/A,N/A,N/A,N/A,N/A,N/A,N/A,
GPU,3,N/A,N/A,N/A,N/A,N/A,N/A,N/A,
GPU,3,N/A,N/A,N/A,N/A,N/A,N/A,N/A,
GPU,3,N/A,N/A,N/A,N/A,N/A,N/A,N/A,
GPU,3,N/A,N/A,N/A,N/A,N/A,N/A,N/A,
GPU,3,N/A,N/A,N/A,N/A,N/A,N/A,N/A,
GPU,3,N/A,N/A,N/A,N/A,N/A,N/A,N/A,
GPU,3,N/A,N/A,N/A,N/A,N/A,N/A,N/A,
GPU,3,N/A,N/A,N/A,N/A,N/A,N/A,N/A,
GPU,3,N/A,N/A,N/A,N/A,N/A,N/A,N/A,
GPU,3,N/A,N/A,N/A,N/A,N/A,N/A,N/A,
GPU,3,N/A,N/A,N/A,N/A,N/A,N/A,N/A,
GPU,3,N/A,N/A,N/A,N/A,N/A,N/A,N/A,
GPU,3,N/A,N/A,N/A,N/A,N/A,N/A,N/A,
GPU,3,N/A,N/A,N/A,N/A,N/A,N/A,N/A,
GPU,3,N/A,N/A,N/A,N/A,N/A,N/A,N/A,
GPU,3,N/A,N/A,N/A,N/A,N/A,N/A,N/A,
GPU,3,N/A,N/A,N/A,N/A,N/A,N/A,N/A,
GPU,3,N/A,N/A,N/A,N/A,N/A,N/A,N/A,
GPU,3,N/A,N/A,N/A,N/A,N/A,N/A,N/A,
GPU,3,N/A,N/A,N/A,N/A,N/A,N/A,N/A,
GPU,3,N/A,N/A,N/A,N/A,N/A,N/A,N/A,
GPU,3,N/A,N/A,N/A,N/A,N/A,N/A,N/A,
GPU,3,N/A,N/A,N/A,N/A,N/A,N/A,N/A,
GPU,3,N/A,N/A,N/A,N/A,N/A,N/A,N/A,
GPU,3,N/A,N/A,N/A,N/A,N/A,N/A,N/A,
GPU,3,N/A,N/A,N/A,N/A,N/A,N/A,N/A,
GPU,3,N/A,N/A,N/A,N/A,N/A,N/A,N/A,
GPU,3,N/A,N/A,N/A,N/A,N/A,N/A,N/A,
GPU,3,N/A,N/A,N/A,N/A,N/A,N/A,N/A,
GPU,3,N/A,N/A,N/A,N/A,N/A,N/A,N/A,
GPU,3,N/A,N/A,N/A,N/A,N/A,N/A,N/A,
GPU,3,N/A,N/A,N/A,N/A,N/A,N/A,N/A,
GPU,3,N/A,N/A,N/A,N/A,N/A,N/A,N/A,
GPU,3,N/A,N/A,N/A,N/A,N/A,N/A,N/A,
GPU,3,N/A,N/A,N/A,N/A,N/A,N/A,N/A,
GPU,3,N/A,N/A,N/A,N/A,N/A,N/A,N/A,
GPU,3,N/A,N/A,N/A,N/A,N/A,N/A,N/A,
GPU,3,N/A,N/A,N/A,N/A,N/A,N/A,N/A,
GPU,3,N/A,N/A,N/A,N/A,N/A,N/A,N/A,
GPU,3,N/A,N/A,N/A,N/A,N/A,N/A,N/A,
GPU,3,N/A,N/A,N/A,N/A,N/A,N/A,N/A,
GPU,3,N/A,N/A,N/A,N/A,N/A,N/A,N/A,
GPU,3,N/A,N/A,N/A,N/A,N/A,N/A,N/A,
GPU,3,N/A,N/A,N/A,N/A,N/A,N/A,N/A,
GPU,3,N/A,N/A,N/A,N/A,N/A,N/A,N/A,
GPU,3,N/A,N/A,N/A,N/A,N/A,N/A,N/A,
GPU,3,N/A,N/A,N/A,N/A,N/A,N/A,N/A,
GPU,3,N/A,N/A,N/A,N/A,N/A,N/A,N/A,
GPU,3,N/A,N/A,N/A,N/A,N/A,N/A,N/A,
GPU,3,N/A,N/A,N/A,N/A,N/A,N/A,N/A,
GPU,3,N/A,N/A,N/A,N/A,N/A,N/A,N/A,
GPU,3,N/A,N/A,N/A,N/A,N/A,N/A,N/A,
GPU,3,N/A,N/A,N/A,N/A,N/A,N/A,N/A,
GPU,3,N/A,N/A,N/A,N/A,N/A,N/A,N/A,
GPU,3,N/A,N/A,N/A,N/A,N/A,N/A,N/A,
GPU,3,N/A,N/A,N/A,N/A,N/A,N/A,N/A,
GPU,3,N/A,N/A,N/A,N/A,N/A,N/A,N/A,
GPU,3,N/A,N/A,N/A,N/A,N/A,N/A,N/A,
GPU,3,N/A,N/A,N/A,N/A,N/A,N/A,N/A,
GPU,3,N/A,N/A,N/A,N/A,N/A,N/A,N/A,
GPU,3,N/A,N/A,N/A,N/A,N/A,N/A,N/A,
GPU,3,N/A,N/A,N/A,N/A,N/A,N/A,N/A,
GPU,3,N/A,N/A,N/A,N/A,N/A,N/A,N/A,
GPU,3,N/A,N/A,N/A,N/A,N/A,N/A,N/A,
GPU,3,N/A,N/A,N/A,N/A,N/A,N/A,N/A,
GPU,3,N/A,N/A,N/A,N/A,N/A,N/A,N/A,
GPU,3,N/A,N/A,N/A,N/A,N/A,N/A,N/A,
GPU,3,N/A,N/A,N/A,N/A,N/A,N/A,N/A,
GPU,3,N/A,N/A,N/A,N/A,N/A,N/A,N/A,
GPU,3,N/A,N/A,N/A,N/A,N/A,N/A,N/A,
GPU,3,N/A,N/A,N/A,N/A,N/A,N/A,N/A,
GPU,3,N/A,N/A,N/A,N/A,N/A,N/A,N/A,
GPU,3,N/A,N/A,N/A,N/A,N/A,N/A,N/A,
GPU,3,N/A,N/A,N/A,N/A,N/A,N/A,N/A,
GPU,3,N/A,N/A,N/A,N/A,N/A,N/A,N/A,
GPU,3,N/A,N/A,N/A,N/A,N/A,N/A,N/A,
GPU,3,N/A,N/A,N/A,N/A,N/A,N/A,N/A,
GPU,3,N/A,N/A,N/A,N/A,N/A,N/A,N/A,
GPU,3,N/A,N/A,N/A,N/A,N/A,N/A,N/A,
GPU,3,N/A,N/A,N/A,N/A,N/A,N/A,N/A,
GPU,3,N/A,N/A,N/A,N/A,N/A,N/A,N/A,
GPU,3,N/A,N/A,N/A,N/A,N/A,N/A,N/A,
GPU,3,N/A,N/A,N/A,N/A,N/A,N/A,N/A,
GPU,3,N/A,N/A,N/A,N/A,N/A,N/A,N/A,
GPU,3,N/A,N/A,N/A,N/A,N/A,N/A,N/A,
GPU,3,N/A,N/A,N/A,N/A,N/A,N/A,N/A,
GPU,3,N/A,N/A,N/A,N/A,N/A,N/A,N/A,
GPU,3,N/A,N/A,N/A,N/A,N/A,N/A,N/A,
GPU,3,N/A,N/A,N/A,N/A,N/A,N/A,N/A,
GPU,3,N/A,N/A,N/A,N/A,N/A,N/A,N/A,
GPU,3,N/A,N/A,N/A,N/A,N/A,N/A,N/A,
GPU,3,N/A,N/A,N/A,N/A,N/A,N/A,N/A,
GPU,3,N/A,N/A,N/A,N/A,N/A,N/A,N/A,
GPU,3,N/A,N/A,N/A,N/A,N/A,N/A,N/A,
GPU,3,N/A,N/A,N/A,N/A,N/A,N/A,N/A,
GPU,3,N/A,N/A,N/A,N/A,N/A,N/A,N/A,
GPU,3,N/A,N/A,N/A,N/A,N/A,N/A,N/A,
GPU,3,N/A,N/A,N/A,N/A,N/A,N/A,N/A,
GPU,3,N/A,N/A,N/A,N/A,N/A,N/A,N/A,
GPU,3,N/A,0.000,0.000,526449,15637,0,0,
GPU,3,N/A,N/A,N/A,N/A,N/A,N/A,N/A,
GPU,3,N/A,N/A,N/A,N/A,N/A,N/A,N/A,
GPU,3,N/A,N/A,N/A,N/A,N/A,N/A,N/A,
GPU,3,N/A,N/A,N/A,N/A,N/A,N/A,N/A,
GPU,3,N/A,N/A,N/A,N/A,N/A,N/A,N/A,
GPU,3,N/A,N/A,N/A,N/A,N/A,N/A,N/A,
GPU,3,N/A,N/A,N/A,N/A,N/A,N/A,N/A,
GPU,3,N/A,N/A,N/A,N/A,N/A,N/A,N/A,
GPU,3,N/A,N/A,N/A,N/A,N/A,N/A,N/A,
GPU,3,N/A,N/A,N/A,N/A,N/A,N/A,N/A,
GPU,3,N/A,N/A,N/A,N/A,N/A,N/A,N/A,
GPU,3,N/A,N/A,N/A,N/A,N/A,N/A,N/A,
GPU,3,N/A,N/A,N/A,N/A,N/A,N/A,N/A,
GPU,3,N/A,N/A,N/A,N/A,N/A,N/A,N/A,
GPU,3,N/A,N/A,N/A,N/A,N/A,N/A,N/A,
GPU,3,N/A,N/A,N/A,N/A,N/A,N/A,N/A,
GPU,3,N/A,N/A,N/A,N/A,N/A,N/A,N/A,
GPU,3,N/A,N/A,N/A,N/A,N/A,N/A,N/A,
GPU,3,N/A,N/A,N/A,N/A,N/A,N/A,N/A,
GPU,3,N/A,N/A,N/A,N/A,N/A,N/A,N/A,
GPU,3,N/A,N/A,N/A,N/A,N/A,N/A,N/A,
GPU,3,N/A,N/A,N/A,N/A,N/A,N/A,N/A,
GPU,3,N/A,N/A,N/A,N/A,N/A,N/A,N/A,
GPU,3,N/A,N/A,N/A,N/A,N/A,N/A,N/A,
GPU,3,N/A,N/A,N/A,N/A,N/A,N/A,N/A,
GPU,3,N/A,N/A,N/A,N/A,N/A,N/A,N/A,
GPU,3,N/A,N/A,N/A,N/A,N/A,N/A,N/A,
GPU,3,N/A,N/A,N/A,N/A,N/A,N/A,N/A,
GPU,3,N/A,N/A,N/A,N/A,N/A,N/A,N/A,
GPU,3,N/A,N/A,N/A,N/A,N/A,N/A,N/A,
GPU,3,N/A,N/A,N/A,N/A,N/A,N/A,N/A,
GPU,3,N/A,N/A,N/A,N/A,N/A,N/A,N/A,
GPU,3,N/A,N/A,N/A,N/A,N/A,N/A,N/A,
GPU,3,N/A,N/A,N/A,N/A,N/A,N/A,N/A,
GPU,3,N/A,N/A,N/A,N/A,N/A,N/A,N/A,
GPU,3,N/A,N/A,N/A,N/A,N/A,N/A,N/A,
GPU,3,N/A,N/A,N/A,N/A,N/A,N/A,N/A,
GPU,3,N/A,N/A,N/A,N/A,N/A,N/A,N/A,
GPU,3,N/A,N/A,N/A,N/A,N/A,N/A,N/A,
GPU,3,N/A,N/A,N/A,N/A,N/A,N/A,N/A,
GPU,3,N/A,N/A,N/A,N/A,N/A,N/A,N/A,
GPU,3,N/A,N/A,N/A,N/A,N/A,N/A,N/A,
GPU,3,N/A,N/A,N/A,N/A,N/A,N/A,N/A,
GPU,3,N/A,N/A,N/A,N/A,N/A,N/A,N/A,
GPU,3,N/A,N/A,N/A,N/A,N/A,N/A,N/A,
GPU,3,N/A,N/A,N/A,N/A,N/A,N/A,N/A,
GPU,3,N/A,N/A,N/A,N/A,N/A,N/A,N/A,
GPU,3,N/A,N/A,N/A,N/A,N/A,N/A,N/A,
GPU,3,N/A,N/A,N/A,N/A,N/A,N/A,N/A,
GPU,3,N/A,N/A,N/A,N/A,N/A,N/A,N/A,
GPU,3,N/A,N/A,N/A,N/A,N/A,N/A,N/A,
GPU,3,N/A,N/A,N/A,N/A,N/A,N/A,N/A,
GPU,3,N/A,N/A,N/A,N/A,N/A,N/A,N/A,
GPU,3,N/A,N/A,N/A,N/A,N/A,N/A,N/A,
GPU,3,N/A,N/A,N/A,N/A,N/A,N/A,N/A,
GPU,3,N/A,N/A,N/A,N/A,N/A,N/A,N/A,
GPU,3,N/A,N/A,N/A,N/A,N/A,N/A,N/A,
GPU,3,N/A,N/A,N/A,N/A,N/A,N/A,N/A,
GPU,3,N/A,N/A,N/A,N/A,N/A,N/A,N/A,
GPU,3,N/A,N/A,N/A,N/A,N/A,N/A,N/A,
GPU,3,N/A,N/A,N/A,N/A,N/A,N/A,N/A,
GPU,3,N/A,N/A,N/A,N/A,N/A,N/A,N/A,
GPU,3,N/A,N/A,N/A,N/A,N/A,N/A,N/A,
GPU,3,N/A,N/A,N/A,N/A,N/A,N/A,N/A,
GPU,3,N/A,N/A,N/A,N/A,N/A,N/A,N/A,
GPU,3,N/A,N/A,N/A,N/A,N/A,N/A,N/A,
GPU,3,N/A,N/A,N/A,N/A,N/A,N/A,N/A,
GPU,3,N/A,N/A,N/A,N/A,N/A,N/A,N/A,
GPU,3,N/A,N/A,N/A,N/A,N/A,N/A,N/A,
GPU,3,N/A,N/A,N/A,N/A,N/A,N/A,N/A,
GPU,3,N/A,N/A,N/A,N/A,N/A,N/A,N/A,
GPU,3,N/A,N/A,N/A,N/A,N/A,N/A,N/A,
GPU,3,N/A,N/A,N/A,N/A,N/A,N/A,N/A,
GPU,3,N/A,N/A,N/A,N/A,N/A,N/A,N/A,
GPU,3,N/A,N/A,N/A,N/A,N/A,N/A,N/A,
GPU,3,N/A,N/A,N/A,N/A,N/A,N/A,N/A,
GPU,3,N/A,N/A,N/A,N/A,N/A,N/A,N/A,
GPU,3,N/A,N/A,N/A,N/A,N/A,N/A,N/A,
GPU,3,0.000,0.000,0.000,719219,218892,0,0,
GPU,3,N/A,N/A,N/A,N/A,N/A,N/A,N/A,
GPU,3,N/A,N/A,N/A,N/A,N/A,N/A,N/A,
GPU,3,N/A,N/A,N/A,N/A,N/A,N/A,N/A,
GPU,3,N/A,N/A,N/A,N/A,N/A,N/A,N/A,
GPU,3,N/A,N/A,N/A,N/A,N/A,N/A,N/A,
GPU,3,N/A,N/A,N/A,N/A,N/A,N/A,N/A,
GPU,3,N/A,N/A,N/A,N/A,N/A,N/A,N/A,
GPU,3,N/A,N/A,N/A,N/A,N/A,N/A,N/A,
GPU,3,N/A,N/A,N/A,N/A,N/A,N/A,N/A,
GPU,3,N/A,N/A,N/A,N/A,N/A,N/A,N/A,
GPU,3,N/A,N/A,N/A,N/A,N/A,N/A,N/A,
GPU,3,N/A,N/A,N/A,N/A,N/A,N/A,N/A,
GPU,3,N/A,N/A,N/A,N/A,N/A,N/A,N/A,
GPU,3,N/A,N/A,N/A,N/A,N/A,N/A,N/A,
GPU,3,N/A,N/A,N/A,N/A,N/A,N/A,N/A,
GPU,3,N/A,N/A,N/A,N/A,N/A,N/A,N/A,
GPU,3,N/A,N/A,N/A,N/A,N/A,N/A,N/A,
GPU,3,N/A,N/A,N/A,N/A,N/A,N/A,N/A,
GPU,3,N/A,N/A,N/A,N/A,N/A,N/A,N/A,
GPU,3,N/A,N/A,N/A,N/A,N/A,N/A,N/A,
GPU,3,N/A,N/A,N/A,N/A,N/A,N/A,N/A,
GPU,3,N/A,N/A,N/A,N/A,N/A,N/A,N/A,
GPU,3,N/A,N/A,N/A,N/A,N/A,N/A,N/A,
GPU,3,N/A,N/A,N/A,N/A,N/A,N/A,N/A,
GPU,3,N/A,N/A,N/A,N/A,N/A,N/A,N/A,
GPU,3,N/A,N/A,N/A,N/A,N/A,N/A,N/A,
GPU,3,N/A,N/A,N/A,N/A,N/A,N/A,N/A,
GPU,3,N/A,N/A,N/A,N/A,N/A,N/A,N/A,
GPU,3,N/A,N/A,N/A,N/A,N/A,N/A,N/A,
GPU,3,N/A,N/A,N/A,N/A,N/A,N/A,N/A,
GPU,3,N/A,N/A,N/A,N/A,N/A,N/A,N/A,
GPU,3,N/A,N/A,N/A,N/A,N/A,N/A,N/A,
GPU,3,N/A,N/A,N/A,N/A,N/A,N/A,N/A,
GPU,3,N/A,N/A,N/A,N/A,N/A,N/A,N/A,
GPU,3,N/A,N/A,N/A,N/A,N/A,N/A,N/A,
GPU,3,N/A,N/A,N/A,N/A,N/A,N/A,N/A,
GPU,3,N/A,N/A,N/A,N/A,N/A,N/A,N/A,
GPU,3,N/A,N/A,N/A,N/A,N/A,N/A,N/A,
GPU,3,N/A,N/A,N/A,N/A,N/A,N/A,N/A,
GPU,3,N/A,N/A,N/A,N/A,N/A,N/A,N/A,
GPU,3,N/A,N/A,N/A,N/A,N/A,N/A,N/A,
GPU,3,N/A,N/A,N/A,N/A,N/A,N/A,N/A,
GPU,3,N/A,N/A,N/A,N/A,N/A,N/A,N/A,
GPU,3,N/A,N/A,N/A,N/A,N/A,N/A,N/A,
GPU,3,N/A,N/A,N/A,N/A,N/A,N/A,N/A,
GPU,3,N/A,N/A,N/A,N/A,N/A,N/A,N/A,
GPU,3,N/A,N/A,N/A,N/A,N/A,N/A,N/A,
GPU,3,N/A,N/A,N/A,N/A,N/A,N/A,N/A,
GPU,3,N/A,N/A,N/A,N/A,N/A,N/A,N/A,
GPU,3,N/A,N/A,N/A,N/A,N/A,N/A,N/A,
GPU,3,N/A,N/A,N/A,N/A,N/A,N/A,N/A,
GPU,3,N/A,N/A,N/A,N/A,N/A,N/A,N/A,
GPU,3,N/A,N/A,N/A,N/A,N/A,N/A,N/A,
GPU,3,N/A,N/A,N/A,N/A,N/A,N/A,N/A,
GPU,3,N/A,N/A,N/A,N/A,N/A,N/A,N/A,
GPU,3,N/A,N/A,N/A,N/A,N/A,N/A,N/A,
GPU,3,N/A,N/A,N/A,N/A,N/A,N/A,N/A,
GPU,3,N/A,N/A,N/A,N/A,N/A,N/A,N/A,
GPU,3,N/A,N/A,N/A,N/A,N/A,N/A,N/A,
GPU,3,N/A,N/A,N/A,N/A,N/A,N/A,N/A,
GPU,3,N/A,N/A,N/A,N/A,N/A,N/A,N/A,
GPU,3,N/A,N/A,N/A,N/A,N/A,N/A,N/A,
GPU,3,N/A,N/A,N/A,N/A,N/A,N/A,N/A,
GPU,3,N/A,N/A,N/A,N/A,N/A,N/A,N/A,
GPU,3,N/A,N/A,N/A,N/A,N/A,N/A,N/A,
GPU,3,N/A,N/A,N/A,N/A,N/A,N/A,N/A,
GPU,3,N/A,N/A,N/A,N/A,N/A,N/A,N/A,
GPU,3,N/A,N/A,N/A,N/A,N/A,N/A,N/A,
GPU,3,N/A,N/A,N/A,N/A,N/A,N/A,N/A,
GPU,3,N/A,N/A,N/A,N/A,N/A,N/A,N/A,
GPU,3,N/A,N/A,N/A,N/A,N/A,N/A,N/A,
GPU,3,N/A,N/A,N/A,N/A,N/A,N/A,N/A,
GPU,3,N/A,N/A,N/A,N/A,N/A,N/A,N/A,
GPU,3,N/A,N/A,N/A,N/A,N/A,N/A,N/A,
GPU,3,N/A,N/A,N/A,N/A,N/A,N/A,N/A,
GPU,3,N/A,N/A,N/A,N/A,N/A,N/A,N/A,
GPU,3,N/A,N/A,N/A,N/A,N/A,N/A,N/A,
GPU,3,N/A,N/A,N/A,N/A,N/A,N/A,N/A,
GPU,3,0.000,0.000,0.000,521176,15635,0,0,
GPU,3,N/A,N/A,N/A,N/A,N/A,N/A,N/A,
GPU,3,N/A,N/A,N/A,N/A,N/A,N/A,N/A,
GPU,3,N/A,N/A,N/A,N/A,N/A,N/A,N/A,
GPU,3,N/A,N/A,N/A,N/A,N/A,N/A,N/A,
GPU,3,N/A,N/A,N/A,N/A,N/A,N/A,N/A,
GPU,3,N/A,N/A,N/A,N/A,N/A,N/A,N/A,
GPU,3,N/A,N/A,N/A,N/A,N/A,N/A,N/A,
GPU,3,N/A,N/A,N/A,N/A,N/A,N/A,N/A,
GPU,3,N/A,N/A,N/A,N/A,N/A,N/A,N/A,
GPU,3,N/A,N/A,N/A,N/A,N/A,N/A,N/A,
GPU,3,N/A,N/A,N/A,N/A,N/A,N/A,N/A,
GPU,3,N/A,N/A,N/A,N/A,N/A,N/A,N/A,
GPU,3,N/A,N/A,N/A,N/A,N/A,N/A,N/A,
GPU,3,N/A,N/A,N/A,N/A,N/A,N/A,N/A,
GPU,3,N/A,N/A,N/A,N/A,N/A,N/A,N/A,
GPU,3,N/A,N/A,N/A,N/A,N/A,N/A,N/A,
GPU,3,N/A,N/A,N/A,N/A,N/A,N/A,N/A,
GPU,3,N/A,N/A,N/A,N/A,N/A,N/A,N/A,
GPU,3,N/A,N/A,N/A,N/A,N/A,N/A,N/A,
GPU,3,N/A,N/A,N/A,N/A,N/A,N/A,N/A,
GPU,3,N/A,N/A,N/A,N/A,N/A,N/A,N/A,
GPU,3,N/A,N/A,N/A,N/A,N/A,N/A,N/A,
GPU,3,N/A,N/A,N/A,N/A,N/A,N/A,N/A,
GPU,3,N/A,N/A,N/A,N/A,N/A,N/A,N/A,
GPU,3,N/A,N/A,N/A,N/A,N/A,N/A,N/A,
GPU,3,N/A,N/A,N/A,N/A,N/A,N/A,N/A,
GPU,3,N/A,N/A,N/A,N/A,N/A,N/A,N/A,
GPU,3,N/A,N/A,N/A,N/A,N/A,N/A,N/A,
GPU,3,N/A,N/A,N/A,N/A,N/A,N/A,N/A,
GPU,3,N/A,N/A,N/A,N/A,N/A,N/A,N/A,
GPU,3,N/A,N/A,N/A,N/A,N/A,N/A,N/A,
GPU,3,N/A,N/A,N/A,N/A,N/A,N/A,N/A,
GPU,3,N/A,N/A,N/A,N/A,N/A,N/A,N/A,
GPU,3,N/A,N/A,N/A,N/A,N/A,N/A,N/A,
GPU,3,N/A,N/A,N/A,N/A,N/A,N/A,N/A,
GPU,3,N/A,N/A,N/A,N/A,N/A,N/A,N/A,
GPU,3,N/A,N/A,N/A,N/A,N/A,N/A,N/A,
GPU,3,N/A,N/A,N/A,N/A,N/A,N/A,N/A,
GPU,3,N/A,N/A,N/A,N/A,N/A,N/A,N/A,
GPU,3,N/A,N/A,N/A,N/A,N/A,N/A,N/A,
GPU,3,N/A,N/A,N/A,N/A,N/A,N/A,N/A,
GPU,3,N/A,N/A,N/A,N/A,N/A,N/A,N/A,
GPU,3,N/A,N/A,N/A,N/A,N/A,N/A,N/A,
GPU,3,N/A,N/A,N/A,N/A,N/A,N/A,N/A,
GPU,3,N/A,N/A,N/A,N/A,N/A,N/A,N/A,
GPU,3,N/A,N/A,N/A,N/A,N/A,N/A,N/A,
GPU,3,N/A,N/A,N/A,N/A,N/A,N/A,N/A,
GPU,3,N/A,N/A,N/A,N/A,N/A,N/A,N/A,
GPU,3,N/A,N/A,N/A,N/A,N/A,N/A,N/A,
GPU,3,N/A,N/A,N/A,N/A,N/A,N/A,N/A,
GPU,3,N/A,N/A,N/A,N/A,N/A,N/A,N/A,
GPU,3,N/A,N/A,N/A,N/A,N/A,N/A,N/A,
GPU,3,N/A,N/A,N/A,N/A,N/A,N/A,N/A,
GPU,3,N/A,N/A,N/A,N/A,N/A,N/A,N/A,
GPU,3,N/A,N/A,N/A,N/A,N/A,N/A,N/A,
GPU,3,N/A,N/A,N/A,N/A,N/A,N/A,N/A,
GPU,3,N/A,N/A,N/A,N/A,N/A,N/A,N/A,
GPU,3,N/A,N/A,N/A,N/A,N/A,N/A,N/A,
GPU,3,N/A,N/A,N/A,N/A,N/A,N/A,N/A,
GPU,3,N/A,N/A,N/A,N/A,N/A,N/A,N/A,
GPU,3,N/A,N/A,N/A,N/A,N/A,N/A,N/A,
GPU,3,N/A,N/A,N/A,N/A,N/A,N/A,N/A,
GPU,3,N/A,N/A,N/A,N/A,N/A,N/A,N/A,
GPU,3,N/A,N/A,N/A,N/A,N/A,N/A,N/A,
GPU,3,N/A,N/A,N/A,N/A,N/A,N/A,N/A,
GPU,3,N/A,N/A,N/A,N/A,N/A,N/A,N/A,
GPU,3,N/A,N/A,N/A,N/A,N/A,N/A,N/A,
GPU,3,N/A,N/A,N/A,N/A,N/A,N/A,N/A,
GPU,3,N/A,N/A,N/A,N/A,N/A,N/A,N/A,
GPU,3,N/A,N/A,N/A,N/A,N/A,N/A,N/A,
GPU,3,N/A,N/A,N/A,N/A,N/A,N/A,N/A,
GPU,3,N/A,N/A,N/A,N/A,N/A,N/A,N/A,
GPU,3,N/A,N/A,N/A,N/A,N/A,N/A,N/A,
GPU,3,N/A,N/A,N/A,N/A,N/A,N/A,N/A,
GPU,3,N/A,N/A,N/A,N/A,N/A,N/A,N/A,
GPU,3,N/A,N/A,N/A,N/A,N/A,N/A,N/A,
GPU,3,N/A,N/A,N/A,N/A,N/A,N/A,N/A,
GPU,3,N/A,N/A,N/A,N/A,N/A,N/A,N/A,
GPU,3,0.000,0.000,0.000,N/A,N/A,N/A,N/A,
GPU,3,N/A,N/A,N/A,N/A,N/A,N/A,N/A,
GPU,3,N/A,N/A,N/A,N/A,N/A,N/A,N/A,
GPU,3,N/A,N/A,N/A,N/A,N/A,N/A,N/A,
GPU,3,N/A,N/A,N/A,N/A,N/A,N/A,N/A,
GPU,3,N/A,N/A,N/A,N/A,N/A,N/A,N/A,
GPU,3,N/A,N/A,N/A,N/A,N/A,N/A,N/A,
GPU,3,N/A,N/A,N/A,N/A,N/A,N/A,N/A,
GPU,3,N/A,N/A,N/A,N/A,N/A,N/A,N/A,
GPU,3,N/A,N/A,N/A,N/A,N/A,N/A,N/A,
GPU,3,N/A,N/A,N/A,N/A,N/A,N/A,N/A,
GPU,3,N/A,N/A,N/A,N/A,N/A,N/A,N/A,
GPU,3,N/A,N/A,N/A,N/A,N/A,N/A,N/A,
GPU,3,N/A,N/A,N/A,N/A,N/A,N/A,N/A,
GPU,3,N/A,N/A,N/A,N/A,N/A,N/A,N/A,
GPU,3,N/A,N/A,N/A,N/A,N/A,N/A,N/A,
GPU,3,N/A,N/A,N/A,N/A,N/A,N/A,N/A,
GPU,3,N/A,N/A,N/A,N/A,N/A,N/A,N/A,
GPU,3,N/A,N/A,N/A,N/A,N/A,N/A,N/A,
GPU,3,N/A,N/A,N/A,N/A,N/A,N/A,N/A,
GPU,3,N/A,N/A,N/A,N/A,N/A,N/A,N/A,
GPU,3,N/A,N/A,N/A,N/A,N/A,N/A,N/A,
GPU,3,N/A,N/A,N/A,N/A,N/A,N/A,N/A,
GPU,3,N/A,N/A,N/A,N/A,N/A,N/A,N/A,
GPU,3,N/A,N/A,N/A,N/A,N/A,N/A,N/A,
GPU,3,N/A,N/A,N/A,N/A,N/A,N/A,N/A,
GPU,3,N/A,N/A,N/A,N/A,N/A,N/A,N/A,
GPU,3,N/A,N/A,N/A,N/A,N/A,N/A,N/A,
GPU,3,N/A,N/A,N/A,N/A,N/A,N/A,N/A,
GPU,3,N/A,N/A,N/A,N/A,N/A,N/A,N/A,
GPU,3,N/A,N/A,N/A,N/A,N/A,N/A,N/A,
GPU,3,N/A,N/A,N/A,N/A,N/A,N/A,N/A,
GPU,3,N/A,N/A,N/A,N/A,N/A,N/A,N/A,
GPU,3,N/A,N/A,N/A,N/A,N/A,N/A,N/A,
GPU,3,N/A,N/A,N/A,N/A,N/A,N/A,N/A,
GPU,3,N/A,N/A,N/A,N/A,N/A,N/A,N/A,
GPU,3,N/A,N/A,N/A,N/A,N/A,N/A,N/A,
GPU,3,N/A,N/A,N/A,N/A,N/A,N/A,N/A,
GPU,3,N/A,N/A,N/A,N/A,N/A,N/A,N/A,
GPU,3,N/A,N/A,N/A,N/A,N/A,N/A,N/A,
GPU,3,N/A,N/A,N/A,N/A,N/A,N/A,N/A,
GPU,3,N/A,N/A,N/A,N/A,N/A,N/A,N/A,
GPU,3,N/A,N/A,N/A,N/A,N/A,N/A,N/A,
GPU,3,N/A,N/A,N/A,N/A,N/A,N/A,N/A,
GPU,3,N/A,N/A,N/A,N/A,N/A,N/A,N/A,
GPU,3,N/A,N/A,N/A,N/A,N/A,N/A,N/A,
GPU,3,N/A,N/A,N/A,N/A,N/A,N/A,N/A,
GPU,3,N/A,N/A,N/A,N/A,N/A,N/A,N/A,
GPU,3,N/A,N/A,N/A,N/A,N/A,N/A,N/A,
GPU,3,N/A,N/A,N/A,N/A,N/A,N/A,N/A,
GPU,3,N/A,N/A,N/A,N/A,N/A,N/A,N/A,
GPU,3,N/A,N/A,N/A,N/A,N/A,N/A,N/A,
GPU,3,N/A,N/A,N/A,N/A,N/A,N/A,N/A,
GPU,3,N/A,N/A,N/A,N/A,N/A,N/A,N/A,
GPU,3,N/A,N/A,N/A,N/A,N/A,N/A,N/A,
GPU,3,N/A,N/A,N/A,N/A,N/A,N/A,N/A,
GPU,3,N/A,N/A,N/A,N/A,N/A,N/A,N/A,
GPU,3,N/A,N/A,N/A,N/A,N/A,N/A,N/A,
GPU,3,N/A,N/A,N/A,N/A,N/A,N/A,N/A,
GPU,3,N/A,N/A,N/A,N/A,N/A,N/A,N/A,
GPU,3,N/A,N/A,N/A,N/A,N/A,N/A,N/A,
GPU,3,N/A,N/A,N/A,N/A,N/A,N/A,N/A,
GPU,3,N/A,N/A,N/A,N/A,N/A,N/A,N/A,
GPU,3,N/A,N/A,N/A,N/A,N/A,N/A,N/A,
GPU,3,N/A,N/A,N/A,N/A,N/A,N/A,N/A,
GPU,3,N/A,N/A,N/A,N/A,N/A,N/A,N/A,
GPU,3,N/A,N/A,N/A,N/A,N/A,N/A,N/A,
GPU,3,N/A,N/A,N/A,N/A,N/A,N/A,N/A,
GPU,3,N/A,N/A,N/A,N/A,N/A,N/A,N/A,
GPU,3,N/A,N/A,N/A,N/A,N/A,N/A,N/A,
GPU,3,N/A,N/A,N/A,N/A,N/A,N/A,N/A,
GPU,3,N/A,N/A,N/A,N/A,N/A,N/A,N/A,
GPU,3,N/A,N/A,N/A,N/A,N/A,N/A,N/A,
GPU,3,N/A,N/A,N/A,N/A,N/A,N/A,N/A,
GPU,3,N/A,N/A,N/A,N/A,N/A,N/A,N/A,
GPU,3,N/A,N/A,N/A,N/A,N/A,N/A,N/A,
GPU,3,N/A,N/A,N/A,N/A,N/A,N/A,N/A,
GPU,3,N/A,N/A,N/A,N/A,N/A,N/A,N/A,
GPU,3,N/A,N/A,N/A,N/A,N/A,N/A,N/A,
GPU,3,N/A,N/A,N/A,N/A,N/A,N/A,N/A,
GPU,3,0.001,N/A,N/A,N/A,N/A,N/A,N/A,
GPU,3,N/A,N/A,N/A,N/A,N/A,N/A,N/A,
GPU,3,N/A,N/A,N/A,N/A,N/A,N/A,N/A,
GPU,3,N/A,N/A,N/A,N/A,N/A,N/A,N/A,
GPU,3,N/A,N/A,N/A,N/A,N/A,N/A,N/A,
GPU,3,N/A,N/A,N/A,N/A,N/A,N/A,N/A,
GPU,3,N/A,N/A,N/A,N/A,N/A,N/A,N/A,
GPU,3,N/A,N/A,N/A,N/A,N/A,N/A,N/A,
GPU,3,N/A,N/A,N/A,N/A,N/A,N/A,N/A,
GPU,3,N/A,N/A,N/A,N/A,N/A,N/A,N/A,
GPU,3,N/A,N/A,N/A,N/A,N/A,N/A,N/A,
GPU,3,N/A,N/A,N/A,N/A,N/A,N/A,N/A,
GPU,3,N/A,N/A,N/A,N/A,N/A,N/A,N/A,
GPU,3,N/A,N/A,N/A,N/A,N/A,N/A,N/A,
GPU,3,N/A,N/A,N/A,N/A,N/A,N/A,N/A,
GPU,3,N/A,N/A,N/A,N/A,N/A,N/A,N/A,
GPU,3,N/A,N/A,N/A,N/A,N/A,N/A,N/A,
GPU,3,N/A,N/A,N/A,N/A,N/A,N/A,N/A,
GPU,3,N/A,N/A,N/A,N/A,N/A,N/A,N/A,
GPU,3,N/A,N/A,N/A,N/A,N/A,N/A,N/A,
GPU,3,N/A,N/A,N/A,N/A,N/A,N/A,N/A,
GPU,3,N/A,N/A,N/A,N/A,N/A,N/A,N/A,
GPU,3,N/A,N/A,N/A,N/A,N/A,N/A,N/A,
GPU,3,N/A,N/A,N/A,N/A,N/A,N/A,N/A,
GPU,3,N/A,N/A,N/A,N/A,N/A,N/A,N/A,
GPU,3,N/A,N/A,N/A,N/A,N/A,N/A,N/A,
GPU,3,N/A,N/A,N/A,N/A,N/A,N/A,N/A,
GPU,3,N/A,N/A,N/A,N/A,N/A,N/A,N/A,
GPU,3,N/A,N/A,N/A,N/A,N/A,N/A,N/A,
GPU,3,N/A,N/A,N/A,N/A,N/A,N/A,N/A,
GPU,3,N/A,N/A,N/A,N/A,N/A,N/A,N/A,
GPU,3,N/A,N/A,N/A,N/A,N/A,N/A,N/A,
GPU,3,N/A,N/A,N/A,N/A,N/A,N/A,N/A,
GPU,3,N/A,N/A,N/A,N/A,N/A,N/A,N/A,
GPU,3,N/A,N/A,N/A,N/A,N/A,N/A,N/A,
GPU,3,N/A,N/A,N/A,N/A,N/A,N/A,N/A,
GPU,3,N/A,N/A,N/A,N/A,N/A,N/A,N/A,
GPU,3,N/A,N/A,N/A,N/A,N/A,N/A,N/A,
GPU,3,N/A,N/A,N/A,N/A,N/A,N/A,N/A,
GPU,3,N/A,N/A,N/A,N/A,N/A,N/A,N/A,
GPU,3,N/A,N/A,N/A,N/A,N/A,N/A,N/A,
GPU,3,N/A,N/A,N/A,N/A,N/A,N/A,N/A,
GPU,3,N/A,N/A,N/A,N/A,N/A,N/A,N/A,
GPU,3,N/A,N/A,N/A,N/A,N/A,N/A,N/A,
GPU,3,N/A,N/A,N/A,N/A,N/A,N/A,N/A,
GPU,3,N/A,N/A,N/A,N/A,N/A,N/A,N/A,
GPU,3,N/A,N/A,N/A,N/A,N/A,N/A,N/A,
GPU,3,N/A,N/A,N/A,N/A,N/A,N/A,N/A,
GPU,3,N/A,N/A,N/A,N/A,N/A,N/A,N/A,
GPU,3,N/A,N/A,N/A,N/A,N/A,N/A,N/A,
GPU,3,N/A,N/A,N/A,N/A,N/A,N/A,N/A,
GPU,3,N/A,N/A,N/A,N/A,N/A,N/A,N/A,
GPU,3,N/A,N/A,N/A,N/A,N/A,N/A,N/A,
GPU,3,N/A,N/A,N/A,N/A,N/A,N/A,N/A,
GPU,3,N/A,N/A,N/A,N/A,N/A,N/A,N/A,
GPU,3,N/A,N/A,N/A,N/A,N/A,N/A,N/A,
GPU,3,N/A,N/A,N/A,N/A,N/A,N/A,N/A,
GPU,3,N/A,N/A,N/A,N/A,N/A,N/A,N/A,
GPU,3,N/A,N/A,N/A,N/A,N/A,N/A,N/A,
GPU,3,N/A,N/A,N/A,N/A,N/A,N/A,N/A,
GPU,3,N/A,N/A,N/A,N/A,N/A,N/A,N/A,
GPU,3,N/A,N/A,N/A,N/A,N/A,N/A,N/A,
GPU,3,N/A,N/A,N/A,N/A,N/A,N/A,N/A,
GPU,3,N/A,N/A,N/A,N/A,N/A,N/A,N/A,
GPU,3,N/A,N/A,N/A,N/A,N/A,N/A,N/A,
GPU,3,N/A,N/A,N/A,N/A,N/A,N/A,N/A,
GPU,3,N/A,N/A,N/A,N/A,N/A,N/A,N/A,
GPU,3,N/A,N/A,N/A,N/A,N/A,N/A,N/A,
GPU,3,N/A,N/A,N/A,N/A,N/A,N/A,N/A,
GPU,3,N/A,N/A,N/A,N/A,N/A,N/A,N/A,
GPU,3,N/A,N/A,N/A,N/A,N/A,N/A,N/A,
GPU,3,N/A,N/A,N/A,N/A,N/A,N/A,N/A,
GPU,3,N/A,N/A,N/A,N/A,N/A,N/A,N/A,
GPU,3,N/A,N/A,N/A,N/A,N/A,N/A,N/A,
GPU,3,N/A,N/A,N/A,N/A,N/A,N/A,N/A,
GPU,3,N/A,N/A,N/A,N/A,N/A,N/A,N/A,
GPU,3,N/A,N/A,N/A,N/A,N/A,N/A,N/A,
GPU,3,N/A,N/A,N/A,N/A,N/A,N/A,N/A,
GPU,3,N/A,N/A,N/A,N/A,N/A,N/A,N/A,
GPU,3,N/A,N/A,N/A,N/A,N/A,N/A,N/A,
GPU,3,0.001,0.000,0.002,681972,598678,1089745623,1364773265,
GPU,3,N/A,N/A,N/A,N/A,N/A,N/A,N/A,
GPU,3,N/A,N/A,N/A,N/A,N/A,N/A,N/A,
GPU,3,N/A,N/A,N/A,N/A,N/A,N/A,N/A,
GPU,3,N/A,N/A,N/A,N/A,N/A,N/A,N/A,
GPU,3,N/A,N/A,N/A,N/A,N/A,N/A,N/A,
GPU,3,N/A,N/A,N/A,N/A,N/A,N/A,N/A,
GPU,3,N/A,N/A,N/A,N/A,N/A,N/A,N/A,
GPU,3,N/A,N/A,N/A,N/A,N/A,N/A,N/A,
GPU,3,N/A,N/A,N/A,N/A,N/A,N/A,N/A,
GPU,3,N/A,N/A,N/A,N/A,N/A,N/A,N/A,
GPU,3,N/A,N/A,N/A,N/A,N/A,N/A,N/A,
GPU,3,N/A,N/A,N/A,N/A,N/A,N/A,N/A,
GPU,3,N/A,N/A,N/A,N/A,N/A,N/A,N/A,
GPU,3,N/A,N/A,N/A,N/A,N/A,N/A,N/A,
GPU,3,N/A,N/A,N/A,N/A,N/A,N/A,N/A,
GPU,3,N/A,N/A,N/A,N/A,N/A,N/A,N/A,
GPU,3,N/A,N/A,N/A,N/A,N/A,N/A,N/A,
GPU,3,N/A,N/A,N/A,N/A,N/A,N/A,N/A,
GPU,3,N/A,N/A,N/A,N/A,N/A,N/A,N/A,
GPU,3,N/A,N/A,N/A,N/A,N/A,N/A,N/A,
GPU,3,N/A,N/A,N/A,N/A,N/A,N/A,N/A,
GPU,3,N/A,N/A,N/A,N/A,N/A,N/A,N/A,
GPU,3,N/A,N/A,N/A,N/A,N/A,N/A,N/A,
GPU,3,N/A,N/A,N/A,N/A,N/A,N/A,N/A,
GPU,3,N/A,N/A,N/A,N/A,N/A,N/A,N/A,
GPU,3,N/A,N/A,N/A,N/A,N/A,N/A,N/A,
GPU,3,N/A,N/A,N/A,N/A,N/A,N/A,N/A,
GPU,3,N/A,N/A,N/A,N/A,N/A,N/A,N/A,
GPU,3,N/A,N/A,N/A,N/A,N/A,N/A,N/A,
GPU,3,N/A,N/A,N/A,N/A,N/A,N/A,N/A,
GPU,3,N/A,N/A,N/A,N/A,N/A,N/A,N/A,
GPU,3,N/A,N/A,N/A,N/A,N/A,N/A,N/A,
GPU,3,N/A,N/A,N/A,N/A,N/A,N/A,N/A,
GPU,3,N/A,N/A,N/A,N/A,N/A,N/A,N/A,
GPU,3,N/A,N/A,N/A,N/A,N/A,N/A,N/A,
GPU,3,N/A,N/A,N/A,N/A,N/A,N/A,N/A,
GPU,3,N/A,N/A,N/A,N/A,N/A,N/A,N/A,
GPU,3,N/A,N/A,N/A,N/A,N/A,N/A,N/A,
GPU,3,N/A,N/A,N/A,N/A,N/A,N/A,N/A,
GPU,3,N/A,N/A,N/A,N/A,N/A,N/A,N/A,
GPU,3,N/A,N/A,N/A,N/A,N/A,N/A,N/A,
GPU,3,N/A,N/A,N/A,N/A,N/A,N/A,N/A,
GPU,3,N/A,N/A,N/A,N/A,N/A,N/A,N/A,
GPU,3,N/A,N/A,N/A,N/A,N/A,N/A,N/A,
GPU,3,N/A,N/A,N/A,N/A,N/A,N/A,N/A,
GPU,3,N/A,N/A,N/A,N/A,N/A,N/A,N/A,
GPU,3,N/A,N/A,N/A,N/A,N/A,N/A,N/A,
GPU,3,N/A,N/A,N/A,N/A,N/A,N/A,N/A,
GPU,3,N/A,N/A,N/A,N/A,N/A,N/A,N/A,
GPU,3,N/A,N/A,N/A,N/A,N/A,N/A,N/A,
GPU,3,N/A,N/A,N/A,N/A,N/A,N/A,N/A,
GPU,3,N/A,N/A,N/A,N/A,N/A,N/A,N/A,
GPU,3,N/A,N/A,N/A,N/A,N/A,N/A,N/A,
GPU,3,N/A,N/A,N/A,N/A,N/A,N/A,N/A,
GPU,3,N/A,N/A,N/A,N/A,N/A,N/A,N/A,
GPU,3,N/A,N/A,N/A,N/A,N/A,N/A,N/A,
GPU,3,N/A,N/A,N/A,N/A,N/A,N/A,N/A,
GPU,3,N/A,N/A,N/A,N/A,N/A,N/A,N/A,
GPU,3,N/A,N/A,N/A,N/A,N/A,N/A,N/A,
GPU,3,N/A,N/A,N/A,N/A,N/A,N/A,N/A,
GPU,3,N/A,N/A,N/A,N/A,N/A,N/A,N/A,
GPU,3,N/A,N/A,N/A,N/A,N/A,N/A,N/A,
GPU,3,N/A,N/A,N/A,N/A,N/A,N/A,N/A,
GPU,3,N/A,N/A,N/A,N/A,N/A,N/A,N/A,
GPU,3,N/A,N/A,N/A,N/A,N/A,N/A,N/A,
GPU,3,N/A,N/A,N/A,N/A,N/A,N/A,N/A,
GPU,3,N/A,N/A,N/A,N/A,N/A,N/A,N/A,
GPU,3,N/A,N/A,N/A,N/A,N/A,N/A,N/A,
GPU,3,N/A,N/A,N/A,N/A,N/A,N/A,N/A,
GPU,3,N/A,N/A,N/A,N/A,N/A,N/A,N/A,
GPU,3,N/A,N/A,N/A,N/A,N/A,N/A,N/A,
GPU,3,N/A,N/A,N/A,N/A,N/A,N/A,N/A,
GPU,3,N/A,N/A,N/A,N/A,N/A,N/A,N/A,
GPU,3,N/A,N/A,N/A,N/A,N/A,N/A,N/A,
GPU,3,N/A,N/A,N/A,N/A,N/A,N/A,N/A,
GPU,3,N/A,N/A,N/A,N/A,N/A,N/A,N/A,
GPU,3,N/A,N/A,N/A,N/A,N/A,N/A,N/A,
GPU,3,N/A,N/A,N/A,N/A,N/A,N/A,N/A,
GPU,3,0.001,0.000,0.001,676855,473799,1298803170,1023739345,
GPU,3,N/A,N/A,N/A,N/A,N/A,N/A,N/A,
GPU,3,N/A,N/A,N/A,N/A,N/A,N/A,N/A,
GPU,3,N/A,N/A,N/A,N/A,N/A,N/A,N/A,
GPU,3,N/A,N/A,N/A,N/A,N/A,N/A,N/A,
GPU,3,N/A,N/A,N/A,N/A,N/A,N/A,N/A,
GPU,3,N/A,N/A,N/A,N/A,N/A,N/A,N/A,
GPU,3,N/A,N/A,N/A,N/A,N/A,N/A,N/A,
GPU,3,N/A,N/A,N/A,N/A,N/A,N/A,N/A,
GPU,3,N/A,N/A,N/A,N/A,N/A,N/A,N/A,
GPU,3,N/A,N/A,N/A,N/A,N/A,N/A,N/A,
GPU,3,N/A,N/A,N/A,N/A,N/A,N/A,N/A,
GPU,3,N/A,N/A,N/A,N/A,N/A,N/A,N/A,
GPU,3,N/A,N/A,N/A,N/A,N/A,N/A,N/A,
GPU,3,N/A,N/A,N/A,N/A,N/A,N/A,N/A,
GPU,3,N/A,N/A,N/A,N/A,N/A,N/A,N/A,
GPU,3,N/A,N/A,N/A,N/A,N/A,N/A,N/A,
GPU,3,N/A,N/A,N/A,N/A,N/A,N/A,N/A,
GPU,3,N/A,N/A,N/A,N/A,N/A,N/A,N/A,
GPU,3,N/A,N/A,N/A,N/A,N/A,N/A,N/A,
GPU,3,N/A,N/A,N/A,N/A,N/A,N/A,N/A,
GPU,3,N/A,N/A,N/A,N/A,N/A,N/A,N/A,
GPU,3,N/A,N/A,N/A,N/A,N/A,N/A,N/A,
GPU,3,N/A,N/A,N/A,N/A,N/A,N/A,N/A,
GPU,3,N/A,N/A,N/A,N/A,N/A,N/A,N/A,
GPU,3,N/A,N/A,N/A,N/A,N/A,N/A,N/A,
GPU,3,N/A,N/A,N/A,N/A,N/A,N/A,N/A,
GPU,3,N/A,N/A,N/A,N/A,N/A,N/A,N/A,
GPU,3,N/A,N/A,N/A,N/A,N/A,N/A,N/A,
GPU,3,N/A,N/A,N/A,N/A,N/A,N/A,N/A,
GPU,3,N/A,N/A,N/A,N/A,N/A,N/A,N/A,
GPU,3,N/A,N/A,N/A,N/A,N/A,N/A,N/A,
GPU,3,N/A,N/A,N/A,N/A,N/A,N/A,N/A,
GPU,3,N/A,N/A,N/A,N/A,N/A,N/A,N/A,
GPU,3,N/A,N/A,N/A,N/A,N/A,N/A,N/A,
GPU,3,N/A,N/A,N/A,N/A,N/A,N/A,N/A,
GPU,3,N/A,N/A,N/A,N/A,N/A,N/A,N/A,
GPU,3,N/A,N/A,N/A,N/A,N/A,N/A,N/A,
GPU,3,N/A,N/A,N/A,N/A,N/A,N/A,N/A,
GPU,3,N/A,N/A,N/A,N/A,N/A,N/A,N/A,
GPU,3,N/A,N/A,N/A,N/A,N/A,N/A,N/A,
GPU,3,N/A,N/A,N/A,N/A,N/A,N/A,N/A,
GPU,3,N/A,N/A,N/A,N/A,N/A,N/A,N/A,
GPU,3,N/A,N/A,N/A,N/A,N/A,N/A,N/A,
GPU,3,N/A,N/A,N/A,N/A,N/A,N/A,N/A,
GPU,3,N/A,N/A,N/A,N/A,N/A,N/A,N/A,
GPU,3,N/A,N/A,N/A,N/A,N/A,N/A,N/A,
GPU,3,N/A,N/A,N/A,N/A,N/A,N/A,N/A,
GPU,3,N/A,N/A,N/A,N/A,N/A,N/A,N/A,
GPU,3,N/A,N/A,N/A,N/A,N/A,N/A,N/A,
GPU,3,N/A,N/A,N/A,N/A,N/A,N/A,N/A,
GPU,3,N/A,N/A,N/A,N/A,N/A,N/A,N/A,
GPU,3,N/A,N/A,N/A,N/A,N/A,N/A,N/A,
GPU,3,N/A,N/A,N/A,N/A,N/A,N/A,N/A,
GPU,3,N/A,N/A,N/A,N/A,N/A,N/A,N/A,
GPU,3,N/A,N/A,N/A,N/A,N/A,N/A,N/A,
GPU,3,N/A,N/A,N/A,N/A,N/A,N/A,N/A,
GPU,3,N/A,N/A,N/A,N/A,N/A,N/A,N/A,
GPU,3,N/A,N/A,N/A,N/A,N/A,N/A,N/A,
GPU,3,N/A,N/A,N/A,N/A,N/A,N/A,N/A,
GPU,3,N/A,N/A,N/A,N/A,N/A,N/A,N/A,
GPU,3,N/A,N/A,N/A,N/A,N/A,N/A,N/A,
GPU,3,N/A,N/A,N/A,N/A,N/A,N/A,N/A,
GPU,3,N/A,N/A,N/A,N/A,N/A,N/A,N/A,
GPU,3,N/A,N/A,N/A,N/A,N/A,N/A,N/A,
GPU,3,N/A,N/A,N/A,N/A,N/A,N/A,N/A,
GPU,3,N/A,N/A,N/A,N/A,N/A,N/A,N/A,
GPU,3,N/A,N/A,N/A,N/A,N/A,N/A,N/A,
GPU,3,N/A,N/A,N/A,N/A,N/A,N/A,N/A,
GPU,3,N/A,N/A,N/A,N/A,N/A,N/A,N/A,
GPU,3,N/A,N/A,N/A,N/A,N/A,N/A,N/A,
GPU,3,N/A,N/A,N/A,N/A,N/A,N/A,N/A,
GPU,3,N/A,N/A,N/A,N/A,N/A,N/A,N/A,
GPU,3,N/A,N/A,N/A,N/A,N/A,N/A,N/A,
GPU,3,N/A,N/A,N/A,N/A,N/A,N/A,N/A,
GPU,3,N/A,N/A,N/A,N/A,N/A,N/A,N/A,
GPU,3,N/A,N/A,N/A,N/A,N/A,N/A,N/A,
GPU,3,N/A,N/A,N/A,N/A,N/A,N/A,N/A,
GPU,3,N/A,N/A,N/A,N/A,N/A,N/A,N/A,
GPU,3,N/A,N/A,N/A,N/A,N/A,N/A,N/A,
GPU,3,0.001,0.000,N/A,N/A,N/A,N/A,N/A,
GPU,3,N/A,N/A,0.002,702812,614309,1364814467,1364809261,
GPU,3,N/A,N/A,N/A,N/A,N/A,N/A,N/A,
GPU,3,N/A,N/A,N/A,N/A,N/A,N/A,N/A,
GPU,3,N/A,N/A,N/A,N/A,N/A,N/A,N/A,
GPU,3,N/A,N/A,N/A,N/A,N/A,N/A,N/A,
GPU,3,N/A,N/A,N/A,N/A,N/A,N/A,N/A,
GPU,3,N/A,N/A,N/A,N/A,N/A,N/A,N/A,
GPU,3,N/A,N/A,N/A,N/A,N/A,N/A,N/A,
GPU,3,N/A,N/A,N/A,N/A,N/A,N/A,N/A,
GPU,3,N/A,N/A,N/A,N/A,N/A,N/A,N/A,
GPU,3,N/A,N/A,N/A,N/A,N/A,N/A,N/A,
GPU,3,N/A,N/A,N/A,N/A,N/A,N/A,N/A,
GPU,3,N/A,N/A,N/A,N/A,N/A,N/A,N/A,
GPU,3,N/A,N/A,N/A,N/A,N/A,N/A,N/A,
GPU,3,N/A,N/A,N/A,N/A,N/A,N/A,N/A,
GPU,3,N/A,N/A,N/A,N/A,N/A,N/A,N/A,
GPU,3,N/A,N/A,N/A,N/A,N/A,N/A,N/A,
GPU,3,N/A,N/A,N/A,N/A,N/A,N/A,N/A,
GPU,3,N/A,N/A,N/A,N/A,N/A,N/A,N/A,
GPU,3,N/A,N/A,N/A,N/A,N/A,N/A,N/A,
GPU,3,N/A,N/A,N/A,N/A,N/A,N/A,N/A,
GPU,3,N/A,N/A,N/A,N/A,N/A,N/A,N/A,
GPU,3,N/A,N/A,N/A,N/A,N/A,N/A,N/A,
GPU,3,N/A,N/A,N/A,N/A,N/A,N/A,N/A,
GPU,3,N/A,N/A,N/A,N/A,N/A,N/A,N/A,
GPU,3,N/A,N/A,N/A,N/A,N/A,N/A,N/A,
GPU,3,N/A,N/A,N/A,N/A,N/A,N/A,N/A,
GPU,3,N/A,N/A,N/A,N/A,N/A,N/A,N/A,
GPU,3,N/A,N/A,N/A,N/A,N/A,N/A,N/A,
GPU,3,N/A,N/A,N/A,N/A,N/A,N/A,N/A,
GPU,3,N/A,N/A,N/A,N/A,N/A,N/A,N/A,
GPU,3,N/A,N/A,N/A,N/A,N/A,N/A,N/A,
GPU,3,N/A,N/A,N/A,N/A,N/A,N/A,N/A,
GPU,3,N/A,N/A,N/A,N/A,N/A,N/A,N/A,
GPU,3,N/A,N/A,N/A,N/A,N/A,N/A,N/A,
GPU,3,N/A,N/A,N/A,N/A,N/A,N/A,N/A,
GPU,3,N/A,N/A,N/A,N/A,N/A,N/A,N/A,
GPU,3,N/A,N/A,N/A,N/A,N/A,N/A,N/A,
GPU,3,N/A,N/A,N/A,N/A,N/A,N/A,N/A,
GPU,3,N/A,N/A,N/A,N/A,N/A,N/A,N/A,
GPU,3,N/A,N/A,N/A,N/A,N/A,N/A,N/A,
GPU,3,N/A,N/A,N/A,N/A,N/A,N/A,N/A,
GPU,3,N/A,N/A,N/A,N/A,N/A,N/A,N/A,
GPU,3,N/A,N/A,N/A,N/A,N/A,N/A,N/A,
GPU,3,N/A,N/A,N/A,N/A,N/A,N/A,N/A,
GPU,3,N/A,N/A,N/A,N/A,N/A,N/A,N/A,
GPU,3,N/A,N/A,N/A,N/A,N/A,N/A,N/A,
GPU,3,N/A,N/A,N/A,N/A,N/A,N/A,N/A,
GPU,3,N/A,N/A,N/A,N/A,N/A,N/A,N/A,
GPU,3,N/A,N/A,N/A,N/A,N/A,N/A,N/A,
GPU,3,N/A,N/A,N/A,N/A,N/A,N/A,N/A,
GPU,3,N/A,N/A,N/A,N/A,N/A,N/A,N/A,
GPU,3,N/A,N/A,N/A,N/A,N/A,N/A,N/A,
GPU,3,N/A,N/A,N/A,N/A,N/A,N/A,N/A,
GPU,3,N/A,N/A,N/A,N/A,N/A,N/A,N/A,
GPU,3,N/A,N/A,N/A,N/A,N/A,N/A,N/A,
GPU,3,N/A,N/A,N/A,N/A,N/A,N/A,N/A,
GPU,3,N/A,N/A,N/A,N/A,N/A,N/A,N/A,
GPU,3,N/A,N/A,N/A,N/A,N/A,N/A,N/A,
GPU,3,N/A,N/A,N/A,N/A,N/A,N/A,N/A,
GPU,3,N/A,N/A,N/A,N/A,N/A,N/A,N/A,
GPU,3,N/A,N/A,N/A,N/A,N/A,N/A,N/A,
GPU,3,N/A,N/A,N/A,N/A,N/A,N/A,N/A,
GPU,3,N/A,N/A,N/A,N/A,N/A,N/A,N/A,
GPU,3,N/A,N/A,N/A,N/A,N/A,N/A,N/A,
GPU,3,N/A,N/A,N/A,N/A,N/A,N/A,N/A,
GPU,3,N/A,N/A,N/A,N/A,N/A,N/A,N/A,
GPU,3,N/A,N/A,N/A,N/A,N/A,N/A,N/A,
GPU,3,N/A,N/A,N/A,N/A,N/A,N/A,N/A,
GPU,3,N/A,N/A,N/A,N/A,N/A,N/A,N/A,
GPU,3,N/A,N/A,N/A,N/A,N/A,N/A,N/A,
GPU,3,N/A,N/A,N/A,N/A,N/A,N/A,N/A,
GPU,3,N/A,N/A,N/A,N/A,N/A,N/A,N/A,
GPU,3,N/A,N/A,N/A,N/A,N/A,N/A,N/A,
GPU,3,N/A,N/A,N/A,N/A,N/A,N/A,N/A,
GPU,3,N/A,N/A,N/A,N/A,N/A,N/A,N/A,
GPU,3,N/A,N/A,N/A,N/A,N/A,N/A,N/A,
GPU,3,N/A,N/A,N/A,N/A,N/A,N/A,N/A,
GPU,3,0.001,N/A,N/A,N/A,N/A,N/A,N/A,
GPU,3,N/A,N/A,0.002,812049,624653,1364658794,1364669205,
GPU,3,N/A,N/A,N/A,N/A,N/A,N/A,N/A,
GPU,3,N/A,N/A,N/A,N/A,N/A,N/A,N/A,
GPU,3,N/A,N/A,N/A,N/A,N/A,N/A,N/A,
GPU,3,N/A,N/A,N/A,N/A,N/A,N/A,N/A,
GPU,3,N/A,N/A,N/A,N/A,N/A,N/A,N/A,
GPU,3,N/A,N/A,N/A,N/A,N/A,N/A,N/A,
GPU,3,N/A,N/A,N/A,N/A,N/A,N/A,N/A,
GPU,3,N/A,N/A,N/A,N/A,N/A,N/A,N/A,
GPU,3,N/A,N/A,N/A,N/A,N/A,N/A,N/A,
GPU,3,N/A,N/A,N/A,N/A,N/A,N/A,N/A,
GPU,3,N/A,N/A,N/A,N/A,N/A,N/A,N/A,
GPU,3,N/A,N/A,N/A,N/A,N/A,N/A,N/A,
GPU,3,N/A,N/A,N/A,N/A,N/A,N/A,N/A,
GPU,3,N/A,N/A,N/A,N/A,N/A,N/A,N/A,
GPU,3,N/A,N/A,N/A,N/A,N/A,N/A,N/A,
GPU,3,N/A,N/A,N/A,N/A,N/A,N/A,N/A,
GPU,3,N/A,N/A,N/A,N/A,N/A,N/A,N/A,
GPU,3,N/A,N/A,N/A,N/A,N/A,N/A,N/A,
GPU,3,N/A,N/A,N/A,N/A,N/A,N/A,N/A,
GPU,3,N/A,N/A,N/A,N/A,N/A,N/A,N/A,
GPU,3,N/A,N/A,N/A,N/A,N/A,N/A,N/A,
GPU,3,N/A,N/A,N/A,N/A,N/A,N/A,N/A,
GPU,3,N/A,N/A,N/A,N/A,N/A,N/A,N/A,
GPU,3,N/A,N/A,N/A,N/A,N/A,N/A,N/A,
GPU,3,N/A,N/A,N/A,N/A,N/A,N/A,N/A,
GPU,3,N/A,N/A,N/A,N/A,N/A,N/A,N/A,
GPU,3,N/A,N/A,N/A,N/A,N/A,N/A,N/A,
GPU,3,N/A,N/A,N/A,N/A,N/A,N/A,N/A,
GPU,3,N/A,N/A,N/A,N/A,N/A,N/A,N/A,
GPU,3,N/A,N/A,N/A,N/A,N/A,N/A,N/A,
GPU,3,N/A,N/A,N/A,N/A,N/A,N/A,N/A,
GPU,3,N/A,N/A,N/A,N/A,N/A,N/A,N/A,
GPU,3,N/A,N/A,N/A,N/A,N/A,N/A,N/A,
GPU,3,N/A,N/A,N/A,N/A,N/A,N/A,N/A,
GPU,3,N/A,N/A,N/A,N/A,N/A,N/A,N/A,
GPU,3,N/A,N/A,N/A,N/A,N/A,N/A,N/A,
GPU,3,N/A,N/A,N/A,N/A,N/A,N/A,N/A,
GPU,3,N/A,N/A,N/A,N/A,N/A,N/A,N/A,
GPU,3,N/A,N/A,N/A,N/A,N/A,N/A,N/A,
GPU,3,N/A,N/A,N/A,N/A,N/A,N/A,N/A,
GPU,3,N/A,N/A,N/A,N/A,N/A,N/A,N/A,
GPU,3,N/A,N/A,N/A,N/A,N/A,N/A,N/A,
GPU,3,N/A,N/A,N/A,N/A,N/A,N/A,N/A,
GPU,3,N/A,N/A,N/A,N/A,N/A,N/A,N/A,
GPU,3,N/A,N/A,N/A,N/A,N/A,N/A,N/A,
GPU,3,N/A,N/A,N/A,N/A,N/A,N/A,N/A,
GPU,3,N/A,N/A,N/A,N/A,N/A,N/A,N/A,
GPU,3,N/A,N/A,N/A,N/A,N/A,N/A,N/A,
GPU,3,N/A,N/A,N/A,N/A,N/A,N/A,N/A,
GPU,3,N/A,N/A,N/A,N/A,N/A,N/A,N/A,
GPU,3,N/A,N/A,N/A,N/A,N/A,N/A,N/A,
GPU,3,N/A,N/A,N/A,N/A,N/A,N/A,N/A,
GPU,3,N/A,N/A,N/A,N/A,N/A,N/A,N/A,
GPU,3,N/A,N/A,N/A,N/A,N/A,N/A,N/A,
GPU,3,N/A,N/A,N/A,N/A,N/A,N/A,N/A,
GPU,3,N/A,N/A,N/A,N/A,N/A,N/A,N/A,
GPU,3,N/A,N/A,N/A,N/A,N/A,N/A,N/A,
GPU,3,N/A,N/A,N/A,N/A,N/A,N/A,N/A,
GPU,3,N/A,N/A,N/A,N/A,N/A,N/A,N/A,
GPU,3,N/A,N/A,N/A,N/A,N/A,N/A,N/A,
GPU,3,N/A,N/A,N/A,N/A,N/A,N/A,N/A,
GPU,3,N/A,N/A,N/A,N/A,N/A,N/A,N/A,
GPU,3,N/A,N/A,N/A,N/A,N/A,N/A,N/A,
GPU,3,N/A,N/A,N/A,N/A,N/A,N/A,N/A,
GPU,3,N/A,N/A,N/A,N/A,N/A,N/A,N/A,
GPU,3,N/A,N/A,N/A,N/A,N/A,N/A,N/A,
GPU,3,N/A,N/A,N/A,N/A,N/A,N/A,N/A,
GPU,3,N/A,N/A,N/A,N/A,N/A,N/A,N/A,
GPU,3,N/A,N/A,N/A,N/A,N/A,N/A,N/A,
GPU,3,N/A,N/A,N/A,N/A,N/A,N/A,N/A,
GPU,3,N/A,N/A,N/A,N/A,N/A,N/A,N/A,
GPU,3,N/A,N/A,N/A,N/A,N/A,N/A,N/A,
GPU,3,N/A,N/A,N/A,N/A,N/A,N/A,N/A,
GPU,3,N/A,N/A,N/A,N/A,N/A,N/A,N/A,
GPU,3,N/A,N/A,N/A,N/A,N/A,N/A,N/A,
GPU,3,N/A,N/A,N/A,N/A,N/A,N/A,N/A,
GPU,3,N/A,N/A,N/A,N/A,N/A,N/A,N/A,
GPU,3,N/A,N/A,N/A,N/A,N/A,N/A,N/A,
GPU,3,0.001,N/A,N/A,N/A,N/A,N/A,N/A,
GPU,3,N/A,0.000,0.002,707919,614224,1364634523,1364618907,
GPU,3,N/A,N/A,N/A,N/A,N/A,N/A,N/A,
GPU,3,N/A,N/A,N/A,N/A,N/A,N/A,N/A,
GPU,3,N/A,N/A,N/A,N/A,N/A,N/A,N/A,
GPU,3,N/A,N/A,N/A,N/A,N/A,N/A,N/A,
GPU,3,N/A,N/A,N/A,N/A,N/A,N/A,N/A,
GPU,3,N/A,N/A,N/A,N/A,N/A,N/A,N/A,
GPU,3,N/A,N/A,N/A,N/A,N/A,N/A,N/A,
GPU,3,N/A,N/A,N/A,N/A,N/A,N/A,N/A,
GPU,3,N/A,N/A,N/A,N/A,N/A,N/A,N/A,
GPU,3,N/A,N/A,N/A,N/A,N/A,N/A,N/A,
GPU,3,N/A,N/A,N/A,N/A,N/A,N/A,N/A,
GPU,3,N/A,N/A,N/A,N/A,N/A,N/A,N/A,
GPU,3,N/A,N/A,N/A,N/A,N/A,N/A,N/A,
GPU,3,N/A,N/A,N/A,N/A,N/A,N/A,N/A,
GPU,3,N/A,N/A,N/A,N/A,N/A,N/A,N/A,
GPU,3,N/A,N/A,N/A,N/A,N/A,N/A,N/A,
GPU,3,N/A,N/A,N/A,N/A,N/A,N/A,N/A,
GPU,3,N/A,N/A,N/A,N/A,N/A,N/A,N/A,
GPU,3,N/A,N/A,N/A,N/A,N/A,N/A,N/A,
GPU,3,N/A,N/A,N/A,N/A,N/A,N/A,N/A,
GPU,3,N/A,N/A,N/A,N/A,N/A,N/A,N/A,
GPU,3,N/A,N/A,N/A,N/A,N/A,N/A,N/A,
GPU,3,N/A,N/A,N/A,N/A,N/A,N/A,N/A,
GPU,3,N/A,N/A,N/A,N/A,N/A,N/A,N/A,
GPU,3,N/A,N/A,N/A,N/A,N/A,N/A,N/A,
GPU,3,N/A,N/A,N/A,N/A,N/A,N/A,N/A,
GPU,3,N/A,N/A,N/A,N/A,N/A,N/A,N/A,
GPU,3,N/A,N/A,N/A,N/A,N/A,N/A,N/A,
GPU,3,N/A,N/A,N/A,N/A,N/A,N/A,N/A,
GPU,3,N/A,N/A,N/A,N/A,N/A,N/A,N/A,
GPU,3,N/A,N/A,N/A,N/A,N/A,N/A,N/A,
GPU,3,N/A,N/A,N/A,N/A,N/A,N/A,N/A,
GPU,3,N/A,N/A,N/A,N/A,N/A,N/A,N/A,
GPU,3,N/A,N/A,N/A,N/A,N/A,N/A,N/A,
GPU,3,N/A,N/A,N/A,N/A,N/A,N/A,N/A,
GPU,3,N/A,N/A,N/A,N/A,N/A,N/A,N/A,
GPU,3,N/A,N/A,N/A,N/A,N/A,N/A,N/A,
GPU,3,N/A,N/A,N/A,N/A,N/A,N/A,N/A,
GPU,3,N/A,N/A,N/A,N/A,N/A,N/A,N/A,
GPU,3,N/A,N/A,N/A,N/A,N/A,N/A,N/A,
GPU,3,N/A,N/A,N/A,N/A,N/A,N/A,N/A,
GPU,3,N/A,N/A,N/A,N/A,N/A,N/A,N/A,
GPU,3,N/A,N/A,N/A,N/A,N/A,N/A,N/A,
GPU,3,N/A,N/A,N/A,N/A,N/A,N/A,N/A,
GPU,3,N/A,N/A,N/A,N/A,N/A,N/A,N/A,
GPU,3,N/A,N/A,N/A,N/A,N/A,N/A,N/A,
GPU,3,N/A,N/A,N/A,N/A,N/A,N/A,N/A,
GPU,3,N/A,N/A,N/A,N/A,N/A,N/A,N/A,
GPU,3,N/A,N/A,N/A,N/A,N/A,N/A,N/A,
GPU,3,N/A,N/A,N/A,N/A,N/A,N/A,N/A,
GPU,3,N/A,N/A,N/A,N/A,N/A,N/A,N/A,
GPU,3,N/A,N/A,N/A,N/A,N/A,N/A,N/A,
GPU,3,N/A,N/A,N/A,N/A,N/A,N/A,N/A,
GPU,3,N/A,N/A,N/A,N/A,N/A,N/A,N/A,
GPU,3,N/A,N/A,N/A,N/A,N/A,N/A,N/A,
GPU,3,N/A,N/A,N/A,N/A,N/A,N/A,N/A,
GPU,3,N/A,N/A,N/A,N/A,N/A,N/A,N/A,
GPU,3,N/A,N/A,N/A,N/A,N/A,N/A,N/A,
GPU,3,N/A,N/A,N/A,N/A,N/A,N/A,N/A,
GPU,3,N/A,N/A,N/A,N/A,N/A,N/A,N/A,
GPU,3,N/A,N/A,N/A,N/A,N/A,N/A,N/A,
GPU,3,N/A,N/A,N/A,N/A,N/A,N/A,N/A,
GPU,3,N/A,N/A,N/A,N/A,N/A,N/A,N/A,
GPU,3,N/A,N/A,N/A,N/A,N/A,N/A,N/A,
GPU,3,N/A,N/A,N/A,N/A,N/A,N/A,N/A,
GPU,3,N/A,N/A,N/A,N/A,N/A,N/A,N/A,
GPU,3,N/A,N/A,N/A,N/A,N/A,N/A,N/A,
GPU,3,N/A,N/A,N/A,N/A,N/A,N/A,N/A,
GPU,3,N/A,N/A,N/A,N/A,N/A,N/A,N/A,
GPU,3,N/A,N/A,N/A,N/A,N/A,N/A,N/A,
GPU,3,N/A,N/A,N/A,N/A,N/A,N/A,N/A,
GPU,3,N/A,N/A,N/A,N/A,N/A,N/A,N/A,
GPU,3,N/A,N/A,N/A,N/A,N/A,N/A,N/A,
GPU,3,N/A,N/A,N/A,N/A,N/A,N/A,N/A,
GPU,3,N/A,N/A,N/A,N/A,N/A,N/A,N/A,
GPU,3,N/A,N/A,N/A,N/A,N/A,N/A,N/A,
GPU,3,N/A,N/A,N/A,N/A,N/A,N/A,N/A,
GPU,3,N/A,N/A,N/A,N/A,N/A,N/A,N/A,
GPU,3,0.001,0.000,0.002,702544,619280,1364289490,1364299898,
GPU,3,N/A,N/A,N/A,N/A,N/A,N/A,N/A,
GPU,3,N/A,N/A,N/A,N/A,N/A,N/A,N/A,
GPU,3,N/A,N/A,N/A,N/A,N/A,N/A,N/A,
GPU,3,N/A,N/A,N/A,N/A,N/A,N/A,N/A,
GPU,3,N/A,N/A,N/A,N/A,N/A,N/A,N/A,
GPU,3,N/A,N/A,N/A,N/A,N/A,N/A,N/A,
GPU,3,N/A,N/A,N/A,N/A,N/A,N/A,N/A,
GPU,3,N/A,N/A,N/A,N/A,N/A,N/A,N/A,
GPU,3,N/A,N/A,N/A,N/A,N/A,N/A,N/A,
GPU,3,N/A,N/A,N/A,N/A,N/A,N/A,N/A,
GPU,3,N/A,N/A,N/A,N/A,N/A,N/A,N/A,
GPU,3,N/A,N/A,N/A,N/A,N/A,N/A,N/A,
GPU,3,N/A,N/A,N/A,N/A,N/A,N/A,N/A,
GPU,3,N/A,N/A,N/A,N/A,N/A,N/A,N/A,
GPU,3,N/A,N/A,N/A,N/A,N/A,N/A,N/A,
GPU,3,N/A,N/A,N/A,N/A,N/A,N/A,N/A,
GPU,3,N/A,N/A,N/A,N/A,N/A,N/A,N/A,
GPU,3,N/A,N/A,N/A,N/A,N/A,N/A,N/A,
GPU,3,N/A,N/A,N/A,N/A,N/A,N/A,N/A,
GPU,3,N/A,N/A,N/A,N/A,N/A,N/A,N/A,
GPU,3,N/A,N/A,N/A,N/A,N/A,N/A,N/A,
GPU,3,N/A,N/A,N/A,N/A,N/A,N/A,N/A,
GPU,3,N/A,N/A,N/A,N/A,N/A,N/A,N/A,
GPU,3,N/A,N/A,N/A,N/A,N/A,N/A,N/A,
GPU,3,N/A,N/A,N/A,N/A,N/A,N/A,N/A,
GPU,3,N/A,N/A,N/A,N/A,N/A,N/A,N/A,
GPU,3,N/A,N/A,N/A,N/A,N/A,N/A,N/A,
GPU,3,N/A,N/A,N/A,N/A,N/A,N/A,N/A,
GPU,3,N/A,N/A,N/A,N/A,N/A,N/A,N/A,
GPU,3,N/A,N/A,N/A,N/A,N/A,N/A,N/A,
GPU,3,N/A,N/A,N/A,N/A,N/A,N/A,N/A,
GPU,3,N/A,N/A,N/A,N/A,N/A,N/A,N/A,
GPU,3,N/A,N/A,N/A,N/A,N/A,N/A,N/A,
GPU,3,N/A,N/A,N/A,N/A,N/A,N/A,N/A,
GPU,3,N/A,N/A,N/A,N/A,N/A,N/A,N/A,
GPU,3,N/A,N/A,N/A,N/A,N/A,N/A,N/A,
GPU,3,N/A,N/A,N/A,N/A,N/A,N/A,N/A,
GPU,3,N/A,N/A,N/A,N/A,N/A,N/A,N/A,
GPU,3,N/A,N/A,N/A,N/A,N/A,N/A,N/A,
GPU,3,N/A,N/A,N/A,N/A,N/A,N/A,N/A,
GPU,3,N/A,N/A,N/A,N/A,N/A,N/A,N/A,
GPU,3,N/A,N/A,N/A,N/A,N/A,N/A,N/A,
GPU,3,N/A,N/A,N/A,N/A,N/A,N/A,N/A,
GPU,3,N/A,N/A,N/A,N/A,N/A,N/A,N/A,
GPU,3,N/A,N/A,N/A,N/A,N/A,N/A,N/A,
GPU,3,N/A,N/A,N/A,N/A,N/A,N/A,N/A,
GPU,3,N/A,N/A,N/A,N/A,N/A,N/A,N/A,
GPU,3,N/A,N/A,N/A,N/A,N/A,N/A,N/A,
GPU,3,N/A,N/A,N/A,N/A,N/A,N/A,N/A,
GPU,3,N/A,N/A,N/A,N/A,N/A,N/A,N/A,
GPU,3,N/A,N/A,N/A,N/A,N/A,N/A,N/A,
GPU,3,N/A,N/A,N/A,N/A,N/A,N/A,N/A,
GPU,3,N/A,N/A,N/A,N/A,N/A,N/A,N/A,
GPU,3,N/A,N/A,N/A,N/A,N/A,N/A,N/A,
GPU,3,N/A,N/A,N/A,N/A,N/A,N/A,N/A,
GPU,3,N/A,N/A,N/A,N/A,N/A,N/A,N/A,
GPU,3,N/A,N/A,N/A,N/A,N/A,N/A,N/A,
GPU,3,N/A,N/A,N/A,N/A,N/A,N/A,N/A,
GPU,3,N/A,N/A,N/A,N/A,N/A,N/A,N/A,
GPU,3,N/A,N/A,N/A,N/A,N/A,N/A,N/A,
GPU,3,N/A,N/A,N/A,N/A,N/A,N/A,N/A,
GPU,3,N/A,N/A,N/A,N/A,N/A,N/A,N/A,
GPU,3,N/A,N/A,N/A,N/A,N/A,N/A,N/A,
GPU,3,N/A,N/A,N/A,N/A,N/A,N/A,N/A,
GPU,3,N/A,N/A,N/A,N/A,N/A,N/A,N/A,
GPU,3,N/A,N/A,N/A,N/A,N/A,N/A,N/A,
GPU,3,N/A,N/A,N/A,N/A,N/A,N/A,N/A,
GPU,3,N/A,N/A,N/A,N/A,N/A,N/A,N/A,
GPU,3,N/A,N/A,N/A,N/A,N/A,N/A,N/A,
GPU,3,N/A,N/A,N/A,N/A,N/A,N/A,N/A,
GPU,3,N/A,N/A,N/A,N/A,N/A,N/A,N/A,
GPU,3,N/A,N/A,N/A,N/A,N/A,N/A,N/A,
GPU,3,N/A,N/A,N/A,N/A,N/A,N/A,N/A,
GPU,3,N/A,N/A,N/A,N/A,N/A,N/A,N/A,
GPU,3,N/A,N/A,N/A,N/A,N/A,N/A,N/A,
GPU,3,N/A,N/A,N/A,N/A,N/A,N/A,N/A,
GPU,3,N/A,N/A,N/A,N/A,N/A,N/A,N/A,
GPU,3,N/A,N/A,N/A,N/A,N/A,N/A,N/A,
GPU,3,N/A,N/A,N/A,N/A,N/A,N/A,N/A,
GPU,3,0.001,0.000,N/A,N/A,N/A,N/A,N/A,
GPU,3,N/A,N/A,N/A,N/A,N/A,N/A,N/A,
GPU,3,N/A,N/A,N/A,N/A,N/A,N/A,N/A,
GPU,3,N/A,N/A,N/A,N/A,N/A,N/A,N/A,
GPU,3,N/A,N/A,N/A,N/A,N/A,N/A,N/A,
GPU,3,N/A,N/A,N/A,N/A,N/A,N/A,N/A,
GPU,3,N/A,N/A,N/A,N/A,N/A,N/A,N/A,
GPU,3,N/A,N/A,N/A,N/A,N/A,N/A,N/A,
GPU,3,N/A,N/A,N/A,N/A,N/A,N/A,N/A,
GPU,3,N/A,N/A,N/A,N/A,N/A,N/A,N/A,
GPU,3,N/A,N/A,N/A,N/A,N/A,N/A,N/A,
GPU,3,N/A,N/A,N/A,N/A,N/A,N/A,N/A,
GPU,3,N/A,N/A,N/A,N/A,N/A,N/A,N/A,
GPU,3,N/A,N/A,N/A,N/A,N/A,N/A,N/A,
GPU,3,N/A,N/A,N/A,N/A,N/A,N/A,N/A,
GPU,3,N/A,N/A,N/A,N/A,N/A,N/A,N/A,
GPU,3,N/A,N/A,N/A,N/A,N/A,N/A,N/A,
GPU,3,N/A,N/A,N/A,N/A,N/A,N/A,N/A,
GPU,3,N/A,N/A,N/A,N/A,N/A,N/A,N/A,
GPU,3,N/A,N/A,N/A,N/A,N/A,N/A,N/A,
GPU,3,N/A,N/A,N/A,N/A,N/A,N/A,N/A,
GPU,3,N/A,N/A,N/A,N/A,N/A,N/A,N/A,
GPU,3,N/A,N/A,N/A,N/A,N/A,N/A,N/A,
GPU,3,N/A,N/A,N/A,N/A,N/A,N/A,N/A,
GPU,3,N/A,N/A,N/A,N/A,N/A,N/A,N/A,
GPU,3,N/A,N/A,N/A,N/A,N/A,N/A,N/A,
GPU,3,N/A,N/A,N/A,N/A,N/A,N/A,N/A,
GPU,3,N/A,N/A,N/A,N/A,N/A,N/A,N/A,
GPU,3,N/A,N/A,N/A,N/A,N/A,N/A,N/A,
GPU,3,N/A,N/A,N/A,N/A,N/A,N/A,N/A,
GPU,3,N/A,N/A,N/A,N/A,N/A,N/A,N/A,
GPU,3,N/A,N/A,N/A,N/A,N/A,N/A,N/A,
GPU,3,N/A,N/A,N/A,N/A,N/A,N/A,N/A,
GPU,3,N/A,N/A,N/A,N/A,N/A,N/A,N/A,
GPU,3,N/A,N/A,N/A,N/A,N/A,N/A,N/A,
GPU,3,N/A,N/A,N/A,N/A,N/A,N/A,N/A,
GPU,3,N/A,N/A,N/A,N/A,N/A,N/A,N/A,
GPU,3,N/A,N/A,N/A,N/A,N/A,N/A,N/A,
GPU,3,N/A,N/A,N/A,N/A,N/A,N/A,N/A,
GPU,3,N/A,N/A,N/A,N/A,N/A,N/A,N/A,
GPU,3,N/A,N/A,N/A,N/A,N/A,N/A,N/A,
GPU,3,N/A,N/A,N/A,N/A,N/A,N/A,N/A,
GPU,3,N/A,N/A,N/A,N/A,N/A,N/A,N/A,
GPU,3,N/A,N/A,N/A,N/A,N/A,N/A,N/A,
GPU,3,N/A,N/A,N/A,N/A,N/A,N/A,N/A,
GPU,3,N/A,N/A,N/A,N/A,N/A,N/A,N/A,
GPU,3,N/A,N/A,N/A,N/A,N/A,N/A,N/A,
GPU,3,N/A,N/A,N/A,N/A,N/A,N/A,N/A,
GPU,3,N/A,N/A,N/A,N/A,N/A,N/A,N/A,
GPU,3,N/A,N/A,N/A,N/A,N/A,N/A,N/A,
GPU,3,N/A,N/A,N/A,N/A,N/A,N/A,N/A,
GPU,3,N/A,N/A,N/A,N/A,N/A,N/A,N/A,
GPU,3,N/A,N/A,N/A,N/A,N/A,N/A,N/A,
GPU,3,N/A,N/A,N/A,N/A,N/A,N/A,N/A,
GPU,3,N/A,N/A,N/A,N/A,N/A,N/A,N/A,
GPU,3,N/A,N/A,N/A,N/A,N/A,N/A,N/A,
GPU,3,N/A,N/A,N/A,N/A,N/A,N/A,N/A,
GPU,3,N/A,N/A,N/A,N/A,N/A,N/A,N/A,
GPU,3,N/A,N/A,N/A,N/A,N/A,N/A,N/A,
GPU,3,N/A,N/A,N/A,N/A,N/A,N/A,N/A,
GPU,3,N/A,N/A,N/A,N/A,N/A,N/A,N/A,
GPU,3,N/A,N/A,N/A,N/A,N/A,N/A,N/A,
GPU,3,N/A,N/A,N/A,N/A,N/A,N/A,N/A,
GPU,3,N/A,N/A,N/A,N/A,N/A,N/A,N/A,
GPU,3,N/A,N/A,N/A,N/A,N/A,N/A,N/A,
GPU,3,N/A,N/A,N/A,N/A,N/A,N/A,N/A,
GPU,3,N/A,N/A,N/A,N/A,N/A,N/A,N/A,
GPU,3,N/A,N/A,N/A,N/A,N/A,N/A,N/A,
GPU,3,N/A,N/A,N/A,N/A,N/A,N/A,N/A,
GPU,3,N/A,N/A,N/A,N/A,N/A,N/A,N/A,
GPU,3,N/A,N/A,N/A,N/A,N/A,N/A,N/A,
GPU,3,N/A,N/A,N/A,N/A,N/A,N/A,N/A,
GPU,3,N/A,N/A,N/A,N/A,N/A,N/A,N/A,
GPU,3,N/A,N/A,N/A,N/A,N/A,N/A,N/A,
GPU,3,N/A,N/A,N/A,N/A,N/A,N/A,N/A,
GPU,3,N/A,N/A,N/A,N/A,N/A,N/A,N/A,
GPU,3,N/A,N/A,N/A,N/A,N/A,N/A,N/A,
GPU,3,N/A,N/A,N/A,N/A,N/A,N/A,N/A,
GPU,3,N/A,N/A,N/A,N/A,N/A,N/A,N/A,
GPU,3,0.001,0.000,N/A,N/A,N/A,N/A,N/A,
GPU,3,N/A,N/A,0.002,702733,614241,1364661398,1364656193,
GPU,3,N/A,N/A,N/A,N/A,N/A,N/A,N/A,
GPU,3,N/A,N/A,N/A,N/A,N/A,N/A,N/A,
GPU,3,N/A,N/A,N/A,N/A,N/A,N/A,N/A,
GPU,3,N/A,N/A,N/A,N/A,N/A,N/A,N/A,
GPU,3,N/A,N/A,N/A,N/A,N/A,N/A,N/A,
GPU,3,N/A,N/A,N/A,N/A,N/A,N/A,N/A,
GPU,3,N/A,N/A,N/A,N/A,N/A,N/A,N/A,
GPU,3,N/A,N/A,N/A,N/A,N/A,N/A,N/A,
GPU,3,N/A,N/A,N/A,N/A,N/A,N/A,N/A,
GPU,3,N/A,N/A,N/A,N/A,N/A,N/A,N/A,
GPU,3,N/A,N/A,N/A,N/A,N/A,N/A,N/A,
GPU,3,N/A,N/A,N/A,N/A,N/A,N/A,N/A,
GPU,3,N/A,N/A,N/A,N/A,N/A,N/A,N/A,
GPU,3,N/A,N/A,N/A,N/A,N/A,N/A,N/A,
GPU,3,N/A,N/A,N/A,N/A,N/A,N/A,N/A,
GPU,3,N/A,N/A,N/A,N/A,N/A,N/A,N/A,
GPU,3,N/A,N/A,N/A,N/A,N/A,N/A,N/A,
GPU,3,N/A,N/A,N/A,N/A,N/A,N/A,N/A,
GPU,3,N/A,N/A,N/A,N/A,N/A,N/A,N/A,
GPU,3,N/A,N/A,N/A,N/A,N/A,N/A,N/A,
GPU,3,N/A,N/A,N/A,N/A,N/A,N/A,N/A,
GPU,3,N/A,N/A,N/A,N/A,N/A,N/A,N/A,
GPU,3,N/A,N/A,N/A,N/A,N/A,N/A,N/A,
GPU,3,N/A,N/A,N/A,N/A,N/A,N/A,N/A,
GPU,3,N/A,N/A,N/A,N/A,N/A,N/A,N/A,
GPU,3,N/A,N/A,N/A,N/A,N/A,N/A,N/A,
GPU,3,N/A,N/A,N/A,N/A,N/A,N/A,N/A,
GPU,3,N/A,N/A,N/A,N/A,N/A,N/A,N/A,
GPU,3,N/A,N/A,N/A,N/A,N/A,N/A,N/A,
GPU,3,N/A,N/A,N/A,N/A,N/A,N/A,N/A,
GPU,3,N/A,N/A,N/A,N/A,N/A,N/A,N/A,
GPU,3,N/A,N/A,N/A,N/A,N/A,N/A,N/A,
GPU,3,N/A,N/A,N/A,N/A,N/A,N/A,N/A,
GPU,3,N/A,N/A,N/A,N/A,N/A,N/A,N/A,
GPU,3,N/A,N/A,N/A,N/A,N/A,N/A,N/A,
GPU,3,N/A,N/A,N/A,N/A,N/A,N/A,N/A,
GPU,3,N/A,N/A,N/A,N/A,N/A,N/A,N/A,
GPU,3,N/A,N/A,N/A,N/A,N/A,N/A,N/A,
GPU,3,N/A,N/A,N/A,N/A,N/A,N/A,N/A,
GPU,3,N/A,N/A,N/A,N/A,N/A,N/A,N/A,
GPU,3,N/A,N/A,N/A,N/A,N/A,N/A,N/A,
GPU,3,N/A,N/A,N/A,N/A,N/A,N/A,N/A,
GPU,3,N/A,N/A,N/A,N/A,N/A,N/A,N/A,
GPU,3,N/A,N/A,N/A,N/A,N/A,N/A,N/A,
GPU,3,N/A,N/A,N/A,N/A,N/A,N/A,N/A,
GPU,3,N/A,N/A,N/A,N/A,N/A,N/A,N/A,
GPU,3,N/A,N/A,N/A,N/A,N/A,N/A,N/A,
GPU,3,N/A,N/A,N/A,N/A,N/A,N/A,N/A,
GPU,3,N/A,N/A,N/A,N/A,N/A,N/A,N/A,
GPU,3,N/A,N/A,N/A,N/A,N/A,N/A,N/A,
GPU,3,N/A,N/A,N/A,N/A,N/A,N/A,N/A,
GPU,3,N/A,N/A,N/A,N/A,N/A,N/A,N/A,
GPU,3,N/A,N/A,N/A,N/A,N/A,N/A,N/A,
GPU,3,N/A,N/A,N/A,N/A,N/A,N/A,N/A,
GPU,3,N/A,N/A,N/A,N/A,N/A,N/A,N/A,
GPU,3,N/A,N/A,N/A,N/A,N/A,N/A,N/A,
GPU,3,N/A,N/A,N/A,N/A,N/A,N/A,N/A,
GPU,3,N/A,N/A,N/A,N/A,N/A,N/A,N/A,
GPU,3,N/A,N/A,N/A,N/A,N/A,N/A,N/A,
GPU,3,N/A,N/A,N/A,N/A,N/A,N/A,N/A,
GPU,3,N/A,N/A,N/A,N/A,N/A,N/A,N/A,
GPU,3,N/A,N/A,N/A,N/A,N/A,N/A,N/A,
GPU,3,N/A,N/A,N/A,N/A,N/A,N/A,N/A,
GPU,3,N/A,N/A,N/A,N/A,N/A,N/A,N/A,
GPU,3,N/A,N/A,N/A,N/A,N/A,N/A,N/A,
GPU,3,N/A,N/A,N/A,N/A,N/A,N/A,N/A,
GPU,3,N/A,N/A,N/A,N/A,N/A,N/A,N/A,
GPU,3,N/A,N/A,N/A,N/A,N/A,N/A,N/A,
GPU,3,N/A,N/A,N/A,N/A,N/A,N/A,N/A,
GPU,3,N/A,N/A,N/A,N/A,N/A,N/A,N/A,
GPU,3,N/A,N/A,N/A,N/A,N/A,N/A,N/A,
GPU,3,N/A,N/A,N/A,N/A,N/A,N/A,N/A,
GPU,3,N/A,N/A,N/A,N/A,N/A,N/A,N/A,
GPU,3,N/A,N/A,N/A,N/A,N/A,N/A,N/A,
GPU,3,N/A,N/A,N/A,N/A,N/A,N/A,N/A,
GPU,3,N/A,N/A,N/A,N/A,N/A,N/A,N/A,
GPU,3,N/A,N/A,N/A,N/A,N/A,N/A,N/A,
GPU,3,N/A,N/A,N/A,N/A,N/A,N/A,N/A,
GPU,3,N/A,N/A,0.002,702699,609006,1364591160,1364606776,
GPU,3,N/A,N/A,N/A,N/A,N/A,N/A,N/A,
GPU,3,N/A,N/A,N/A,N/A,N/A,N/A,N/A,
GPU,3,N/A,N/A,N/A,N/A,N/A,N/A,N/A,
GPU,3,N/A,N/A,N/A,N/A,N/A,N/A,N/A,
GPU,3,N/A,N/A,N/A,N/A,N/A,N/A,N/A,
GPU,3,N/A,N/A,N/A,N/A,N/A,N/A,N/A,
GPU,3,N/A,N/A,N/A,N/A,N/A,N/A,N/A,
GPU,3,N/A,N/A,N/A,N/A,N/A,N/A,N/A,
GPU,3,N/A,N/A,N/A,N/A,N/A,N/A,N/A,
GPU,3,N/A,N/A,N/A,N/A,N/A,N/A,N/A,
GPU,3,N/A,N/A,N/A,N/A,N/A,N/A,N/A,
GPU,3,N/A,N/A,N/A,N/A,N/A,N/A,N/A,
GPU,3,N/A,N/A,N/A,N/A,N/A,N/A,N/A,
GPU,3,N/A,N/A,N/A,N/A,N/A,N/A,N/A,
GPU,3,N/A,N/A,N/A,N/A,N/A,N/A,N/A,
GPU,3,N/A,N/A,N/A,N/A,N/A,N/A,N/A,
GPU,3,N/A,N/A,N/A,N/A,N/A,N/A,N/A,
GPU,3,N/A,N/A,N/A,N/A,N/A,N/A,N/A,
GPU,3,N/A,N/A,N/A,N/A,N/A,N/A,N/A,
GPU,3,N/A,N/A,N/A,N/A,N/A,N/A,N/A,
GPU,3,N/A,N/A,N/A,N/A,N/A,N/A,N/A,
GPU,3,N/A,N/A,N/A,N/A,N/A,N/A,N/A,
GPU,3,N/A,N/A,N/A,N/A,N/A,N/A,N/A,
GPU,3,N/A,N/A,N/A,N/A,N/A,N/A,N/A,
GPU,3,N/A,N/A,N/A,N/A,N/A,N/A,N/A,
GPU,3,N/A,N/A,N/A,N/A,N/A,N/A,N/A,
GPU,3,N/A,N/A,N/A,N/A,N/A,N/A,N/A,
GPU,3,N/A,N/A,N/A,N/A,N/A,N/A,N/A,
GPU,3,N/A,N/A,N/A,N/A,N/A,N/A,N/A,
GPU,3,N/A,N/A,N/A,N/A,N/A,N/A,N/A,
GPU,3,N/A,N/A,N/A,N/A,N/A,N/A,N/A,
GPU,3,N/A,N/A,N/A,N/A,N/A,N/A,N/A,
GPU,3,N/A,N/A,N/A,N/A,N/A,N/A,N/A,
GPU,3,N/A,N/A,N/A,N/A,N/A,N/A,N/A,
GPU,3,N/A,N/A,N/A,N/A,N/A,N/A,N/A,
GPU,3,N/A,N/A,N/A,N/A,N/A,N/A,N/A,
GPU,3,N/A,N/A,N/A,N/A,N/A,N/A,N/A,
GPU,3,N/A,N/A,N/A,N/A,N/A,N/A,N/A,
GPU,3,N/A,N/A,N/A,N/A,N/A,N/A,N/A,
GPU,3,N/A,N/A,N/A,N/A,N/A,N/A,N/A,
GPU,3,N/A,N/A,N/A,N/A,N/A,N/A,N/A,
GPU,3,N/A,N/A,N/A,N/A,N/A,N/A,N/A,
GPU,3,N/A,N/A,N/A,N/A,N/A,N/A,N/A,
GPU,3,N/A,N/A,N/A,N/A,N/A,N/A,N/A,
GPU,3,N/A,N/A,N/A,N/A,N/A,N/A,N/A,
GPU,3,N/A,N/A,N/A,N/A,N/A,N/A,N/A,
GPU,3,N/A,N/A,N/A,N/A,N/A,N/A,N/A,
GPU,3,N/A,N/A,N/A,N/A,N/A,N/A,N/A,
GPU,3,N/A,N/A,N/A,N/A,N/A,N/A,N/A,
GPU,3,N/A,N/A,N/A,N/A,N/A,N/A,N/A,
GPU,3,N/A,N/A,N/A,N/A,N/A,N/A,N/A,
GPU,3,N/A,N/A,N/A,N/A,N/A,N/A,N/A,
GPU,3,N/A,N/A,N/A,N/A,N/A,N/A,N/A,
GPU,3,N/A,N/A,N/A,N/A,N/A,N/A,N/A,
GPU,3,N/A,N/A,N/A,N/A,N/A,N/A,N/A,
GPU,3,N/A,N/A,N/A,N/A,N/A,N/A,N/A,
GPU,3,N/A,N/A,N/A,N/A,N/A,N/A,N/A,
GPU,3,N/A,N/A,N/A,N/A,N/A,N/A,N/A,
GPU,3,N/A,N/A,N/A,N/A,N/A,N/A,N/A,
GPU,3,N/A,N/A,N/A,N/A,N/A,N/A,N/A,
GPU,3,N/A,N/A,N/A,N/A,N/A,N/A,N/A,
GPU,3,N/A,N/A,N/A,N/A,N/A,N/A,N/A,
GPU,3,N/A,N/A,N/A,N/A,N/A,N/A,N/A,
GPU,3,N/A,N/A,N/A,N/A,N/A,N/A,N/A,
GPU,3,N/A,N/A,N/A,N/A,N/A,N/A,N/A,
GPU,3,N/A,N/A,N/A,N/A,N/A,N/A,N/A,
GPU,3,N/A,N/A,N/A,N/A,N/A,N/A,N/A,
GPU,3,N/A,N/A,N/A,N/A,N/A,N/A,N/A,
GPU,3,N/A,N/A,N/A,N/A,N/A,N/A,N/A,
GPU,3,N/A,N/A,N/A,N/A,N/A,N/A,N/A,
GPU,3,N/A,N/A,N/A,N/A,N/A,N/A,N/A,
GPU,3,N/A,N/A,N/A,N/A,N/A,N/A,N/A,
GPU,3,N/A,N/A,N/A,N/A,N/A,N/A,N/A,
GPU,3,N/A,N/A,N/A,N/A,N/A,N/A,N/A,
GPU,3,N/A,N/A,N/A,N/A,N/A,N/A,N/A,
GPU,3,N/A,N/A,N/A,N/A,N/A,N/A,N/A,
GPU,3,N/A,N/A,N/A,N/A,N/A,N/A,N/A,
GPU,3,N/A,N/A,N/A,N/A,N/A,N/A,N/A,
GPU,3,0.001,0.000,0.002,702792,614292,1364781077,1364770665,
GPU,3,N/A,N/A,N/A,N/A,N/A,N/A,N/A,
GPU,3,N/A,N/A,N/A,N/A,N/A,N/A,N/A,
GPU,3,N/A,N/A,N/A,N/A,N/A,N/A,N/A,
GPU,3,N/A,N/A,N/A,N/A,N/A,N/A,N/A,
GPU,3,N/A,N/A,N/A,N/A,N/A,N/A,N/A,
GPU,3,N/A,N/A,N/A,N/A,N/A,N/A,N/A,
GPU,3,N/A,N/A,N/A,N/A,N/A,N/A,N/A,
GPU,3,N/A,N/A,N/A,N/A,N/A,N/A,N/A,
GPU,3,N/A,N/A,N/A,N/A,N/A,N/A,N/A,
GPU,3,N/A,N/A,N/A,N/A,N/A,N/A,N/A,
GPU,3,N/A,N/A,N/A,N/A,N/A,N/A,N/A,
GPU,3,N/A,N/A,N/A,N/A,N/A,N/A,N/A,
GPU,3,N/A,N/A,N/A,N/A,N/A,N/A,N/A,
GPU,3,N/A,N/A,N/A,N/A,N/A,N/A,N/A,
GPU,3,N/A,N/A,N/A,N/A,N/A,N/A,N/A,
GPU,3,N/A,N/A,N/A,N/A,N/A,N/A,N/A,
GPU,3,N/A,N/A,N/A,N/A,N/A,N/A,N/A,
GPU,3,N/A,N/A,N/A,N/A,N/A,N/A,N/A,
GPU,3,N/A,N/A,N/A,N/A,N/A,N/A,N/A,
GPU,3,N/A,N/A,N/A,N/A,N/A,N/A,N/A,
GPU,3,N/A,N/A,N/A,N/A,N/A,N/A,N/A,
GPU,3,N/A,N/A,N/A,N/A,N/A,N/A,N/A,
GPU,3,N/A,N/A,N/A,N/A,N/A,N/A,N/A,
GPU,3,N/A,N/A,N/A,N/A,N/A,N/A,N/A,
GPU,3,N/A,N/A,N/A,N/A,N/A,N/A,N/A,
GPU,3,N/A,N/A,N/A,N/A,N/A,N/A,N/A,
GPU,3,N/A,N/A,N/A,N/A,N/A,N/A,N/A,
GPU,3,N/A,N/A,N/A,N/A,N/A,N/A,N/A,
GPU,3,N/A,N/A,N/A,N/A,N/A,N/A,N/A,
GPU,3,N/A,N/A,N/A,N/A,N/A,N/A,N/A,
GPU,3,N/A,N/A,N/A,N/A,N/A,N/A,N/A,
GPU,3,N/A,N/A,N/A,N/A,N/A,N/A,N/A,
GPU,3,N/A,N/A,N/A,N/A,N/A,N/A,N/A,
GPU,3,N/A,N/A,N/A,N/A,N/A,N/A,N/A,
GPU,3,N/A,N/A,N/A,N/A,N/A,N/A,N/A,
GPU,3,N/A,N/A,N/A,N/A,N/A,N/A,N/A,
GPU,3,N/A,N/A,N/A,N/A,N/A,N/A,N/A,
GPU,3,N/A,N/A,N/A,N/A,N/A,N/A,N/A,
GPU,3,N/A,N/A,N/A,N/A,N/A,N/A,N/A,
GPU,3,N/A,N/A,N/A,N/A,N/A,N/A,N/A,
GPU,3,N/A,N/A,N/A,N/A,N/A,N/A,N/A,
GPU,3,N/A,N/A,N/A,N/A,N/A,N/A,N/A,
GPU,3,N/A,N/A,N/A,N/A,N/A,N/A,N/A,
GPU,3,N/A,N/A,N/A,N/A,N/A,N/A,N/A,
GPU,3,N/A,N/A,N/A,N/A,N/A,N/A,N/A,
GPU,3,N/A,N/A,N/A,N/A,N/A,N/A,N/A,
GPU,3,N/A,N/A,N/A,N/A,N/A,N/A,N/A,
GPU,3,N/A,N/A,N/A,N/A,N/A,N/A,N/A,
GPU,3,N/A,N/A,N/A,N/A,N/A,N/A,N/A,
GPU,3,N/A,N/A,N/A,N/A,N/A,N/A,N/A,
GPU,3,N/A,N/A,N/A,N/A,N/A,N/A,N/A,
GPU,3,N/A,N/A,N/A,N/A,N/A,N/A,N/A,
GPU,3,N/A,N/A,N/A,N/A,N/A,N/A,N/A,
GPU,3,N/A,N/A,N/A,N/A,N/A,N/A,N/A,
GPU,3,N/A,N/A,N/A,N/A,N/A,N/A,N/A,
GPU,3,N/A,N/A,N/A,N/A,N/A,N/A,N/A,
GPU,3,N/A,N/A,N/A,N/A,N/A,N/A,N/A,
GPU,3,N/A,N/A,N/A,N/A,N/A,N/A,N/A,
GPU,3,N/A,N/A,N/A,N/A,N/A,N/A,N/A,
GPU,3,N/A,N/A,N/A,N/A,N/A,N/A,N/A,
GPU,3,N/A,N/A,N/A,N/A,N/A,N/A,N/A,
GPU,3,N/A,N/A,N/A,N/A,N/A,N/A,N/A,
GPU,3,N/A,N/A,N/A,N/A,N/A,N/A,N/A,
GPU,3,N/A,N/A,N/A,N/A,N/A,N/A,N/A,
GPU,3,N/A,N/A,N/A,N/A,N/A,N/A,N/A,
GPU,3,N/A,N/A,N/A,N/A,N/A,N/A,N/A,
GPU,3,N/A,N/A,N/A,N/A,N/A,N/A,N/A,
GPU,3,N/A,N/A,N/A,N/A,N/A,N/A,N/A,
GPU,3,N/A,N/A,N/A,N/A,N/A,N/A,N/A,
GPU,3,N/A,N/A,N/A,N/A,N/A,N/A,N/A,
GPU,3,N/A,N/A,N/A,N/A,N/A,N/A,N/A,
GPU,3,N/A,N/A,N/A,N/A,N/A,N/A,N/A,
GPU,3,N/A,N/A,N/A,N/A,N/A,N/A,N/A,
GPU,3,N/A,N/A,N/A,N/A,N/A,N/A,N/A,
GPU,3,N/A,N/A,N/A,N/A,N/A,N/A,N/A,
GPU,3,N/A,N/A,N/A,N/A,N/A,N/A,N/A,
GPU,3,N/A,N/A,N/A,N/A,N/A,N/A,N/A,
GPU,3,N/A,N/A,N/A,N/A,N/A,N/A,N/A,
GPU,3,0.001,0.000,0.001,655841,463252,1023419307,1023424512,
GPU,3,N/A,N/A,N/A,N/A,N/A,N/A,N/A,
GPU,3,N/A,N/A,N/A,N/A,N/A,N/A,N/A,
GPU,3,N/A,N/A,N/A,N/A,N/A,N/A,N/A,
GPU,3,N/A,N/A,N/A,N/A,N/A,N/A,N/A,
GPU,3,N/A,N/A,N/A,N/A,N/A,N/A,N/A,
GPU,3,N/A,N/A,N/A,N/A,N/A,N/A,N/A,
GPU,3,N/A,N/A,N/A,N/A,N/A,N/A,N/A,
GPU,3,N/A,N/A,N/A,N/A,N/A,N/A,N/A,
GPU,3,N/A,N/A,N/A,N/A,N/A,N/A,N/A,
GPU,3,N/A,N/A,N/A,N/A,N/A,N/A,N/A,
GPU,3,N/A,N/A,N/A,N/A,N/A,N/A,N/A,
GPU,3,N/A,N/A,N/A,N/A,N/A,N/A,N/A,
GPU,3,N/A,N/A,N/A,N/A,N/A,N/A,N/A,
GPU,3,N/A,N/A,N/A,N/A,N/A,N/A,N/A,
GPU,3,N/A,N/A,N/A,N/A,N/A,N/A,N/A,
GPU,3,N/A,N/A,N/A,N/A,N/A,N/A,N/A,
GPU,3,N/A,N/A,N/A,N/A,N/A,N/A,N/A,
GPU,3,N/A,N/A,N/A,N/A,N/A,N/A,N/A,
GPU,3,N/A,N/A,N/A,N/A,N/A,N/A,N/A,
GPU,3,N/A,N/A,N/A,N/A,N/A,N/A,N/A,
GPU,3,N/A,N/A,N/A,N/A,N/A,N/A,N/A,
GPU,3,N/A,N/A,N/A,N/A,N/A,N/A,N/A,
GPU,3,N/A,N/A,N/A,N/A,N/A,N/A,N/A,
GPU,3,N/A,N/A,N/A,N/A,N/A,N/A,N/A,
GPU,3,N/A,N/A,N/A,N/A,N/A,N/A,N/A,
GPU,3,N/A,N/A,N/A,N/A,N/A,N/A,N/A,
GPU,3,N/A,N/A,N/A,N/A,N/A,N/A,N/A,
GPU,3,N/A,N/A,N/A,N/A,N/A,N/A,N/A,
GPU,3,N/A,N/A,N/A,N/A,N/A,N/A,N/A,
GPU,3,N/A,N/A,N/A,N/A,N/A,N/A,N/A,
GPU,3,N/A,N/A,N/A,N/A,N/A,N/A,N/A,
GPU,3,N/A,N/A,N/A,N/A,N/A,N/A,N/A,
GPU,3,N/A,N/A,N/A,N/A,N/A,N/A,N/A,
GPU,3,N/A,N/A,N/A,N/A,N/A,N/A,N/A,
GPU,3,N/A,N/A,N/A,N/A,N/A,N/A,N/A,
GPU,3,N/A,N/A,N/A,N/A,N/A,N/A,N/A,
GPU,3,N/A,N/A,N/A,N/A,N/A,N/A,N/A,
GPU,3,N/A,N/A,N/A,N/A,N/A,N/A,N/A,
GPU,3,N/A,N/A,N/A,N/A,N/A,N/A,N/A,
GPU,3,N/A,N/A,N/A,N/A,N/A,N/A,N/A,
GPU,3,N/A,N/A,N/A,N/A,N/A,N/A,N/A,
GPU,3,N/A,N/A,N/A,N/A,N/A,N/A,N/A,
GPU,3,N/A,N/A,N/A,N/A,N/A,N/A,N/A,
GPU,3,N/A,N/A,N/A,N/A,N/A,N/A,N/A,
GPU,3,N/A,N/A,N/A,N/A,N/A,N/A,N/A,
GPU,3,N/A,N/A,N/A,N/A,N/A,N/A,N/A,
GPU,3,N/A,N/A,N/A,N/A,N/A,N/A,N/A,
GPU,3,N/A,N/A,N/A,N/A,N/A,N/A,N/A,
GPU,3,N/A,N/A,N/A,N/A,N/A,N/A,N/A,
GPU,3,N/A,N/A,N/A,N/A,N/A,N/A,N/A,
GPU,3,N/A,N/A,N/A,N/A,N/A,N/A,N/A,
GPU,3,N/A,N/A,N/A,N/A,N/A,N/A,N/A,
GPU,3,N/A,N/A,N/A,N/A,N/A,N/A,N/A,
GPU,3,N/A,N/A,N/A,N/A,N/A,N/A,N/A,
GPU,3,N/A,N/A,N/A,N/A,N/A,N/A,N/A,
GPU,3,N/A,N/A,N/A,N/A,N/A,N/A,N/A,
GPU,3,N/A,N/A,N/A,N/A,N/A,N/A,N/A,
GPU,3,N/A,N/A,N/A,N/A,N/A,N/A,N/A,
GPU,3,N/A,N/A,N/A,N/A,N/A,N/A,N/A,
GPU,3,N/A,N/A,N/A,N/A,N/A,N/A,N/A,
GPU,3,N/A,N/A,N/A,N/A,N/A,N/A,N/A,
GPU,3,N/A,N/A,N/A,N/A,N/A,N/A,N/A,
GPU,3,N/A,N/A,N/A,N/A,N/A,N/A,N/A,
GPU,3,N/A,N/A,N/A,N/A,N/A,N/A,N/A,
GPU,3,N/A,N/A,N/A,N/A,N/A,N/A,N/A,
GPU,3,N/A,N/A,N/A,N/A,N/A,N/A,N/A,
GPU,3,N/A,N/A,N/A,N/A,N/A,N/A,N/A,
GPU,3,N/A,N/A,N/A,N/A,N/A,N/A,N/A,
GPU,3,N/A,N/A,N/A,N/A,N/A,N/A,N/A,
GPU,3,N/A,N/A,N/A,N/A,N/A,N/A,N/A,
GPU,3,N/A,N/A,N/A,N/A,N/A,N/A,N/A,
GPU,3,N/A,N/A,N/A,N/A,N/A,N/A,N/A,
GPU,3,N/A,N/A,N/A,N/A,N/A,N/A,N/A,
GPU,3,N/A,N/A,N/A,N/A,N/A,N/A,N/A,
GPU,3,N/A,N/A,N/A,N/A,N/A,N/A,N/A,
GPU,3,N/A,N/A,N/A,N/A,N/A,N/A,N/A,
GPU,3,N/A,N/A,N/A,N/A,N/A,N/A,N/A,
GPU,3,N/A,N/A,N/A,N/A,N/A,N/A,N/A,
GPU,3,N/A,N/A,N/A,N/A,N/A,N/A,N/A,
GPU,3,0.001,N/A,N/A,N/A,N/A,N/A,N/A,
GPU,3,N/A,N/A,0.002,707888,614197,1364569490,1364564285,
GPU,3,N/A,N/A,N/A,N/A,N/A,N/A,N/A,
GPU,3,N/A,N/A,N/A,N/A,N/A,N/A,N/A,
GPU,3,N/A,N/A,N/A,N/A,N/A,N/A,N/A,
GPU,3,N/A,N/A,N/A,N/A,N/A,N/A,N/A,
GPU,3,N/A,N/A,N/A,N/A,N/A,N/A,N/A,
GPU,3,N/A,N/A,N/A,N/A,N/A,N/A,N/A,
GPU,3,N/A,N/A,N/A,N/A,N/A,N/A,N/A,
GPU,3,N/A,N/A,N/A,N/A,N/A,N/A,N/A,
GPU,3,N/A,N/A,N/A,N/A,N/A,N/A,N/A,
GPU,3,N/A,N/A,N/A,N/A,N/A,N/A,N/A,
GPU,3,N/A,N/A,N/A,N/A,N/A,N/A,N/A,
GPU,3,N/A,N/A,N/A,N/A,N/A,N/A,N/A,
GPU,3,N/A,N/A,N/A,N/A,N/A,N/A,N/A,
GPU,3,N/A,N/A,N/A,N/A,N/A,N/A,N/A,
GPU,3,N/A,N/A,N/A,N/A,N/A,N/A,N/A,
GPU,3,N/A,N/A,N/A,N/A,N/A,N/A,N/A,
GPU,3,N/A,N/A,N/A,N/A,N/A,N/A,N/A,
GPU,3,N/A,N/A,N/A,N/A,N/A,N/A,N/A,
GPU,3,N/A,N/A,N/A,N/A,N/A,N/A,N/A,
GPU,3,N/A,N/A,N/A,N/A,N/A,N/A,N/A,
GPU,3,N/A,N/A,N/A,N/A,N/A,N/A,N/A,
GPU,3,N/A,N/A,N/A,N/A,N/A,N/A,N/A,
GPU,3,N/A,N/A,N/A,N/A,N/A,N/A,N/A,
GPU,3,N/A,N/A,N/A,N/A,N/A,N/A,N/A,
GPU,3,N/A,N/A,N/A,N/A,N/A,N/A,N/A,
GPU,3,N/A,N/A,N/A,N/A,N/A,N/A,N/A,
GPU,3,N/A,N/A,N/A,N/A,N/A,N/A,N/A,
GPU,3,N/A,N/A,N/A,N/A,N/A,N/A,N/A,
GPU,3,N/A,N/A,N/A,N/A,N/A,N/A,N/A,
GPU,3,N/A,N/A,N/A,N/A,N/A,N/A,N/A,
GPU,3,N/A,N/A,N/A,N/A,N/A,N/A,N/A,
GPU,3,N/A,N/A,N/A,N/A,N/A,N/A,N/A,
GPU,3,N/A,N/A,N/A,N/A,N/A,N/A,N/A,
GPU,3,N/A,N/A,N/A,N/A,N/A,N/A,N/A,
GPU,3,N/A,N/A,N/A,N/A,N/A,N/A,N/A,
GPU,3,N/A,N/A,N/A,N/A,N/A,N/A,N/A,
GPU,3,N/A,N/A,N/A,N/A,N/A,N/A,N/A,
GPU,3,N/A,N/A,N/A,N/A,N/A,N/A,N/A,
GPU,3,N/A,N/A,N/A,N/A,N/A,N/A,N/A,
GPU,3,N/A,N/A,N/A,N/A,N/A,N/A,N/A,
GPU,3,N/A,N/A,N/A,N/A,N/A,N/A,N/A,
GPU,3,N/A,N/A,N/A,N/A,N/A,N/A,N/A,
GPU,3,N/A,N/A,N/A,N/A,N/A,N/A,N/A,
GPU,3,N/A,N/A,N/A,N/A,N/A,N/A,N/A,
GPU,3,N/A,N/A,N/A,N/A,N/A,N/A,N/A,
GPU,3,N/A,N/A,N/A,N/A,N/A,N/A,N/A,
GPU,3,N/A,N/A,N/A,N/A,N/A,N/A,N/A,
GPU,3,N/A,N/A,N/A,N/A,N/A,N/A,N/A,
GPU,3,N/A,N/A,N/A,N/A,N/A,N/A,N/A,
GPU,3,N/A,N/A,N/A,N/A,N/A,N/A,N/A,
GPU,3,N/A,N/A,N/A,N/A,N/A,N/A,N/A,
GPU,3,N/A,N/A,N/A,N/A,N/A,N/A,N/A,
GPU,3,N/A,N/A,N/A,N/A,N/A,N/A,N/A,
GPU,3,N/A,N/A,N/A,N/A,N/A,N/A,N/A,
GPU,3,N/A,N/A,N/A,N/A,N/A,N/A,N/A,
GPU,3,N/A,N/A,N/A,N/A,N/A,N/A,N/A,
GPU,3,N/A,N/A,N/A,N/A,N/A,N/A,N/A,
GPU,3,N/A,N/A,N/A,N/A,N/A,N/A,N/A,
GPU,3,N/A,N/A,N/A,N/A,N/A,N/A,N/A,
GPU,3,N/A,N/A,N/A,N/A,N/A,N/A,N/A,
GPU,3,N/A,N/A,N/A,N/A,N/A,N/A,N/A,
GPU,3,N/A,N/A,N/A,N/A,N/A,N/A,N/A,
GPU,3,N/A,N/A,N/A,N/A,N/A,N/A,N/A,
GPU,3,N/A,N/A,N/A,N/A,N/A,N/A,N/A,
GPU,3,N/A,N/A,N/A,N/A,N/A,N/A,N/A,
GPU,3,N/A,N/A,N/A,N/A,N/A,N/A,N/A,
GPU,3,N/A,N/A,N/A,N/A,N/A,N/A,N/A,
GPU,3,N/A,N/A,N/A,N/A,N/A,N/A,N/A,
GPU,3,N/A,N/A,N/A,N/A,N/A,N/A,N/A,
GPU,3,N/A,N/A,N/A,N/A,N/A,N/A,N/A,
GPU,3,N/A,N/A,N/A,N/A,N/A,N/A,N/A,
GPU,3,N/A,N/A,N/A,N/A,N/A,N/A,N/A,
GPU,3,N/A,N/A,N/A,N/A,N/A,N/A,N/A,
GPU,3,N/A,N/A,N/A,N/A,N/A,N/A,N/A,
GPU,3,N/A,N/A,N/A,N/A,N/A,N/A,N/A,
GPU,3,N/A,N/A,N/A,N/A,N/A,N/A,N/A,
GPU,3,N/A,N/A,N/A,N/A,N/A,N/A,N/A,
GPU,3,0.001,N/A,N/A,N/A,N/A,N/A,N/A,
GPU,3,N/A,N/A,0.002,702776,614278,1364739010,1364744216,
GPU,3,N/A,N/A,N/A,N/A,N/A,N/A,N/A,
GPU,3,N/A,N/A,N/A,N/A,N/A,N/A,N/A,
GPU,3,N/A,N/A,N/A,N/A,N/A,N/A,N/A,
GPU,3,N/A,N/A,N/A,N/A,N/A,N/A,N/A,
GPU,3,N/A,N/A,N/A,N/A,N/A,N/A,N/A,
GPU,3,N/A,N/A,N/A,N/A,N/A,N/A,N/A,
GPU,3,N/A,N/A,N/A,N/A,N/A,N/A,N/A,
GPU,3,N/A,N/A,N/A,N/A,N/A,N/A,N/A,
GPU,3,N/A,N/A,N/A,N/A,N/A,N/A,N/A,
GPU,3,N/A,N/A,N/A,N/A,N/A,N/A,N/A,
GPU,3,N/A,N/A,N/A,N/A,N/A,N/A,N/A,
GPU,3,N/A,N/A,N/A,N/A,N/A,N/A,N/A,
GPU,3,N/A,N/A,N/A,N/A,N/A,N/A,N/A,
GPU,3,N/A,N/A,N/A,N/A,N/A,N/A,N/A,
GPU,3,N/A,N/A,N/A,N/A,N/A,N/A,N/A,
GPU,3,N/A,N/A,N/A,N/A,N/A,N/A,N/A,
GPU,3,N/A,N/A,N/A,N/A,N/A,N/A,N/A,
GPU,3,N/A,N/A,N/A,N/A,N/A,N/A,N/A,
GPU,3,N/A,N/A,N/A,N/A,N/A,N/A,N/A,
GPU,3,N/A,N/A,N/A,N/A,N/A,N/A,N/A,
GPU,3,N/A,N/A,N/A,N/A,N/A,N/A,N/A,
GPU,3,N/A,N/A,N/A,N/A,N/A,N/A,N/A,
GPU,3,N/A,N/A,N/A,N/A,N/A,N/A,N/A,
GPU,3,N/A,N/A,N/A,N/A,N/A,N/A,N/A,
GPU,3,N/A,N/A,N/A,N/A,N/A,N/A,N/A,
GPU,3,N/A,N/A,N/A,N/A,N/A,N/A,N/A,
GPU,3,N/A,N/A,N/A,N/A,N/A,N/A,N/A,
GPU,3,N/A,N/A,N/A,N/A,N/A,N/A,N/A,
GPU,3,N/A,N/A,N/A,N/A,N/A,N/A,N/A,
GPU,3,N/A,N/A,N/A,N/A,N/A,N/A,N/A,
GPU,3,N/A,N/A,N/A,N/A,N/A,N/A,N/A,
GPU,3,N/A,N/A,N/A,N/A,N/A,N/A,N/A,
GPU,3,N/A,N/A,N/A,N/A,N/A,N/A,N/A,
GPU,3,N/A,N/A,N/A,N/A,N/A,N/A,N/A,
GPU,3,N/A,N/A,N/A,N/A,N/A,N/A,N/A,
GPU,3,N/A,N/A,N/A,N/A,N/A,N/A,N/A,
GPU,3,N/A,N/A,N/A,N/A,N/A,N/A,N/A,
GPU,3,N/A,N/A,N/A,N/A,N/A,N/A,N/A,
GPU,3,N/A,N/A,N/A,N/A,N/A,N/A,N/A,
GPU,3,N/A,N/A,N/A,N/A,N/A,N/A,N/A,
GPU,3,N/A,N/A,N/A,N/A,N/A,N/A,N/A,
GPU,3,N/A,N/A,N/A,N/A,N/A,N/A,N/A,
GPU,3,N/A,N/A,N/A,N/A,N/A,N/A,N/A,
GPU,3,N/A,N/A,N/A,N/A,N/A,N/A,N/A,
GPU,3,N/A,N/A,N/A,N/A,N/A,N/A,N/A,
GPU,3,N/A,N/A,N/A,N/A,N/A,N/A,N/A,
GPU,3,N/A,N/A,N/A,N/A,N/A,N/A,N/A,
GPU,3,N/A,N/A,N/A,N/A,N/A,N/A,N/A,
GPU,3,N/A,N/A,N/A,N/A,N/A,N/A,N/A,
GPU,3,N/A,N/A,N/A,N/A,N/A,N/A,N/A,
GPU,3,N/A,N/A,N/A,N/A,N/A,N/A,N/A,
GPU,3,N/A,N/A,N/A,N/A,N/A,N/A,N/A,
GPU,3,N/A,N/A,N/A,N/A,N/A,N/A,N/A,
GPU,3,N/A,N/A,N/A,N/A,N/A,N/A,N/A,
GPU,3,N/A,N/A,N/A,N/A,N/A,N/A,N/A,
GPU,3,N/A,N/A,N/A,N/A,N/A,N/A,N/A,
GPU,3,N/A,N/A,N/A,N/A,N/A,N/A,N/A,
GPU,3,N/A,N/A,N/A,N/A,N/A,N/A,N/A,
GPU,3,N/A,N/A,N/A,N/A,N/A,N/A,N/A,
GPU,3,N/A,N/A,N/A,N/A,N/A,N/A,N/A,
GPU,3,N/A,N/A,N/A,N/A,N/A,N/A,N/A,
GPU,3,N/A,N/A,N/A,N/A,N/A,N/A,N/A,
GPU,3,N/A,N/A,N/A,N/A,N/A,N/A,N/A,
GPU,3,N/A,N/A,N/A,N/A,N/A,N/A,N/A,
GPU,3,N/A,N/A,N/A,N/A,N/A,N/A,N/A,
GPU,3,N/A,N/A,N/A,N/A,N/A,N/A,N/A,
GPU,3,N/A,N/A,N/A,N/A,N/A,N/A,N/A,
GPU,3,N/A,N/A,N/A,N/A,N/A,N/A,N/A,
GPU,3,N/A,N/A,N/A,N/A,N/A,N/A,N/A,
GPU,3,N/A,N/A,N/A,N/A,N/A,N/A,N/A,
GPU,3,N/A,N/A,N/A,N/A,N/A,N/A,N/A,
GPU,3,N/A,N/A,N/A,N/A,N/A,N/A,N/A,
GPU,3,N/A,N/A,N/A,N/A,N/A,N/A,N/A,
GPU,3,N/A,N/A,N/A,N/A,N/A,N/A,N/A,
GPU,3,N/A,N/A,N/A,N/A,N/A,N/A,N/A,
GPU,3,N/A,N/A,N/A,N/A,N/A,N/A,N/A,
GPU,3,N/A,N/A,N/A,N/A,N/A,N/A,N/A,
GPU,3,N/A,N/A,N/A,N/A,N/A,N/A,N/A,
GPU,3,0.001,N/A,N/A,N/A,N/A,N/A,N/A,
GPU,3,N/A,N/A,0.002,811919,624553,1364451585,1364441176,
GPU,3,N/A,N/A,N/A,N/A,N/A,N/A,N/A,
GPU,3,N/A,N/A,N/A,N/A,N/A,N/A,N/A,
GPU,3,N/A,N/A,N/A,N/A,N/A,N/A,N/A,
GPU,3,N/A,N/A,N/A,N/A,N/A,N/A,N/A,
GPU,3,N/A,N/A,N/A,N/A,N/A,N/A,N/A,
GPU,3,N/A,N/A,N/A,N/A,N/A,N/A,N/A,
GPU,3,N/A,N/A,N/A,N/A,N/A,N/A,N/A,
GPU,3,N/A,N/A,N/A,N/A,N/A,N/A,N/A,
GPU,3,N/A,N/A,N/A,N/A,N/A,N/A,N/A,
GPU,3,N/A,N/A,N/A,N/A,N/A,N/A,N/A,
GPU,3,N/A,N/A,N/A,N/A,N/A,N/A,N/A,
GPU,3,N/A,N/A,N/A,N/A,N/A,N/A,N/A,
GPU,3,N/A,N/A,N/A,N/A,N/A,N/A,N/A,
GPU,3,N/A,N/A,N/A,N/A,N/A,N/A,N/A,
GPU,3,N/A,N/A,N/A,N/A,N/A,N/A,N/A,
GPU,3,N/A,N/A,N/A,N/A,N/A,N/A,N/A,
GPU,3,N/A,N/A,N/A,N/A,N/A,N/A,N/A,
GPU,3,N/A,N/A,N/A,N/A,N/A,N/A,N/A,
GPU,3,N/A,N/A,N/A,N/A,N/A,N/A,N/A,
GPU,3,N/A,N/A,N/A,N/A,N/A,N/A,N/A,
GPU,3,N/A,N/A,N/A,N/A,N/A,N/A,N/A,
GPU,3,N/A,N/A,N/A,N/A,N/A,N/A,N/A,
GPU,3,N/A,N/A,N/A,N/A,N/A,N/A,N/A,
GPU,3,N/A,N/A,N/A,N/A,N/A,N/A,N/A,
GPU,3,N/A,N/A,N/A,N/A,N/A,N/A,N/A,
GPU,3,N/A,N/A,N/A,N/A,N/A,N/A,N/A,
GPU,3,N/A,N/A,N/A,N/A,N/A,N/A,N/A,
GPU,3,N/A,N/A,N/A,N/A,N/A,N/A,N/A,
GPU,3,N/A,N/A,N/A,N/A,N/A,N/A,N/A,
GPU,3,N/A,N/A,N/A,N/A,N/A,N/A,N/A,
GPU,3,N/A,N/A,N/A,N/A,N/A,N/A,N/A,
GPU,3,N/A,N/A,N/A,N/A,N/A,N/A,N/A,
GPU,3,N/A,N/A,N/A,N/A,N/A,N/A,N/A,
GPU,3,N/A,N/A,N/A,N/A,N/A,N/A,N/A,
GPU,3,N/A,N/A,N/A,N/A,N/A,N/A,N/A,
GPU,3,N/A,N/A,N/A,N/A,N/A,N/A,N/A,
GPU,3,N/A,N/A,N/A,N/A,N/A,N/A,N/A,
GPU,3,N/A,N/A,N/A,N/A,N/A,N/A,N/A,
GPU,3,N/A,N/A,N/A,N/A,N/A,N/A,N/A,
GPU,3,N/A,N/A,N/A,N/A,N/A,N/A,N/A,
GPU,3,N/A,N/A,N/A,N/A,N/A,N/A,N/A,
GPU,3,N/A,N/A,N/A,N/A,N/A,N/A,N/A,
GPU,3,N/A,N/A,N/A,N/A,N/A,N/A,N/A,
GPU,3,N/A,N/A,N/A,N/A,N/A,N/A,N/A,
GPU,3,N/A,N/A,N/A,N/A,N/A,N/A,N/A,
GPU,3,N/A,N/A,N/A,N/A,N/A,N/A,N/A,
GPU,3,N/A,N/A,N/A,N/A,N/A,N/A,N/A,
GPU,3,N/A,N/A,N/A,N/A,N/A,N/A,N/A,
GPU,3,N/A,N/A,N/A,N/A,N/A,N/A,N/A,
GPU,3,N/A,N/A,N/A,N/A,N/A,N/A,N/A,
GPU,3,N/A,N/A,N/A,N/A,N/A,N/A,N/A,
GPU,3,N/A,N/A,N/A,N/A,N/A,N/A,N/A,
GPU,3,N/A,N/A,N/A,N/A,N/A,N/A,N/A,
GPU,3,N/A,N/A,N/A,N/A,N/A,N/A,N/A,
GPU,3,N/A,N/A,N/A,N/A,N/A,N/A,N/A,
GPU,3,N/A,N/A,N/A,N/A,N/A,N/A,N/A,
GPU,3,N/A,N/A,N/A,N/A,N/A,N/A,N/A,
GPU,3,N/A,N/A,N/A,N/A,N/A,N/A,N/A,
GPU,3,N/A,N/A,N/A,N/A,N/A,N/A,N/A,
GPU,3,N/A,N/A,N/A,N/A,N/A,N/A,N/A,
GPU,3,N/A,N/A,N/A,N/A,N/A,N/A,N/A,
GPU,3,N/A,N/A,N/A,N/A,N/A,N/A,N/A,
GPU,3,N/A,N/A,N/A,N/A,N/A,N/A,N/A,
GPU,3,N/A,N/A,N/A,N/A,N/A,N/A,N/A,
GPU,3,N/A,N/A,N/A,N/A,N/A,N/A,N/A,
GPU,3,N/A,N/A,N/A,N/A,N/A,N/A,N/A,
GPU,3,N/A,N/A,N/A,N/A,N/A,N/A,N/A,
GPU,3,N/A,N/A,N/A,N/A,N/A,N/A,N/A,
GPU,3,N/A,N/A,N/A,N/A,N/A,N/A,N/A,
GPU,3,N/A,N/A,N/A,N/A,N/A,N/A,N/A,
GPU,3,N/A,N/A,N/A,N/A,N/A,N/A,N/A,
GPU,3,N/A,N/A,N/A,N/A,N/A,N/A,N/A,
GPU,3,N/A,N/A,N/A,N/A,N/A,N/A,N/A,
GPU,3,N/A,N/A,N/A,N/A,N/A,N/A,N/A,
GPU,3,N/A,N/A,N/A,N/A,N/A,N/A,N/A,
GPU,3,N/A,N/A,N/A,N/A,N/A,N/A,N/A,
GPU,3,N/A,N/A,N/A,N/A,N/A,N/A,N/A,
GPU,3,0.001,N/A,0.002,708007,614300,1364793217,1364798423,
GPU,3,N/A,N/A,N/A,N/A,N/A,N/A,N/A,
GPU,3,N/A,N/A,N/A,N/A,N/A,N/A,N/A,
GPU,3,N/A,N/A,N/A,N/A,N/A,N/A,N/A,
GPU,3,N/A,N/A,N/A,N/A,N/A,N/A,N/A,
GPU,3,N/A,N/A,N/A,N/A,N/A,N/A,N/A,
GPU,3,N/A,N/A,N/A,N/A,N/A,N/A,N/A,
GPU,3,N/A,N/A,N/A,N/A,N/A,N/A,N/A,
GPU,3,N/A,N/A,N/A,N/A,N/A,N/A,N/A,
GPU,3,N/A,N/A,N/A,N/A,N/A,N/A,N/A,
GPU,3,N/A,N/A,N/A,N/A,N/A,N/A,N/A,
GPU,3,N/A,N/A,N/A,N/A,N/A,N/A,N/A,
GPU,3,N/A,N/A,N/A,N/A,N/A,N/A,N/A,
GPU,3,N/A,N/A,N/A,N/A,N/A,N/A,N/A,
GPU,3,N/A,N/A,N/A,N/A,N/A,N/A,N/A,
GPU,3,N/A,N/A,N/A,N/A,N/A,N/A,N/A,
GPU,3,N/A,N/A,N/A,N/A,N/A,N/A,N/A,
GPU,3,N/A,N/A,N/A,N/A,N/A,N/A,N/A,
GPU,3,N/A,N/A,N/A,N/A,N/A,N/A,N/A,
GPU,3,N/A,N/A,N/A,N/A,N/A,N/A,N/A,
GPU,3,N/A,N/A,N/A,N/A,N/A,N/A,N/A,
GPU,3,N/A,N/A,N/A,N/A,N/A,N/A,N/A,
GPU,3,N/A,N/A,N/A,N/A,N/A,N/A,N/A,
GPU,3,N/A,N/A,N/A,N/A,N/A,N/A,N/A,
GPU,3,N/A,N/A,N/A,N/A,N/A,N/A,N/A,
GPU,3,N/A,N/A,N/A,N/A,N/A,N/A,N/A,
GPU,3,N/A,N/A,N/A,N/A,N/A,N/A,N/A,
GPU,3,N/A,N/A,N/A,N/A,N/A,N/A,N/A,
GPU,3,N/A,N/A,N/A,N/A,N/A,N/A,N/A,
GPU,3,N/A,N/A,N/A,N/A,N/A,N/A,N/A,
GPU,3,N/A,N/A,N/A,N/A,N/A,N/A,N/A,
GPU,3,N/A,N/A,N/A,N/A,N/A,N/A,N/A,
GPU,3,N/A,N/A,N/A,N/A,N/A,N/A,N/A,
GPU,3,N/A,N/A,N/A,N/A,N/A,N/A,N/A,
GPU,3,N/A,N/A,N/A,N/A,N/A,N/A,N/A,
GPU,3,N/A,N/A,N/A,N/A,N/A,N/A,N/A,
GPU,3,N/A,N/A,N/A,N/A,N/A,N/A,N/A,
GPU,3,N/A,N/A,N/A,N/A,N/A,N/A,N/A,
GPU,3,N/A,N/A,N/A,N/A,N/A,N/A,N/A,
GPU,3,N/A,N/A,N/A,N/A,N/A,N/A,N/A,
GPU,3,N/A,N/A,N/A,N/A,N/A,N/A,N/A,
GPU,3,N/A,N/A,N/A,N/A,N/A,N/A,N/A,
GPU,3,N/A,N/A,N/A,N/A,N/A,N/A,N/A,
GPU,3,N/A,N/A,N/A,N/A,N/A,N/A,N/A,
GPU,3,N/A,N/A,N/A,N/A,N/A,N/A,N/A,
GPU,3,N/A,N/A,N/A,N/A,N/A,N/A,N/A,
GPU,3,N/A,N/A,N/A,N/A,N/A,N/A,N/A,
GPU,3,N/A,N/A,N/A,N/A,N/A,N/A,N/A,
GPU,3,N/A,N/A,N/A,N/A,N/A,N/A,N/A,
GPU,3,N/A,N/A,N/A,N/A,N/A,N/A,N/A,
GPU,3,N/A,N/A,N/A,N/A,N/A,N/A,N/A,
GPU,3,N/A,N/A,N/A,N/A,N/A,N/A,N/A,
GPU,3,N/A,N/A,N/A,N/A,N/A,N/A,N/A,
GPU,3,N/A,N/A,N/A,N/A,N/A,N/A,N/A,
GPU,3,N/A,N/A,N/A,N/A,N/A,N/A,N/A,
GPU,3,N/A,N/A,N/A,N/A,N/A,N/A,N/A,
GPU,3,N/A,N/A,N/A,N/A,N/A,N/A,N/A,
GPU,3,N/A,N/A,N/A,N/A,N/A,N/A,N/A,
GPU,3,N/A,N/A,N/A,N/A,N/A,N/A,N/A,
GPU,3,N/A,N/A,N/A,N/A,N/A,N/A,N/A,
GPU,3,N/A,N/A,N/A,N/A,N/A,N/A,N/A,
GPU,3,N/A,N/A,N/A,N/A,N/A,N/A,N/A,
GPU,3,N/A,N/A,N/A,N/A,N/A,N/A,N/A,
GPU,3,N/A,N/A,N/A,N/A,N/A,N/A,N/A,
GPU,3,N/A,N/A,N/A,N/A,N/A,N/A,N/A,
GPU,3,N/A,N/A,N/A,N/A,N/A,N/A,N/A,
GPU,3,N/A,N/A,N/A,N/A,N/A,N/A,N/A,
GPU,3,N/A,N/A,N/A,N/A,N/A,N/A,N/A,
GPU,3,N/A,N/A,N/A,N/A,N/A,N/A,N/A,
GPU,3,N/A,N/A,N/A,N/A,N/A,N/A,N/A,
GPU,3,N/A,N/A,N/A,N/A,N/A,N/A,N/A,
GPU,3,N/A,N/A,N/A,N/A,N/A,N/A,N/A,
GPU,3,N/A,N/A,N/A,N/A,N/A,N/A,N/A,
GPU,3,N/A,N/A,N/A,N/A,N/A,N/A,N/A,
GPU,3,N/A,N/A,N/A,N/A,N/A,N/A,N/A,
GPU,3,N/A,N/A,N/A,N/A,N/A,N/A,N/A,
GPU,3,N/A,N/A,N/A,N/A,N/A,N/A,N/A,
GPU,3,N/A,N/A,N/A,N/A,N/A,N/A,N/A,
GPU,3,N/A,N/A,N/A,N/A,N/A,N/A,N/A,
GPU,3,N/A,N/A,0.002,697633,609127,N/A,1364862604,
GPU,3,N/A,N/A,N/A,N/A,N/A,N/A,N/A,
GPU,3,N/A,N/A,N/A,N/A,N/A,N/A,N/A,
GPU,3,N/A,N/A,N/A,N/A,N/A,N/A,N/A,
GPU,3,N/A,N/A,N/A,N/A,N/A,N/A,N/A,
GPU,3,N/A,N/A,N/A,N/A,N/A,N/A,N/A,
GPU,3,N/A,N/A,N/A,N/A,N/A,N/A,N/A,
GPU,3,N/A,N/A,N/A,N/A,N/A,N/A,N/A,
GPU,3,N/A,N/A,N/A,N/A,N/A,N/A,N/A,
GPU,3,N/A,N/A,N/A,N/A,N/A,N/A,N/A,
GPU,3,N/A,N/A,N/A,N/A,N/A,N/A,N/A,
GPU,3,N/A,N/A,N/A,N/A,N/A,N/A,N/A,
GPU,3,N/A,N/A,N/A,N/A,N/A,N/A,N/A,
GPU,3,N/A,N/A,N/A,N/A,N/A,N/A,N/A,
GPU,3,N/A,N/A,N/A,N/A,N/A,N/A,N/A,
GPU,3,N/A,N/A,N/A,N/A,N/A,N/A,N/A,
GPU,3,N/A,N/A,N/A,N/A,N/A,N/A,N/A,
GPU,3,N/A,N/A,N/A,N/A,N/A,N/A,N/A,
GPU,3,N/A,N/A,N/A,N/A,N/A,N/A,N/A,
GPU,3,N/A,N/A,N/A,N/A,N/A,N/A,N/A,
GPU,3,N/A,N/A,N/A,N/A,N/A,N/A,N/A,
GPU,3,N/A,N/A,N/A,N/A,N/A,N/A,N/A,
GPU,3,N/A,N/A,N/A,N/A,N/A,N/A,N/A,
GPU,3,N/A,N/A,N/A,N/A,N/A,N/A,N/A,
GPU,3,N/A,N/A,N/A,N/A,N/A,N/A,N/A,
GPU,3,N/A,N/A,N/A,N/A,N/A,N/A,N/A,
GPU,3,N/A,N/A,N/A,N/A,N/A,N/A,N/A,
GPU,3,N/A,N/A,N/A,N/A,N/A,N/A,N/A,
GPU,3,N/A,N/A,N/A,N/A,N/A,N/A,N/A,
GPU,3,N/A,N/A,N/A,N/A,N/A,N/A,N/A,
GPU,3,N/A,N/A,N/A,N/A,N/A,N/A,N/A,
GPU,3,N/A,N/A,N/A,N/A,N/A,N/A,N/A,
GPU,3,N/A,N/A,N/A,N/A,N/A,N/A,N/A,
GPU,3,N/A,N/A,N/A,N/A,N/A,N/A,N/A,
GPU,3,N/A,N/A,N/A,N/A,N/A,N/A,N/A,
GPU,3,N/A,N/A,N/A,N/A,N/A,N/A,N/A,
GPU,3,N/A,N/A,N/A,N/A,N/A,N/A,N/A,
GPU,3,N/A,N/A,N/A,N/A,N/A,N/A,N/A,
GPU,3,N/A,N/A,N/A,N/A,N/A,N/A,N/A,
GPU,3,N/A,N/A,N/A,N/A,N/A,N/A,N/A,
GPU,3,N/A,N/A,N/A,N/A,N/A,N/A,N/A,
GPU,3,N/A,N/A,N/A,N/A,N/A,N/A,N/A,
GPU,3,N/A,N/A,N/A,N/A,N/A,N/A,N/A,
GPU,3,N/A,N/A,N/A,N/A,N/A,N/A,N/A,
GPU,3,N/A,N/A,N/A,N/A,N/A,N/A,N/A,
GPU,3,N/A,N/A,N/A,N/A,N/A,N/A,N/A,
GPU,3,N/A,N/A,N/A,N/A,N/A,N/A,N/A,
GPU,3,N/A,N/A,N/A,N/A,N/A,N/A,N/A,
GPU,3,N/A,N/A,N/A,N/A,N/A,N/A,N/A,
GPU,3,N/A,N/A,N/A,N/A,N/A,N/A,N/A,
GPU,3,N/A,N/A,N/A,N/A,N/A,N/A,N/A,
GPU,3,N/A,N/A,N/A,N/A,N/A,N/A,N/A,
GPU,3,N/A,N/A,N/A,N/A,N/A,N/A,N/A,
GPU,3,N/A,N/A,N/A,N/A,N/A,N/A,N/A,
GPU,3,N/A,N/A,N/A,N/A,N/A,N/A,N/A,
GPU,3,N/A,N/A,N/A,N/A,N/A,N/A,N/A,
GPU,3,N/A,N/A,N/A,N/A,N/A,N/A,N/A,
GPU,3,N/A,N/A,N/A,N/A,N/A,N/A,N/A,
GPU,3,N/A,N/A,N/A,N/A,N/A,N/A,N/A,
GPU,3,N/A,N/A,N/A,N/A,N/A,N/A,N/A,
GPU,3,N/A,N/A,N/A,N/A,N/A,N/A,N/A,
GPU,3,N/A,N/A,N/A,N/A,N/A,N/A,N/A,
GPU,3,N/A,N/A,N/A,N/A,N/A,N/A,N/A,
GPU,3,N/A,N/A,N/A,N/A,N/A,N/A,N/A,
GPU,3,N/A,N/A,N/A,N/A,N/A,N/A,N/A,
GPU,3,N/A,N/A,N/A,N/A,N/A,N/A,N/A,
GPU,3,N/A,N/A,N/A,N/A,N/A,N/A,N/A,
GPU,3,N/A,N/A,N/A,N/A,N/A,N/A,N/A,
GPU,3,N/A,N/A,N/A,N/A,N/A,N/A,N/A,
GPU,3,N/A,N/A,N/A,N/A,N/A,N/A,N/A,
GPU,3,N/A,N/A,N/A,N/A,N/A,N/A,N/A,
GPU,3,N/A,N/A,N/A,N/A,N/A,N/A,N/A,
GPU,3,N/A,N/A,N/A,N/A,N/A,N/A,N/A,
GPU,3,N/A,N/A,N/A,N/A,N/A,N/A,N/A,
GPU,3,N/A,N/A,N/A,N/A,N/A,N/A,N/A,
GPU,3,N/A,N/A,N/A,N/A,N/A,N/A,N/A,
GPU,3,N/A,N/A,N/A,N/A,N/A,N/A,N/A,
GPU,3,N/A,N/A,N/A,N/A,N/A,N/A,N/A,
GPU,3,N/A,N/A,N/A,N/A,N/A,N/A,N/A,
GPU,3,N/A,N/A,N/A,N/A,N/A,N/A,N/A,
GPU,3,0.001,0.000,0.002,N/A,N/A,N/A,N/A,
GPU,3,N/A,N/A,N/A,N/A,N/A,N/A,N/A,
GPU,3,N/A,N/A,N/A,N/A,N/A,N/A,N/A,
GPU,3,N/A,N/A,N/A,N/A,N/A,N/A,N/A,
GPU,3,N/A,N/A,N/A,N/A,N/A,N/A,N/A,
GPU,3,N/A,N/A,N/A,N/A,N/A,N/A,N/A,
GPU,3,N/A,N/A,N/A,N/A,N/A,N/A,N/A,
GPU,3,N/A,N/A,N/A,N/A,N/A,N/A,N/A,
GPU,3,N/A,N/A,N/A,N/A,N/A,N/A,N/A,
GPU,3,N/A,N/A,N/A,N/A,N/A,N/A,N/A,
GPU,3,N/A,N/A,N/A,N/A,N/A,N/A,N/A,
GPU,3,N/A,N/A,N/A,N/A,N/A,N/A,N/A,
GPU,3,N/A,N/A,N/A,N/A,N/A,N/A,N/A,
GPU,3,N/A,N/A,N/A,N/A,N/A,N/A,N/A,
GPU,3,N/A,N/A,N/A,N/A,N/A,N/A,N/A,
GPU,3,N/A,N/A,N/A,N/A,N/A,N/A,N/A,
GPU,3,N/A,N/A,N/A,N/A,N/A,N/A,N/A,
GPU,3,N/A,N/A,N/A,N/A,N/A,N/A,N/A,
GPU,3,N/A,N/A,N/A,N/A,N/A,N/A,N/A,
GPU,3,N/A,N/A,N/A,N/A,N/A,N/A,N/A,
GPU,3,N/A,N/A,N/A,N/A,N/A,N/A,N/A,
GPU,3,N/A,N/A,N/A,N/A,N/A,N/A,N/A,
GPU,3,N/A,N/A,N/A,N/A,N/A,N/A,N/A,
GPU,3,N/A,N/A,N/A,N/A,N/A,N/A,N/A,
GPU,3,N/A,N/A,N/A,N/A,N/A,N/A,N/A,
GPU,3,N/A,N/A,N/A,N/A,N/A,N/A,N/A,
GPU,3,N/A,N/A,N/A,N/A,N/A,N/A,N/A,
GPU,3,N/A,N/A,N/A,N/A,N/A,N/A,N/A,
GPU,3,N/A,N/A,N/A,N/A,N/A,N/A,N/A,
GPU,3,N/A,N/A,N/A,N/A,N/A,N/A,N/A,
GPU,3,N/A,N/A,N/A,N/A,N/A,N/A,N/A,
GPU,3,N/A,N/A,N/A,N/A,N/A,N/A,N/A,
GPU,3,N/A,N/A,N/A,N/A,N/A,N/A,N/A,
GPU,3,N/A,N/A,N/A,N/A,N/A,N/A,N/A,
GPU,3,N/A,N/A,N/A,N/A,N/A,N/A,N/A,
GPU,3,N/A,N/A,N/A,N/A,N/A,N/A,N/A,
GPU,3,N/A,N/A,N/A,N/A,N/A,N/A,N/A,
GPU,3,N/A,N/A,N/A,N/A,N/A,N/A,N/A,
GPU,3,N/A,N/A,N/A,N/A,N/A,N/A,N/A,
GPU,3,N/A,N/A,N/A,N/A,N/A,N/A,N/A,
GPU,3,N/A,N/A,N/A,N/A,N/A,N/A,N/A,
GPU,3,N/A,N/A,N/A,N/A,N/A,N/A,N/A,
GPU,3,N/A,N/A,N/A,N/A,N/A,N/A,N/A,
GPU,3,N/A,N/A,N/A,N/A,N/A,N/A,N/A,
GPU,3,N/A,N/A,N/A,N/A,N/A,N/A,N/A,
GPU,3,N/A,N/A,N/A,N/A,N/A,N/A,N/A,
GPU,3,N/A,N/A,N/A,N/A,N/A,N/A,N/A,
GPU,3,N/A,N/A,N/A,N/A,N/A,N/A,N/A,
GPU,3,N/A,N/A,N/A,N/A,N/A,N/A,N/A,
GPU,3,N/A,N/A,N/A,N/A,N/A,N/A,N/A,
GPU,3,N/A,N/A,N/A,N/A,N/A,N/A,N/A,
GPU,3,N/A,N/A,N/A,N/A,N/A,N/A,N/A,
GPU,3,N/A,N/A,N/A,N/A,N/A,N/A,N/A,
GPU,3,N/A,N/A,N/A,N/A,N/A,N/A,N/A,
GPU,3,N/A,N/A,N/A,N/A,N/A,N/A,N/A,
GPU,3,N/A,N/A,N/A,N/A,N/A,N/A,N/A,
GPU,3,N/A,N/A,N/A,N/A,N/A,N/A,N/A,
GPU,3,N/A,N/A,N/A,N/A,N/A,N/A,N/A,
GPU,3,N/A,N/A,N/A,N/A,N/A,N/A,N/A,
GPU,3,N/A,N/A,N/A,N/A,N/A,N/A,N/A,
GPU,3,N/A,N/A,N/A,N/A,N/A,N/A,N/A,
GPU,3,N/A,N/A,N/A,N/A,N/A,N/A,N/A,
GPU,3,N/A,N/A,N/A,N/A,N/A,N/A,N/A,
GPU,3,N/A,N/A,N/A,N/A,N/A,N/A,N/A,
GPU,3,N/A,N/A,N/A,N/A,N/A,N/A,N/A,
GPU,3,N/A,N/A,N/A,N/A,N/A,N/A,N/A,
GPU,3,N/A,N/A,N/A,N/A,N/A,N/A,N/A,
GPU,3,N/A,N/A,N/A,N/A,N/A,N/A,N/A,
GPU,3,N/A,N/A,N/A,N/A,N/A,N/A,N/A,
GPU,3,N/A,N/A,N/A,N/A,N/A,N/A,N/A,
GPU,3,N/A,N/A,N/A,N/A,N/A,N/A,N/A,
GPU,3,N/A,N/A,N/A,N/A,N/A,N/A,N/A,
GPU,3,N/A,N/A,N/A,N/A,N/A,N/A,N/A,
GPU,3,N/A,N/A,N/A,N/A,N/A,N/A,N/A,
GPU,3,N/A,N/A,N/A,N/A,N/A,N/A,N/A,
GPU,3,N/A,N/A,N/A,N/A,N/A,N/A,N/A,
GPU,3,N/A,N/A,N/A,N/A,N/A,N/A,N/A,
GPU,3,N/A,N/A,N/A,N/A,N/A,N/A,N/A,
GPU,3,N/A,N/A,N/A,N/A,N/A,N/A,N/A,
GPU,3,N/A,N/A,N/A,N/A,N/A,N/A,N/A,
GPU,3,0.001,0.000,0.002,697508,614224,1364618907,1364639728,
GPU,3,N/A,N/A,N/A,N/A,N/A,N/A,N/A,
GPU,3,N/A,N/A,N/A,N/A,N/A,N/A,N/A,
GPU,3,N/A,N/A,N/A,N/A,N/A,N/A,N/A,
GPU,3,N/A,N/A,N/A,N/A,N/A,N/A,N/A,
GPU,3,N/A,N/A,N/A,N/A,N/A,N/A,N/A,
GPU,3,N/A,N/A,N/A,N/A,N/A,N/A,N/A,
GPU,3,N/A,N/A,N/A,N/A,N/A,N/A,N/A,
GPU,3,N/A,N/A,N/A,N/A,N/A,N/A,N/A,
GPU,3,N/A,N/A,N/A,N/A,N/A,N/A,N/A,
GPU,3,N/A,N/A,N/A,N/A,N/A,N/A,N/A,
GPU,3,N/A,N/A,N/A,N/A,N/A,N/A,N/A,
GPU,3,N/A,N/A,N/A,N/A,N/A,N/A,N/A,
GPU,3,N/A,N/A,N/A,N/A,N/A,N/A,N/A,
GPU,3,N/A,N/A,N/A,N/A,N/A,N/A,N/A,
GPU,3,N/A,N/A,N/A,N/A,N/A,N/A,N/A,
GPU,3,N/A,N/A,N/A,N/A,N/A,N/A,N/A,
GPU,3,N/A,N/A,N/A,N/A,N/A,N/A,N/A,
GPU,3,N/A,N/A,N/A,N/A,N/A,N/A,N/A,
GPU,3,N/A,N/A,N/A,N/A,N/A,N/A,N/A,
GPU,3,N/A,N/A,N/A,N/A,N/A,N/A,N/A,
GPU,3,N/A,N/A,N/A,N/A,N/A,N/A,N/A,
GPU,3,N/A,N/A,N/A,N/A,N/A,N/A,N/A,
GPU,3,N/A,N/A,N/A,N/A,N/A,N/A,N/A,
GPU,3,N/A,N/A,N/A,N/A,N/A,N/A,N/A,
GPU,3,N/A,N/A,N/A,N/A,N/A,N/A,N/A,
GPU,3,N/A,N/A,N/A,N/A,N/A,N/A,N/A,
GPU,3,N/A,N/A,N/A,N/A,N/A,N/A,N/A,
GPU,3,N/A,N/A,N/A,N/A,N/A,N/A,N/A,
GPU,3,N/A,N/A,N/A,N/A,N/A,N/A,N/A,
GPU,3,N/A,N/A,N/A,N/A,N/A,N/A,N/A,
GPU,3,N/A,N/A,N/A,N/A,N/A,N/A,N/A,
GPU,3,N/A,N/A,N/A,N/A,N/A,N/A,N/A,
GPU,3,N/A,N/A,N/A,N/A,N/A,N/A,N/A,
GPU,3,N/A,N/A,N/A,N/A,N/A,N/A,N/A,
GPU,3,N/A,N/A,N/A,N/A,N/A,N/A,N/A,
GPU,3,N/A,N/A,N/A,N/A,N/A,N/A,N/A,
GPU,3,N/A,N/A,N/A,N/A,N/A,N/A,N/A,
GPU,3,N/A,N/A,N/A,N/A,N/A,N/A,N/A,
GPU,3,N/A,N/A,N/A,N/A,N/A,N/A,N/A,
GPU,3,N/A,N/A,N/A,N/A,N/A,N/A,N/A,
GPU,3,N/A,N/A,N/A,N/A,N/A,N/A,N/A,
GPU,3,N/A,N/A,N/A,N/A,N/A,N/A,N/A,
GPU,3,N/A,N/A,N/A,N/A,N/A,N/A,N/A,
GPU,3,N/A,N/A,N/A,N/A,N/A,N/A,N/A,
GPU,3,N/A,N/A,N/A,N/A,N/A,N/A,N/A,
GPU,3,N/A,N/A,N/A,N/A,N/A,N/A,N/A,
GPU,3,N/A,N/A,N/A,N/A,N/A,N/A,N/A,
GPU,3,N/A,N/A,N/A,N/A,N/A,N/A,N/A,
GPU,3,N/A,N/A,N/A,N/A,N/A,N/A,N/A,
GPU,3,N/A,N/A,N/A,N/A,N/A,N/A,N/A,
GPU,3,N/A,N/A,N/A,N/A,N/A,N/A,N/A,
GPU,3,N/A,N/A,N/A,N/A,N/A,N/A,N/A,
GPU,3,N/A,N/A,N/A,N/A,N/A,N/A,N/A,
GPU,3,N/A,N/A,N/A,N/A,N/A,N/A,N/A,
GPU,3,N/A,N/A,N/A,N/A,N/A,N/A,N/A,
GPU,3,N/A,N/A,N/A,N/A,N/A,N/A,N/A,
GPU,3,N/A,N/A,N/A,N/A,N/A,N/A,N/A,
GPU,3,N/A,N/A,N/A,N/A,N/A,N/A,N/A,
GPU,3,N/A,N/A,N/A,N/A,N/A,N/A,N/A,
GPU,3,N/A,N/A,N/A,N/A,N/A,N/A,N/A,
GPU,3,N/A,N/A,N/A,N/A,N/A,N/A,N/A,
GPU,3,N/A,N/A,N/A,N/A,N/A,N/A,N/A,
GPU,3,N/A,N/A,N/A,N/A,N/A,N/A,N/A,
GPU,3,N/A,N/A,N/A,N/A,N/A,N/A,N/A,
GPU,3,N/A,N/A,N/A,N/A,N/A,N/A,N/A,
GPU,3,N/A,N/A,N/A,N/A,N/A,N/A,N/A,
GPU,3,N/A,N/A,N/A,N/A,N/A,N/A,N/A,
GPU,3,N/A,N/A,N/A,N/A,N/A,N/A,N/A,
GPU,3,N/A,N/A,N/A,N/A,N/A,N/A,N/A,
GPU,3,N/A,N/A,N/A,N/A,N/A,N/A,N/A,
GPU,3,N/A,N/A,N/A,N/A,N/A,N/A,N/A,
GPU,3,N/A,N/A,N/A,N/A,N/A,N/A,N/A,
GPU,3,N/A,N/A,N/A,N/A,N/A,N/A,N/A,
GPU,3,N/A,N/A,N/A,N/A,N/A,N/A,N/A,
GPU,3,N/A,N/A,N/A,N/A,N/A,N/A,N/A,
GPU,3,N/A,N/A,N/A,N/A,N/A,N/A,N/A,
GPU,3,N/A,N/A,N/A,N/A,N/A,N/A,N/A,
GPU,3,N/A,N/A,N/A,N/A,N/A,N/A,N/A,
GPU,3,0.001,0.000,0.002,707893,614201,1364569051,1364569051,
GPU,3,N/A,N/A,N/A,N/A,N/A,N/A,N/A,
GPU,3,N/A,N/A,N/A,N/A,N/A,N/A,N/A,
GPU,3,N/A,N/A,N/A,N/A,N/A,N/A,N/A,
GPU,3,N/A,N/A,N/A,N/A,N/A,N/A,N/A,
GPU,3,N/A,N/A,N/A,N/A,N/A,N/A,N/A,
GPU,3,N/A,N/A,N/A,N/A,N/A,N/A,N/A,
GPU,3,N/A,N/A,N/A,N/A,N/A,N/A,N/A,
GPU,3,N/A,N/A,N/A,N/A,N/A,N/A,N/A,
GPU,3,N/A,N/A,N/A,N/A,N/A,N/A,N/A,
GPU,3,N/A,N/A,N/A,N/A,N/A,N/A,N/A,
GPU,3,N/A,N/A,N/A,N/A,N/A,N/A,N/A,
GPU,3,N/A,N/A,N/A,N/A,N/A,N/A,N/A,
GPU,3,N/A,N/A,N/A,N/A,N/A,N/A,N/A,
GPU,3,N/A,N/A,N/A,N/A,N/A,N/A,N/A,
GPU,3,N/A,N/A,N/A,N/A,N/A,N/A,N/A,
GPU,3,N/A,N/A,N/A,N/A,N/A,N/A,N/A,
GPU,3,N/A,N/A,N/A,N/A,N/A,N/A,N/A,
GPU,3,N/A,N/A,N/A,N/A,N/A,N/A,N/A,
GPU,3,N/A,N/A,N/A,N/A,N/A,N/A,N/A,
GPU,3,N/A,N/A,N/A,N/A,N/A,N/A,N/A,
GPU,3,N/A,N/A,N/A,N/A,N/A,N/A,N/A,
GPU,3,N/A,N/A,N/A,N/A,N/A,N/A,N/A,
GPU,3,N/A,N/A,N/A,N/A,N/A,N/A,N/A,
GPU,3,N/A,N/A,N/A,N/A,N/A,N/A,N/A,
GPU,3,N/A,N/A,N/A,N/A,N/A,N/A,N/A,
GPU,3,N/A,N/A,N/A,N/A,N/A,N/A,N/A,
GPU,3,N/A,N/A,N/A,N/A,N/A,N/A,N/A,
GPU,3,N/A,N/A,N/A,N/A,N/A,N/A,N/A,
GPU,3,N/A,N/A,N/A,N/A,N/A,N/A,N/A,
GPU,3,N/A,N/A,N/A,N/A,N/A,N/A,N/A,
GPU,3,N/A,N/A,N/A,N/A,N/A,N/A,N/A,
GPU,3,N/A,N/A,N/A,N/A,N/A,N/A,N/A,
GPU,3,N/A,N/A,N/A,N/A,N/A,N/A,N/A,
GPU,3,N/A,N/A,N/A,N/A,N/A,N/A,N/A,
GPU,3,N/A,N/A,N/A,N/A,N/A,N/A,N/A,
GPU,3,N/A,N/A,N/A,N/A,N/A,N/A,N/A,
GPU,3,N/A,N/A,N/A,N/A,N/A,N/A,N/A,
GPU,3,N/A,N/A,N/A,N/A,N/A,N/A,N/A,
GPU,3,N/A,N/A,N/A,N/A,N/A,N/A,N/A,
GPU,3,N/A,N/A,N/A,N/A,N/A,N/A,N/A,
GPU,3,N/A,N/A,N/A,N/A,N/A,N/A,N/A,
GPU,3,N/A,N/A,N/A,N/A,N/A,N/A,N/A,
GPU,3,N/A,N/A,N/A,N/A,N/A,N/A,N/A,
GPU,3,N/A,N/A,N/A,N/A,N/A,N/A,N/A,
GPU,3,N/A,N/A,N/A,N/A,N/A,N/A,N/A,
GPU,3,N/A,N/A,N/A,N/A,N/A,N/A,N/A,
GPU,3,N/A,N/A,N/A,N/A,N/A,N/A,N/A,
GPU,3,N/A,N/A,N/A,N/A,N/A,N/A,N/A,
GPU,3,N/A,N/A,N/A,N/A,N/A,N/A,N/A,
GPU,3,N/A,N/A,N/A,N/A,N/A,N/A,N/A,
GPU,3,N/A,N/A,N/A,N/A,N/A,N/A,N/A,
GPU,3,N/A,N/A,N/A,N/A,N/A,N/A,N/A,
GPU,3,N/A,N/A,N/A,N/A,N/A,N/A,N/A,
GPU,3,N/A,N/A,N/A,N/A,N/A,N/A,N/A,
GPU,3,N/A,N/A,N/A,N/A,N/A,N/A,N/A,
GPU,3,N/A,N/A,N/A,N/A,N/A,N/A,N/A,
GPU,3,N/A,N/A,N/A,N/A,N/A,N/A,N/A,
GPU,3,N/A,N/A,N/A,N/A,N/A,N/A,N/A,
GPU,3,N/A,N/A,N/A,N/A,N/A,N/A,N/A,
GPU,3,N/A,N/A,N/A,N/A,N/A,N/A,N/A,
GPU,3,N/A,N/A,N/A,N/A,N/A,N/A,N/A,
GPU,3,N/A,N/A,N/A,N/A,N/A,N/A,N/A,
GPU,3,N/A,N/A,N/A,N/A,N/A,N/A,N/A,
GPU,3,N/A,N/A,N/A,N/A,N/A,N/A,N/A,
GPU,3,N/A,N/A,N/A,N/A,N/A,N/A,N/A,
GPU,3,N/A,N/A,N/A,N/A,N/A,N/A,N/A,
GPU,3,N/A,N/A,N/A,N/A,N/A,N/A,N/A,
GPU,3,N/A,N/A,N/A,N/A,N/A,N/A,N/A,
GPU,3,N/A,N/A,N/A,N/A,N/A,N/A,N/A,
GPU,3,N/A,N/A,N/A,N/A,N/A,N/A,N/A,
GPU,3,N/A,N/A,N/A,N/A,N/A,N/A,N/A,
GPU,3,N/A,N/A,N/A,N/A,N/A,N/A,N/A,
GPU,3,N/A,N/A,N/A,N/A,N/A,N/A,N/A,
GPU,3,N/A,N/A,N/A,N/A,N/A,N/A,N/A,
GPU,3,N/A,N/A,N/A,N/A,N/A,N/A,N/A,
GPU,3,N/A,N/A,N/A,N/A,N/A,N/A,N/A,
GPU,3,N/A,N/A,N/A,N/A,N/A,N/A,N/A,
GPU,3,N/A,N/A,N/A,N/A,N/A,N/A,N/A,
GPU,3,N/A,N/A,N/A,N/A,N/A,N/A,N/A,
GPU,3,0.001,0.000,0.001,655833,463247,1023417687,1023412482,
GPU,3,N/A,N/A,N/A,N/A,N/A,N/A,N/A,
GPU,3,N/A,N/A,N/A,N/A,N/A,N/A,N/A,
GPU,3,N/A,N/A,N/A,N/A,N/A,N/A,N/A,
GPU,3,N/A,N/A,N/A,N/A,N/A,N/A,N/A,
GPU,3,N/A,N/A,N/A,N/A,N/A,N/A,N/A,
GPU,3,N/A,N/A,N/A,N/A,N/A,N/A,N/A,
GPU,3,N/A,N/A,N/A,N/A,N/A,N/A,N/A,
GPU,3,N/A,N/A,N/A,N/A,N/A,N/A,N/A,
GPU,3,N/A,N/A,N/A,N/A,N/A,N/A,N/A,
GPU,3,N/A,N/A,N/A,N/A,N/A,N/A,N/A,
GPU,3,N/A,N/A,N/A,N/A,N/A,N/A,N/A,
GPU,3,N/A,N/A,N/A,N/A,N/A,N/A,N/A,
GPU,3,N/A,N/A,N/A,N/A,N/A,N/A,N/A,
GPU,3,N/A,N/A,N/A,N/A,N/A,N/A,N/A,
GPU,3,N/A,N/A,N/A,N/A,N/A,N/A,N/A,
GPU,3,N/A,N/A,N/A,N/A,N/A,N/A,N/A,
GPU,3,N/A,N/A,N/A,N/A,N/A,N/A,N/A,
GPU,3,N/A,N/A,N/A,N/A,N/A,N/A,N/A,
GPU,3,N/A,N/A,N/A,N/A,N/A,N/A,N/A,
GPU,3,N/A,N/A,N/A,N/A,N/A,N/A,N/A,
GPU,3,N/A,N/A,N/A,N/A,N/A,N/A,N/A,
GPU,3,N/A,N/A,N/A,N/A,N/A,N/A,N/A,
GPU,3,N/A,N/A,N/A,N/A,N/A,N/A,N/A,
GPU,3,N/A,N/A,N/A,N/A,N/A,N/A,N/A,
GPU,3,N/A,N/A,N/A,N/A,N/A,N/A,N/A,
GPU,3,N/A,N/A,N/A,N/A,N/A,N/A,N/A,
GPU,3,N/A,N/A,N/A,N/A,N/A,N/A,N/A,
GPU,3,N/A,N/A,N/A,N/A,N/A,N/A,N/A,
GPU,3,N/A,N/A,N/A,N/A,N/A,N/A,N/A,
GPU,3,N/A,N/A,N/A,N/A,N/A,N/A,N/A,
GPU,3,N/A,N/A,N/A,N/A,N/A,N/A,N/A,
GPU,3,N/A,N/A,N/A,N/A,N/A,N/A,N/A,
GPU,3,N/A,N/A,N/A,N/A,N/A,N/A,N/A,
GPU,3,N/A,N/A,N/A,N/A,N/A,N/A,N/A,
GPU,3,N/A,N/A,N/A,N/A,N/A,N/A,N/A,
GPU,3,N/A,N/A,N/A,N/A,N/A,N/A,N/A,
GPU,3,N/A,N/A,N/A,N/A,N/A,N/A,N/A,
GPU,3,N/A,N/A,N/A,N/A,N/A,N/A,N/A,
GPU,3,N/A,N/A,N/A,N/A,N/A,N/A,N/A,
GPU,3,N/A,N/A,N/A,N/A,N/A,N/A,N/A,
GPU,3,N/A,N/A,N/A,N/A,N/A,N/A,N/A,
GPU,3,N/A,N/A,N/A,N/A,N/A,N/A,N/A,
GPU,3,N/A,N/A,N/A,N/A,N/A,N/A,N/A,
GPU,3,N/A,N/A,N/A,N/A,N/A,N/A,N/A,
GPU,3,N/A,N/A,N/A,N/A,N/A,N/A,N/A,
GPU,3,N/A,N/A,N/A,N/A,N/A,N/A,N/A,
GPU,3,N/A,N/A,N/A,N/A,N/A,N/A,N/A,
GPU,3,N/A,N/A,N/A,N/A,N/A,N/A,N/A,
GPU,3,N/A,N/A,N/A,N/A,N/A,N/A,N/A,
GPU,3,N/A,N/A,N/A,N/A,N/A,N/A,N/A,
GPU,3,N/A,N/A,N/A,N/A,N/A,N/A,N/A,
GPU,3,N/A,N/A,N/A,N/A,N/A,N/A,N/A,
GPU,3,N/A,N/A,N/A,N/A,N/A,N/A,N/A,
GPU,3,N/A,N/A,N/A,N/A,N/A,N/A,N/A,
GPU,3,N/A,N/A,N/A,N/A,N/A,N/A,N/A,
GPU,3,N/A,N/A,N/A,N/A,N/A,N/A,N/A,
GPU,3,N/A,N/A,N/A,N/A,N/A,N/A,N/A,
GPU,3,N/A,N/A,N/A,N/A,N/A,N/A,N/A,
GPU,3,N/A,N/A,N/A,N/A,N/A,N/A,N/A,
GPU,3,N/A,N/A,N/A,N/A,N/A,N/A,N/A,
GPU,3,N/A,N/A,N/A,N/A,N/A,N/A,N/A,
GPU,3,N/A,N/A,N/A,N/A,N/A,N/A,N/A,
GPU,3,N/A,N/A,N/A,N/A,N/A,N/A,N/A,
GPU,3,N/A,N/A,N/A,N/A,N/A,N/A,N/A,
GPU,3,N/A,N/A,N/A,N/A,N/A,N/A,N/A,
GPU,3,N/A,N/A,N/A,N/A,N/A,N/A,N/A,
GPU,3,N/A,N/A,N/A,N/A,N/A,N/A,N/A,
GPU,3,N/A,N/A,N/A,N/A,N/A,N/A,N/A,
GPU,3,N/A,N/A,N/A,N/A,N/A,N/A,N/A,
GPU,3,N/A,N/A,N/A,N/A,N/A,N/A,N/A,
GPU,3,N/A,N/A,N/A,N/A,N/A,N/A,N/A,
GPU,3,N/A,N/A,N/A,N/A,N/A,N/A,N/A,
GPU,3,N/A,N/A,N/A,N/A,N/A,N/A,N/A,
GPU,3,N/A,N/A,N/A,N/A,N/A,N/A,N/A,
GPU,3,N/A,N/A,N/A,N/A,N/A,N/A,N/A,
GPU,3,N/A,N/A,N/A,N/A,N/A,N/A,N/A,
GPU,3,N/A,N/A,N/A,N/A,N/A,N/A,N/A,
GPU,3,N/A,N/A,N/A,N/A,N/A,N/A,N/A,
GPU,3,0.001,N/A,N/A,N/A,N/A,N/A,N/A,
GPU,3,N/A,N/A,N/A,N/A,N/A,N/A,N/A,
GPU,3,N/A,N/A,N/A,N/A,N/A,N/A,N/A,
GPU,3,N/A,N/A,N/A,N/A,N/A,N/A,N/A,
GPU,3,N/A,N/A,N/A,N/A,N/A,N/A,N/A,
GPU,3,N/A,N/A,N/A,N/A,N/A,N/A,N/A,
GPU,3,N/A,N/A,N/A,N/A,N/A,N/A,N/A,
GPU,3,N/A,N/A,N/A,N/A,N/A,N/A,N/A,
GPU,3,N/A,N/A,N/A,N/A,N/A,N/A,N/A,
GPU,3,N/A,N/A,N/A,N/A,N/A,N/A,N/A,
GPU,3,N/A,N/A,N/A,N/A,N/A,N/A,N/A,
GPU,3,N/A,N/A,N/A,N/A,N/A,N/A,N/A,
GPU,3,N/A,N/A,N/A,N/A,N/A,N/A,N/A,
GPU,3,N/A,N/A,N/A,N/A,N/A,N/A,N/A,
GPU,3,N/A,N/A,N/A,N/A,N/A,N/A,N/A,
GPU,3,N/A,N/A,N/A,N/A,N/A,N/A,N/A,
GPU,3,N/A,N/A,N/A,N/A,N/A,N/A,N/A,
GPU,3,N/A,N/A,N/A,N/A,N/A,N/A,N/A,
GPU,3,N/A,N/A,N/A,N/A,N/A,N/A,N/A,
GPU,3,N/A,N/A,N/A,N/A,N/A,N/A,N/A,
GPU,3,N/A,N/A,N/A,N/A,N/A,N/A,N/A,
GPU,3,N/A,N/A,N/A,N/A,N/A,N/A,N/A,
GPU,3,N/A,N/A,N/A,N/A,N/A,N/A,N/A,
GPU,3,N/A,N/A,N/A,N/A,N/A,N/A,N/A,
GPU,3,N/A,N/A,N/A,N/A,N/A,N/A,N/A,
GPU,3,N/A,N/A,N/A,N/A,N/A,N/A,N/A,
GPU,3,N/A,N/A,N/A,N/A,N/A,N/A,N/A,
GPU,3,N/A,N/A,N/A,N/A,N/A,N/A,N/A,
GPU,3,N/A,N/A,N/A,N/A,N/A,N/A,N/A,
GPU,3,N/A,N/A,N/A,N/A,N/A,N/A,N/A,
GPU,3,N/A,N/A,N/A,N/A,N/A,N/A,N/A,
GPU,3,N/A,N/A,N/A,N/A,N/A,N/A,N/A,
GPU,3,N/A,N/A,N/A,N/A,N/A,N/A,N/A,
GPU,3,N/A,N/A,N/A,N/A,N/A,N/A,N/A,
GPU,3,N/A,N/A,N/A,N/A,N/A,N/A,N/A,
GPU,3,N/A,N/A,N/A,N/A,N/A,N/A,N/A,
GPU,3,N/A,N/A,N/A,N/A,N/A,N/A,N/A,
GPU,3,N/A,N/A,N/A,N/A,N/A,N/A,N/A,
GPU,3,N/A,N/A,N/A,N/A,N/A,N/A,N/A,
GPU,3,N/A,N/A,N/A,N/A,N/A,N/A,N/A,
GPU,3,N/A,N/A,N/A,N/A,N/A,N/A,N/A,
GPU,3,N/A,N/A,N/A,N/A,N/A,N/A,N/A,
GPU,3,N/A,N/A,N/A,N/A,N/A,N/A,N/A,
GPU,3,N/A,N/A,N/A,N/A,N/A,N/A,N/A,
GPU,3,N/A,N/A,N/A,N/A,N/A,N/A,N/A,
GPU,3,N/A,N/A,N/A,N/A,N/A,N/A,N/A,
GPU,3,N/A,N/A,N/A,N/A,N/A,N/A,N/A,
GPU,3,N/A,N/A,N/A,N/A,N/A,N/A,N/A,
GPU,3,N/A,N/A,N/A,N/A,N/A,N/A,N/A,
GPU,3,N/A,N/A,N/A,N/A,N/A,N/A,N/A,
GPU,3,N/A,N/A,N/A,N/A,N/A,N/A,N/A,
GPU,3,N/A,N/A,N/A,N/A,N/A,N/A,N/A,
GPU,3,N/A,N/A,N/A,N/A,N/A,N/A,N/A,
GPU,3,N/A,N/A,N/A,N/A,N/A,N/A,N/A,
GPU,3,N/A,N/A,N/A,N/A,N/A,N/A,N/A,
GPU,3,N/A,N/A,N/A,N/A,N/A,N/A,N/A,
GPU,3,N/A,N/A,N/A,N/A,N/A,N/A,N/A,
GPU,3,N/A,N/A,N/A,N/A,N/A,N/A,N/A,
GPU,3,N/A,N/A,N/A,N/A,N/A,N/A,N/A,
GPU,3,N/A,N/A,N/A,N/A,N/A,N/A,N/A,
GPU,3,N/A,N/A,N/A,N/A,N/A,N/A,N/A,
GPU,3,N/A,N/A,N/A,N/A,N/A,N/A,N/A,
GPU,3,N/A,N/A,N/A,N/A,N/A,N/A,N/A,
GPU,3,N/A,N/A,N/A,N/A,N/A,N/A,N/A,
GPU,3,N/A,N/A,N/A,N/A,N/A,N/A,N/A,
GPU,3,N/A,N/A,N/A,N/A,N/A,N/A,N/A,
GPU,3,N/A,N/A,N/A,N/A,N/A,N/A,N/A,
GPU,3,N/A,N/A,N/A,N/A,N/A,N/A,N/A,
GPU,3,N/A,N/A,N/A,N/A,N/A,N/A,N/A,
GPU,3,N/A,N/A,N/A,N/A,N/A,N/A,N/A,
GPU,3,N/A,N/A,N/A,N/A,N/A,N/A,N/A,
GPU,3,N/A,N/A,N/A,N/A,N/A,N/A,N/A,
GPU,3,N/A,N/A,N/A,N/A,N/A,N/A,N/A,
GPU,3,N/A,N/A,N/A,N/A,N/A,N/A,N/A,
GPU,3,N/A,N/A,N/A,N/A,N/A,N/A,N/A,
GPU,3,N/A,N/A,N/A,N/A,N/A,N/A,N/A,
GPU,3,N/A,N/A,N/A,N/A,N/A,N/A,N/A,
GPU,3,N/A,N/A,N/A,N/A,N/A,N/A,N/A,
GPU,3,N/A,N/A,N/A,N/A,N/A,N/A,N/A,
GPU,3,0.001,0.000,0.001,609327,312475,682665147,682654731,
GPU,3,N/A,N/A,N/A,N/A,N/A,N/A,N/A,
GPU,3,N/A,N/A,N/A,N/A,N/A,N/A,N/A,
GPU,3,N/A,N/A,N/A,N/A,N/A,N/A,N/A,
GPU,3,N/A,N/A,N/A,N/A,N/A,N/A,N/A,
GPU,3,N/A,N/A,N/A,N/A,N/A,N/A,N/A,
GPU,3,N/A,N/A,N/A,N/A,N/A,N/A,N/A,
GPU,3,N/A,N/A,N/A,N/A,N/A,N/A,N/A,
GPU,3,N/A,N/A,N/A,N/A,N/A,N/A,N/A,
GPU,3,N/A,N/A,N/A,N/A,N/A,N/A,N/A,
GPU,3,N/A,N/A,N/A,N/A,N/A,N/A,N/A,
GPU,3,N/A,N/A,N/A,N/A,N/A,N/A,N/A,
GPU,3,N/A,N/A,N/A,N/A,N/A,N/A,N/A,
GPU,3,N/A,N/A,N/A,N/A,N/A,N/A,N/A,
GPU,3,N/A,N/A,N/A,N/A,N/A,N/A,N/A,
GPU,3,N/A,N/A,N/A,N/A,N/A,N/A,N/A,
GPU,3,N/A,N/A,N/A,N/A,N/A,N/A,N/A,
GPU,3,N/A,N/A,N/A,N/A,N/A,N/A,N/A,
GPU,3,N/A,N/A,N/A,N/A,N/A,N/A,N/A,
GPU,3,N/A,N/A,N/A,N/A,N/A,N/A,N/A,
GPU,3,N/A,N/A,N/A,N/A,N/A,N/A,N/A,
GPU,3,N/A,N/A,N/A,N/A,N/A,N/A,N/A,
GPU,3,N/A,N/A,N/A,N/A,N/A,N/A,N/A,
GPU,3,N/A,N/A,N/A,N/A,N/A,N/A,N/A,
GPU,3,N/A,N/A,N/A,N/A,N/A,N/A,N/A,
GPU,3,N/A,N/A,N/A,N/A,N/A,N/A,N/A,
GPU,3,N/A,N/A,N/A,N/A,N/A,N/A,N/A,
GPU,3,N/A,N/A,N/A,N/A,N/A,N/A,N/A,
GPU,3,N/A,N/A,N/A,N/A,N/A,N/A,N/A,
GPU,3,N/A,N/A,N/A,N/A,N/A,N/A,N/A,
GPU,3,N/A,N/A,N/A,N/A,N/A,N/A,N/A,
GPU,3,N/A,N/A,N/A,N/A,N/A,N/A,N/A,
GPU,3,N/A,N/A,N/A,N/A,N/A,N/A,N/A,
GPU,3,N/A,N/A,N/A,N/A,N/A,N/A,N/A,
GPU,3,N/A,N/A,N/A,N/A,N/A,N/A,N/A,
GPU,3,N/A,N/A,N/A,N/A,N/A,N/A,N/A,
GPU,3,N/A,N/A,N/A,N/A,N/A,N/A,N/A,
GPU,3,N/A,N/A,N/A,N/A,N/A,N/A,N/A,
GPU,3,N/A,N/A,N/A,N/A,N/A,N/A,N/A,
GPU,3,N/A,N/A,N/A,N/A,N/A,N/A,N/A,
GPU,3,N/A,N/A,N/A,N/A,N/A,N/A,N/A,
GPU,3,N/A,N/A,N/A,N/A,N/A,N/A,N/A,
GPU,3,N/A,N/A,N/A,N/A,N/A,N/A,N/A,
GPU,3,N/A,N/A,N/A,N/A,N/A,N/A,N/A,
GPU,3,N/A,N/A,N/A,N/A,N/A,N/A,N/A,
GPU,3,N/A,N/A,N/A,N/A,N/A,N/A,N/A,
GPU,3,N/A,N/A,N/A,N/A,N/A,N/A,N/A,
GPU,3,N/A,N/A,N/A,N/A,N/A,N/A,N/A,
GPU,3,N/A,N/A,N/A,N/A,N/A,N/A,N/A,
GPU,3,N/A,N/A,N/A,N/A,N/A,N/A,N/A,
GPU,3,N/A,N/A,N/A,N/A,N/A,N/A,N/A,
GPU,3,N/A,N/A,N/A,N/A,N/A,N/A,N/A,
GPU,3,N/A,N/A,N/A,N/A,N/A,N/A,N/A,
GPU,3,N/A,N/A,N/A,N/A,N/A,N/A,N/A,
GPU,3,N/A,N/A,N/A,N/A,N/A,N/A,N/A,
GPU,3,N/A,N/A,N/A,N/A,N/A,N/A,N/A,
GPU,3,N/A,N/A,N/A,N/A,N/A,N/A,N/A,
GPU,3,N/A,N/A,N/A,N/A,N/A,N/A,N/A,
GPU,3,N/A,N/A,N/A,N/A,N/A,N/A,N/A,
GPU,3,N/A,N/A,N/A,N/A,N/A,N/A,N/A,
GPU,3,N/A,N/A,N/A,N/A,N/A,N/A,N/A,
GPU,3,N/A,N/A,N/A,N/A,N/A,N/A,N/A,
GPU,3,N/A,N/A,N/A,N/A,N/A,N/A,N/A,
GPU,3,N/A,N/A,N/A,N/A,N/A,N/A,N/A,
GPU,3,N/A,N/A,N/A,N/A,N/A,N/A,N/A,
GPU,3,N/A,N/A,N/A,N/A,N/A,N/A,N/A,
GPU,3,N/A,N/A,N/A,N/A,N/A,N/A,N/A,
GPU,3,N/A,N/A,N/A,N/A,N/A,N/A,N/A,
GPU,3,N/A,N/A,N/A,N/A,N/A,N/A,N/A,
GPU,3,N/A,N/A,N/A,N/A,N/A,N/A,N/A,
GPU,3,N/A,N/A,N/A,N/A,N/A,N/A,N/A,
GPU,3,N/A,N/A,N/A,N/A,N/A,N/A,N/A,
GPU,3,N/A,N/A,N/A,N/A,N/A,N/A,N/A,
GPU,3,N/A,N/A,N/A,N/A,N/A,N/A,N/A,
GPU,3,N/A,N/A,N/A,N/A,N/A,N/A,N/A,
GPU,3,N/A,N/A,N/A,N/A,N/A,N/A,N/A,
GPU,3,N/A,N/A,N/A,N/A,N/A,N/A,N/A,
GPU,3,N/A,N/A,N/A,N/A,N/A,N/A,N/A,
GPU,3,N/A,N/A,N/A,N/A,N/A,N/A,N/A,
GPU,3,N/A,N/A,N/A,N/A,N/A,N/A,N/A,
GPU,3,0.000,N/A,N/A,N/A,N/A,N/A,N/A,
GPU,3,N/A,N/A,N/A,N/A,N/A,N/A,N/A,
GPU,3,N/A,N/A,N/A,N/A,N/A,N/A,N/A,
GPU,3,N/A,N/A,N/A,N/A,N/A,N/A,N/A,
GPU,3,N/A,N/A,N/A,N/A,N/A,N/A,N/A,
GPU,3,N/A,N/A,N/A,N/A,N/A,N/A,N/A,
GPU,3,N/A,N/A,N/A,N/A,N/A,N/A,N/A,
GPU,3,N/A,N/A,N/A,N/A,N/A,N/A,N/A,
GPU,3,N/A,N/A,N/A,N/A,N/A,N/A,N/A,
GPU,3,N/A,N/A,N/A,N/A,N/A,N/A,N/A,
GPU,3,N/A,N/A,N/A,N/A,N/A,N/A,N/A,
GPU,3,N/A,N/A,N/A,N/A,N/A,N/A,N/A,
GPU,3,N/A,N/A,N/A,N/A,N/A,N/A,N/A,
GPU,3,N/A,N/A,N/A,N/A,N/A,N/A,N/A,
GPU,3,N/A,N/A,N/A,N/A,N/A,N/A,N/A,
GPU,3,N/A,N/A,N/A,N/A,N/A,N/A,N/A,
GPU,3,N/A,N/A,N/A,N/A,N/A,N/A,N/A,
GPU,3,N/A,N/A,N/A,N/A,N/A,N/A,N/A,
GPU,3,N/A,N/A,N/A,N/A,N/A,N/A,N/A,
GPU,3,N/A,N/A,N/A,N/A,N/A,N/A,N/A,
GPU,3,N/A,N/A,N/A,N/A,N/A,N/A,N/A,
GPU,3,N/A,N/A,N/A,N/A,N/A,N/A,N/A,
GPU,3,N/A,N/A,N/A,N/A,N/A,N/A,N/A,
GPU,3,N/A,N/A,N/A,N/A,N/A,N/A,N/A,
GPU,3,N/A,N/A,N/A,N/A,N/A,N/A,N/A,
GPU,3,N/A,N/A,N/A,N/A,N/A,N/A,N/A,
GPU,3,N/A,N/A,N/A,N/A,N/A,N/A,N/A,
GPU,3,N/A,N/A,N/A,N/A,N/A,N/A,N/A,
GPU,3,N/A,N/A,N/A,N/A,N/A,N/A,N/A,
GPU,3,N/A,N/A,N/A,N/A,N/A,N/A,N/A,
GPU,3,N/A,N/A,N/A,N/A,N/A,N/A,N/A,
GPU,3,N/A,N/A,N/A,N/A,N/A,N/A,N/A,
GPU,3,N/A,N/A,N/A,N/A,N/A,N/A,N/A,
GPU,3,N/A,N/A,N/A,N/A,N/A,N/A,N/A,
GPU,3,N/A,N/A,N/A,N/A,N/A,N/A,N/A,
GPU,3,N/A,N/A,N/A,N/A,N/A,N/A,N/A,
GPU,3,N/A,N/A,N/A,N/A,N/A,N/A,N/A,
GPU,3,N/A,N/A,N/A,N/A,N/A,N/A,N/A,
GPU,3,N/A,N/A,N/A,N/A,N/A,N/A,N/A,
GPU,3,N/A,N/A,N/A,N/A,N/A,N/A,N/A,
GPU,3,N/A,N/A,N/A,N/A,N/A,N/A,N/A,
GPU,3,N/A,N/A,N/A,N/A,N/A,N/A,N/A,
