timestamp, temperature_gpu, power_draw_w, utilization_gpu, utilization_memory, memory_used_mib, memory_free_mib, total_energy_consumption_j
1.72281e+18, 29, 56, 0, 0, 1965, 40984, 44749610457
1.72281e+18, 29, 56, 0, 0, 1965, 40984, 44749610457
1.72281e+18, 29, 56, 0, 0, 1965, 40984, 44749610457
1.72281e+18, 29, 56, 0, 0, 1965, 40984, 44749610457
1.72281e+18, 29, 56, 0, 0, 1965, 40984, 44749610457
1.72281e+18, 29, 56, 0, 0, 1965, 40984, 44749610457
1.72281e+18, 29, 56, 0, 0, 1965, 40984, 44749610457
1.72281e+18, 29, 56, 0, 0, 1965, 40984, 44749610457
1.72281e+18, 29, 56, 0, 0, 1965, 40984, 44749610457
1.72281e+18, 29, 54, 0, 0, 1965, 40984, 44749616085
1.72281e+18, 29, 54, 0, 0, 1965, 40984, 44749616085
1.72281e+18, 29, 54, 0, 0, 1965, 40984, 44749616085
1.72281e+18, 29, 54, 0, 0, 1965, 40984, 44749616085
1.72281e+18, 29, 54, 0, 0, 1965, 40984, 44749616085
1.72281e+18, 29, 54, 0, 0, 1965, 40984, 44749616085
1.72281e+18, 29, 54, 0, 0, 1965, 40984, 44749616085
1.72281e+18, 29, 54, 0, 0, 1965, 40984, 44749616085
1.72281e+18, 29, 54, 0, 0, 1965, 40984, 44749616085
1.72281e+18, 29, 54, 0, 0, 1965, 40984, 44749616085
1.72281e+18, 29, 54, 0, 0, 1965, 40984, 44749616085
1.72281e+18, 29, 54, 0, 0, 1965, 40984, 44749616085
1.72281e+18, 29, 54, 0, 0, 1965, 40984, 44749616085
1.72281e+18, 29, 54, 0, 0, 1965, 40984, 44749616085
1.72281e+18, 29, 54, 0, 0, 1965, 40984, 44749616085
1.72281e+18, 29, 54, 0, 0, 1965, 40984, 44749616085
1.72281e+18, 29, 54, 0, 0, 1965, 40984, 44749616085
1.72281e+18, 29, 54, 0, 0, 1965, 40984, 44749616085
1.72281e+18, 29, 54, 0, 0, 1965, 40984, 44749616085
1.72281e+18, 29, 54, 0, 0, 1965, 40984, 44749616085
1.72281e+18, 29, 54, 0, 0, 1965, 40984, 44749616085
1.72281e+18, 29, 54, 0, 0, 1965, 40984, 44749616085
1.72281e+18, 29, 54, 0, 0, 1965, 40984, 44749616085
1.72281e+18, 29, 54, 0, 0, 1965, 40984, 44749616085
1.72281e+18, 29, 54, 0, 0, 1965, 40984, 44749616085
1.72281e+18, 29, 54, 0, 0, 1965, 40984, 44749616085
1.72281e+18, 29, 54, 0, 0, 1965, 40984, 44749616085
1.72281e+18, 29, 54, 0, 0, 1965, 40984, 44749621702
1.72281e+18, 29, 54, 0, 0, 1965, 40984, 44749621702
1.72281e+18, 29, 56, 0, 0, 1965, 40984, 44749621702
1.72281e+18, 29, 56, 0, 0, 1965, 40984, 44749621702
1.72281e+18, 29, 56, 0, 0, 1965, 40984, 44749621702
1.72281e+18, 29, 56, 0, 0, 1965, 40984, 44749621702
1.72281e+18, 29, 56, 0, 0, 1965, 40984, 44749621702
1.72281e+18, 29, 56, 0, 0, 1965, 40984, 44749621702
1.72281e+18, 29, 56, 0, 0, 1965, 40984, 44749621702
1.72281e+18, 29, 56, 0, 0, 1965, 40984, 44749621702
1.72281e+18, 29, 56, 0, 0, 1965, 40984, 44749621702
1.72281e+18, 29, 56, 0, 0, 1965, 40984, 44749621702
1.72281e+18, 29, 56, 0, 0, 1965, 40984, 44749621702
1.72281e+18, 29, 56, 0, 0, 1965, 40984, 44749621702
1.72281e+18, 29, 56, 0, 0, 1965, 40984, 44749621702
1.72281e+18, 29, 56, 0, 0, 1965, 40984, 44749621702
1.72281e+18, 29, 56, 0, 0, 1965, 40984, 44749621702
1.72281e+18, 29, 56, 0, 0, 1965, 40984, 44749621702
1.72281e+18, 29, 56, 0, 0, 1965, 40984, 44749621702
1.72281e+18, 29, 56, 0, 0, 1965, 40984, 44749621702
1.72281e+18, 29, 56, 0, 0, 1965, 40984, 44749621702
1.72281e+18, 29, 56, 0, 0, 1965, 40984, 44749621702
1.72281e+18, 29, 56, 0, 0, 1965, 40984, 44749621702
1.72281e+18, 29, 56, 0, 0, 1965, 40984, 44749621702
1.72281e+18, 29, 56, 0, 0, 1965, 40984, 44749621702
1.72281e+18, 29, 56, 0, 0, 1965, 40984, 44749621702
1.72281e+18, 29, 56, 0, 0, 1965, 40984, 44749621702
1.72281e+18, 29, 56, 0, 0, 1965, 40984, 44749627347
1.72281e+18, 29, 56, 0, 0, 1965, 40984, 44749627347
1.72281e+18, 29, 56, 0, 0, 1965, 40984, 44749627347
1.72281e+18, 29, 56, 0, 0, 1965, 40984, 44749627347
1.72281e+18, 29, 56, 0, 0, 1965, 40984, 44749627347
1.72281e+18, 29, 56, 0, 0, 1965, 40984, 44749627347
1.72281e+18, 29, 56, 0, 0, 1965, 40984, 44749627347
1.72281e+18, 29, 56, 0, 0, 1965, 40984, 44749627347
1.72281e+18, 29, 56, 0, 0, 1965, 40984, 44749627347
1.72281e+18, 29, 56, 0, 0, 1965, 40984, 44749627347
1.72281e+18, 29, 56, 0, 0, 1965, 40984, 44749627347
1.72281e+18, 29, 56, 0, 0, 1965, 40984, 44749627347
1.72281e+18, 29, 56, 0, 0, 1965, 40984, 44749627347
1.72281e+18, 29, 56, 0, 0, 1965, 40984, 44749627347
1.72281e+18, 29, 56, 0, 0, 1965, 40984, 44749627347
1.72281e+18, 29, 56, 0, 0, 1965, 40984, 44749627347
1.72281e+18, 29, 56, 0, 0, 1965, 40984, 44749627347
1.72281e+18, 29, 56, 0, 0, 1965, 40984, 44749627347
1.72281e+18, 29, 56, 0, 0, 1965, 40984, 44749627347
1.72281e+18, 29, 56, 0, 0, 1965, 40984, 44749627347
1.72281e+18, 29, 56, 0, 0, 1965, 40984, 44749627347
1.72281e+18, 29, 56, 0, 0, 1965, 40984, 44749627347
1.72281e+18, 29, 56, 0, 0, 1965, 40984, 44749627347
1.72281e+18, 29, 56, 0, 0, 1965, 40984, 44749627347
1.72281e+18, 29, 56, 0, 0, 1965, 40984, 44749627347
1.72281e+18, 29, 56, 0, 0, 1965, 40984, 44749627347
1.72281e+18, 29, 56, 0, 0, 1965, 40984, 44749627347
1.72281e+18, 29, 56, 0, 0, 1965, 40984, 44749633005
1.72281e+18, 29, 56, 0, 0, 1965, 40984, 44749633005
1.72281e+18, 29, 56, 0, 0, 1965, 40984, 44749633005
1.72281e+18, 29, 56, 0, 0, 1965, 40984, 44749633005
1.72281e+18, 29, 56, 0, 0, 1965, 40984, 44749633005
1.72281e+18, 29, 56, 0, 0, 1965, 40984, 44749633005
1.72281e+18, 29, 56, 0, 0, 1965, 40984, 44749633005
1.72281e+18, 29, 56, 0, 0, 1965, 40984, 44749633005
1.72281e+18, 29, 56, 0, 0, 1965, 40984, 44749633005
1.72281e+18, 29, 56, 0, 0, 1965, 40984, 44749633005
1.72281e+18, 29, 56, 0, 0, 1965, 40984, 44749633005
1.72281e+18, 29, 56, 0, 0, 1965, 40984, 44749633005
1.72281e+18, 29, 56, 0, 0, 1965, 40984, 44749633005
1.72281e+18, 29, 56, 0, 0, 1965, 40984, 44749633005
1.72281e+18, 29, 56, 0, 0, 1965, 40984, 44749633005
1.72281e+18, 29, 56, 0, 0, 1965, 40984, 44749633005
1.72281e+18, 29, 56, 0, 0, 1965, 40984, 44749633005
1.72281e+18, 29, 56, 0, 0, 1965, 40984, 44749633005
1.72281e+18, 29, 56, 0, 0, 1965, 40984, 44749633005
1.72281e+18, 29, 56, 0, 0, 1965, 40984, 44749633005
1.72281e+18, 29, 56, 0, 0, 1965, 40984, 44749633005
1.72281e+18, 29, 56, 0, 0, 1965, 40984, 44749633005
1.72281e+18, 29, 56, 0, 0, 1965, 40984, 44749633005
1.72281e+18, 29, 56, 0, 0, 1965, 40984, 44749633005
1.72281e+18, 29, 56, 0, 0, 1965, 40984, 44749633005
1.72281e+18, 29, 56, 0, 0, 1965, 40984, 44749633005
1.72281e+18, 29, 56, 0, 0, 1965, 40984, 44749633005
1.72281e+18, 29, 56, 0, 0, 1965, 40984, 44749633005
1.72281e+18, 29, 56, 0, 0, 1965, 40984, 44749638627
1.72281e+18, 29, 56, 0, 0, 1965, 40984, 44749638627
1.72281e+18, 29, 56, 0, 0, 1965, 40984, 44749638627
1.72281e+18, 29, 56, 0, 0, 1965, 40984, 44749638627
1.72281e+18, 29, 56, 0, 0, 1965, 40984, 44749638627
1.72281e+18, 29, 56, 0, 0, 1965, 40984, 44749638627
1.72281e+18, 29, 56, 0, 0, 1965, 40984, 44749638627
1.72281e+18, 29, 56, 0, 0, 1965, 40984, 44749638627
1.72281e+18, 29, 56, 0, 0, 1965, 40984, 44749638627
1.72281e+18, 29, 56, 0, 0, 1965, 40984, 44749638627
1.72281e+18, 29, 56, 0, 0, 1965, 40984, 44749638627
1.72281e+18, 29, 56, 0, 0, 1965, 40984, 44749638627
1.72281e+18, 29, 56, 0, 0, 1965, 40984, 44749638627
1.72281e+18, 29, 56, 0, 0, 1965, 40984, 44749638627
1.72281e+18, 29, 56, 0, 0, 1965, 40984, 44749638627
1.72281e+18, 29, 56, 0, 0, 1965, 40984, 44749638627
1.72281e+18, 29, 56, 0, 0, 1965, 40984, 44749638627
1.72281e+18, 29, 56, 0, 0, 1965, 40984, 44749638627
1.72281e+18, 29, 56, 0, 0, 1965, 40984, 44749638627
1.72281e+18, 29, 56, 0, 0, 1965, 40984, 44749638627
1.72281e+18, 29, 56, 0, 0, 1965, 40984, 44749638627
1.72281e+18, 29, 56, 0, 0, 1965, 40984, 44749638627
1.72281e+18, 29, 56, 0, 0, 1965, 40984, 44749638627
1.72281e+18, 29, 56, 0, 0, 1965, 40984, 44749638627
1.72281e+18, 29, 56, 0, 0, 1965, 40984, 44749638627
1.72281e+18, 29, 56, 0, 0, 1965, 40984, 44749638627
1.72281e+18, 29, 56, 0, 0, 1965, 40984, 44749638627
1.72281e+18, 29, 56, 0, 0, 1965, 40984, 44749644273
1.72281e+18, 29, 56, 0, 0, 1965, 40984, 44749644273
1.72281e+18, 29, 56, 0, 0, 1965, 40984, 44749644273
1.72281e+18, 29, 56, 0, 0, 1965, 40984, 44749644273
1.72281e+18, 29, 56, 0, 0, 1965, 40984, 44749644273
1.72281e+18, 29, 56, 0, 0, 1965, 40984, 44749644273
1.72281e+18, 29, 56, 0, 0, 1965, 40984, 44749644273
1.72281e+18, 29, 56, 0, 0, 1965, 40984, 44749644273
1.72281e+18, 29, 56, 0, 0, 1965, 40984, 44749644273
1.72281e+18, 29, 56, 0, 0, 1965, 40984, 44749644273
1.72281e+18, 29, 56, 0, 0, 1965, 40984, 44749644273
1.72281e+18, 29, 56, 0, 0, 1965, 40984, 44749644273
1.72281e+18, 29, 56, 0, 0, 1965, 40984, 44749644273
1.72281e+18, 29, 56, 0, 0, 1965, 40984, 44749644273
1.72281e+18, 29, 56, 0, 0, 1965, 40984, 44749644273
1.72281e+18, 29, 56, 0, 0, 1965, 40984, 44749644273
1.72281e+18, 29, 56, 0, 0, 1965, 40984, 44749644273
1.72281e+18, 29, 56, 0, 0, 1965, 40984, 44749644273
1.72281e+18, 29, 56, 0, 0, 1965, 40984, 44749644273
1.72281e+18, 29, 56, 0, 0, 1965, 40984, 44749644273
1.72281e+18, 29, 56, 0, 0, 1965, 40984, 44749644273
1.72281e+18, 29, 56, 0, 0, 1965, 40984, 44749644273
1.72281e+18, 29, 56, 0, 0, 1965, 40984, 44749644273
1.72281e+18, 29, 56, 0, 0, 1965, 40984, 44749644273
1.72281e+18, 29, 56, 0, 0, 1965, 40984, 44749644273
1.72281e+18, 29, 56, 0, 0, 1965, 40984, 44749644273
1.72281e+18, 29, 56, 0, 0, 1965, 40984, 44749649849
1.72281e+18, 29, 56, 0, 0, 1965, 40984, 44749649849
1.72281e+18, 29, 56, 0, 0, 1965, 40984, 44749649849
1.72281e+18, 29, 56, 0, 0, 1965, 40984, 44749649849
1.72281e+18, 29, 56, 0, 0, 1965, 40984, 44749649849
1.72281e+18, 29, 56, 0, 0, 1965, 40984, 44749649849
1.72281e+18, 29, 56, 0, 0, 1965, 40984, 44749649849
1.72281e+18, 29, 56, 0, 0, 1965, 40984, 44749649849
1.72281e+18, 29, 56, 0, 0, 1965, 40984, 44749649849
1.72281e+18, 29, 56, 0, 0, 1965, 40984, 44749649849
1.72281e+18, 29, 56, 0, 0, 1965, 40984, 44749649849
1.72281e+18, 29, 56, 0, 0, 1965, 40984, 44749649849
1.72281e+18, 29, 56, 0, 0, 1965, 40984, 44749649849
1.72281e+18, 29, 56, 0, 0, 1965, 40984, 44749649849
1.72281e+18, 29, 56, 0, 0, 1965, 40984, 44749649849
1.72281e+18, 29, 56, 0, 0, 1965, 40984, 44749649849
1.72281e+18, 29, 56, 0, 0, 1965, 40984, 44749649849
1.72281e+18, 29, 56, 0, 0, 1965, 40984, 44749649849
1.72281e+18, 29, 56, 0, 0, 1965, 40984, 44749649849
1.72281e+18, 29, 56, 0, 0, 1965, 40984, 44749649849
1.72281e+18, 29, 56, 0, 0, 1965, 40984, 44749649849
1.72281e+18, 29, 56, 0, 0, 1965, 40984, 44749649849
1.72281e+18, 29, 56, 0, 0, 1965, 40984, 44749649849
1.72281e+18, 29, 56, 0, 0, 1965, 40984, 44749649849
1.72281e+18, 29, 56, 0, 0, 1965, 40984, 44749649849
1.72281e+18, 29, 56, 0, 0, 1965, 40984, 44749649849
1.72281e+18, 29, 56, 0, 0, 1965, 40984, 44749649849
1.72281e+18, 29, 56, 0, 0, 1965, 40984, 44749655558
1.72281e+18, 29, 56, 0, 0, 1965, 40984, 44749655558
1.72281e+18, 29, 56, 0, 0, 1965, 40984, 44749655558
1.72281e+18, 29, 56, 0, 0, 1965, 40984, 44749655558
1.72281e+18, 29, 56, 0, 0, 1965, 40984, 44749655558
1.72281e+18, 29, 56, 0, 0, 1965, 40984, 44749655558
1.72281e+18, 29, 56, 0, 0, 1965, 40984, 44749655558
1.72281e+18, 29, 56, 0, 0, 1965, 40984, 44749655558
1.72281e+18, 29, 55, 0, 0, 1965, 40984, 44749655558
1.72281e+18, 29, 55, 0, 0, 1965, 40984, 44749655558
1.72281e+18, 29, 55, 0, 0, 1965, 40984, 44749655558
1.72281e+18, 29, 55, 0, 0, 1965, 40984, 44749655558
1.72281e+18, 29, 55, 0, 0, 1965, 40984, 44749655558
1.72281e+18, 29, 55, 0, 0, 1965, 40984, 44749655558
1.72281e+18, 29, 55, 0, 0, 1965, 40984, 44749655558
1.72281e+18, 29, 55, 0, 0, 1965, 40984, 44749655558
1.72281e+18, 29, 55, 0, 0, 1965, 40984, 44749655558
1.72281e+18, 29, 55, 0, 0, 1965, 40984, 44749655558
1.72281e+18, 29, 55, 0, 0, 1965, 40984, 44749655558
1.72281e+18, 29, 55, 0, 0, 1965, 40984, 44749655558
1.72281e+18, 29, 55, 0, 0, 1965, 40984, 44749655558
1.72281e+18, 29, 55, 0, 0, 1965, 40984, 44749655558
1.72281e+18, 29, 55, 0, 0, 1965, 40984, 44749655558
1.72281e+18, 29, 55, 0, 0, 1965, 40984, 44749655558
1.72281e+18, 29, 55, 0, 0, 1965, 40984, 44749655558
1.72281e+18, 29, 55, 0, 0, 1965, 40984, 44749655558
1.72281e+18, 29, 55, 0, 0, 1965, 40984, 44749655558
1.72281e+18, 29, 55, 0, 0, 1965, 40984, 44749661190
1.72281e+18, 29, 55, 0, 0, 1965, 40984, 44749661190
1.72281e+18, 29, 55, 0, 0, 1965, 40984, 44749661190
1.72281e+18, 29, 55, 0, 0, 1965, 40984, 44749661190
1.72281e+18, 29, 55, 0, 0, 1965, 40984, 44749661190
1.72281e+18, 29, 55, 0, 0, 1965, 40984, 44749661190
1.72281e+18, 29, 55, 0, 0, 1965, 40984, 44749661190
1.72281e+18, 29, 55, 0, 0, 1965, 40984, 44749661190
1.72281e+18, 29, 55, 0, 0, 1965, 40984, 44749661190
1.72281e+18, 29, 56, 0, 0, 1965, 40984, 44749661190
1.72281e+18, 29, 56, 0, 0, 1965, 40984, 44749661190
1.72281e+18, 29, 56, 0, 0, 1965, 40984, 44749661190
1.72281e+18, 29, 56, 0, 0, 1965, 40984, 44749661190
1.72281e+18, 29, 56, 0, 0, 1965, 40984, 44749661190
1.72281e+18, 29, 56, 0, 0, 1965, 40984, 44749661190
1.72281e+18, 29, 56, 0, 0, 1965, 40984, 44749661190
1.72281e+18, 29, 56, 0, 0, 1965, 40984, 44749661190
1.72281e+18, 29, 56, 0, 0, 1965, 40984, 44749661190
1.72281e+18, 29, 56, 0, 0, 1965, 40984, 44749661190
1.72281e+18, 29, 56, 0, 0, 1965, 40984, 44749661190
1.72281e+18, 29, 56, 0, 0, 1965, 40984, 44749661190
1.72281e+18, 29, 56, 0, 0, 1965, 40984, 44749661190
1.72281e+18, 29, 56, 0, 0, 1965, 40984, 44749661190
1.72281e+18, 29, 56, 0, 0, 1965, 40984, 44749661190
1.72281e+18, 29, 56, 0, 0, 1965, 40984, 44749661190
1.72281e+18, 29, 56, 0, 0, 1965, 40984, 44749661190
1.72281e+18, 29, 56, 0, 0, 1965, 40984, 44749661190
1.72281e+18, 29, 56, 0, 0, 1965, 40984, 44749661190
1.72281e+18, 29, 56, 0, 0, 1965, 40984, 44749666843
1.72281e+18, 29, 56, 0, 0, 1965, 40984, 44749666843
1.72281e+18, 29, 56, 0, 0, 1965, 40984, 44749666843
1.72281e+18, 29, 56, 0, 0, 1965, 40984, 44749666843
1.72281e+18, 29, 56, 0, 0, 1965, 40984, 44749666843
1.72281e+18, 29, 56, 0, 0, 1965, 40984, 44749666843
1.72281e+18, 29, 56, 0, 0, 1965, 40984, 44749666843
1.72281e+18, 29, 56, 0, 0, 1965, 40984, 44749666843
1.72281e+18, 29, 56, 0, 0, 1965, 40984, 44749666843
1.72281e+18, 29, 56, 0, 0, 1965, 40984, 44749666843
1.72281e+18, 29, 56, 0, 0, 1965, 40984, 44749666843
1.72281e+18, 29, 56, 0, 0, 1965, 40984, 44749666843
1.72281e+18, 29, 56, 0, 0, 1965, 40984, 44749666843
1.72281e+18, 29, 56, 0, 0, 1965, 40984, 44749666843
1.72281e+18, 29, 56, 0, 0, 1965, 40984, 44749666843
1.72281e+18, 29, 56, 0, 0, 1965, 40984, 44749666843
1.72281e+18, 29, 56, 0, 0, 1965, 40984, 44749666843
1.72281e+18, 29, 56, 0, 0, 1965, 40984, 44749666843
1.72281e+18, 29, 56, 0, 0, 1965, 40984, 44749666843
1.72281e+18, 29, 56, 0, 0, 1965, 40984, 44749666843
1.72281e+18, 29, 56, 0, 0, 1965, 40984, 44749666843
1.72281e+18, 29, 56, 0, 0, 1965, 40984, 44749666843
1.72281e+18, 29, 56, 0, 0, 1965, 40984, 44749666843
1.72281e+18, 29, 56, 0, 0, 1965, 40984, 44749666843
1.72281e+18, 29, 56, 0, 0, 1965, 40984, 44749666843
1.72281e+18, 29, 56, 0, 0, 1965, 40984, 44749666843
1.72281e+18, 29, 56, 0, 0, 1965, 40984, 44749666843
1.72281e+18, 29, 56, 0, 0, 1965, 40984, 44749672470
1.72281e+18, 29, 56, 0, 0, 1965, 40984, 44749672470
1.72281e+18, 29, 56, 0, 0, 1965, 40984, 44749672470
1.72281e+18, 29, 56, 0, 0, 1965, 40984, 44749672470
1.72281e+18, 29, 56, 0, 0, 1965, 40984, 44749672470
1.72281e+18, 29, 56, 0, 0, 1965, 40984, 44749672470
1.72281e+18, 29, 56, 0, 0, 1965, 40984, 44749672470
1.72281e+18, 29, 56, 0, 0, 1965, 40984, 44749672470
1.72281e+18, 29, 56, 0, 0, 1965, 40984, 44749672470
1.72281e+18, 29, 56, 0, 0, 1965, 40984, 44749672470
1.72281e+18, 29, 56, 0, 0, 1965, 40984, 44749672470
1.72281e+18, 29, 55, 0, 0, 1965, 40984, 44749672470
1.72281e+18, 29, 55, 0, 0, 1965, 40984, 44749672470
1.72281e+18, 29, 55, 0, 0, 1965, 40984, 44749672470
1.72281e+18, 29, 55, 0, 0, 1965, 40984, 44749672470
1.72281e+18, 29, 55, 0, 0, 1965, 40984, 44749672470
1.72281e+18, 29, 55, 0, 0, 1965, 40984, 44749672470
1.72281e+18, 29, 55, 0, 0, 1965, 40984, 44749672470
1.72281e+18, 29, 55, 0, 0, 1965, 40984, 44749672470
1.72281e+18, 29, 55, 0, 0, 1965, 40984, 44749672470
1.72281e+18, 29, 55, 0, 0, 1965, 40984, 44749672470
1.72281e+18, 29, 55, 0, 0, 1965, 40984, 44749672470
1.72281e+18, 29, 55, 0, 0, 1965, 40984, 44749672470
1.72281e+18, 29, 55, 0, 0, 1965, 40984, 44749672470
1.72281e+18, 29, 55, 0, 0, 1965, 40984, 44749672470
1.72281e+18, 29, 55, 0, 0, 1965, 40984, 44749672470
1.72281e+18, 29, 55, 0, 0, 1965, 40984, 44749672470
1.72281e+18, 29, 55, 0, 0, 1965, 40984, 44749678023
1.72281e+18, 29, 55, 0, 0, 1965, 40984, 44749678023
1.72281e+18, 29, 55, 0, 0, 1965, 40984, 44749678023
1.72281e+18, 29, 55, 0, 0, 1965, 40984, 44749678023
1.72281e+18, 29, 55, 0, 0, 1965, 40984, 44749678023
1.72281e+18, 29, 55, 0, 0, 1965, 40984, 44749678023
1.72281e+18, 29, 55, 0, 0, 1965, 40984, 44749678023
1.72281e+18, 29, 55, 0, 0, 1965, 40984, 44749678023
1.72281e+18, 29, 55, 0, 0, 1965, 40984, 44749678023
1.72281e+18, 29, 55, 0, 0, 1965, 40984, 44749678023
1.72281e+18, 29, 55, 0, 0, 1965, 40984, 44749678023
1.72281e+18, 29, 55, 0, 0, 1965, 40984, 44749678023
1.72281e+18, 29, 55, 0, 0, 1965, 40984, 44749678023
1.72281e+18, 29, 56, 0, 0, 1965, 40984, 44749678023
1.72281e+18, 29, 56, 0, 0, 1965, 40984, 44749678023
1.72281e+18, 29, 56, 0, 0, 1965, 40984, 44749678023
1.72281e+18, 29, 56, 0, 0, 1965, 40984, 44749678023
1.72281e+18, 29, 56, 0, 0, 1965, 40984, 44749678023
1.72281e+18, 29, 56, 0, 0, 1965, 40984, 44749678023
1.72281e+18, 29, 56, 0, 0, 1965, 40984, 44749678023
1.72281e+18, 29, 56, 0, 0, 1965, 40984, 44749678023
1.72281e+18, 29, 56, 0, 0, 1965, 40984, 44749678023
1.72281e+18, 29, 56, 0, 0, 1965, 40984, 44749678023
1.72281e+18, 29, 56, 0, 0, 1965, 40984, 44749678023
1.72281e+18, 29, 56, 0, 0, 1965, 40984, 44749678023
1.72281e+18, 29, 56, 0, 0, 1965, 40984, 44749678023
1.72281e+18, 29, 56, 0, 0, 1965, 40984, 44749678023
1.72281e+18, 29, 56, 0, 0, 1965, 40984, 44749678023
1.72281e+18, 29, 56, 0, 0, 1965, 40984, 44749683745
1.72281e+18, 29, 56, 0, 0, 1965, 40984, 44749683745
1.72281e+18, 29, 56, 0, 0, 1965, 40984, 44749683745
1.72281e+18, 29, 56, 0, 0, 1965, 40984, 44749683745
1.72281e+18, 29, 56, 0, 0, 1965, 40984, 44749683745
1.72281e+18, 29, 56, 0, 0, 1965, 40984, 44749683745
1.72281e+18, 29, 56, 0, 0, 1965, 40984, 44749683745
1.72281e+18, 29, 56, 0, 0, 1965, 40984, 44749683745
1.72281e+18, 29, 56, 0, 0, 1965, 40984, 44749683745
1.72281e+18, 29, 56, 0, 0, 1965, 40984, 44749683745
1.72281e+18, 29, 56, 0, 0, 1965, 40984, 44749683745
1.72281e+18, 29, 56, 0, 0, 1965, 40984, 44749683745
1.72281e+18, 29, 56, 0, 0, 1965, 40984, 44749683745
1.72281e+18, 29, 56, 0, 0, 1965, 40984, 44749683745
1.72281e+18, 29, 56, 0, 0, 1965, 40984, 44749683745
1.72281e+18, 29, 56, 0, 0, 1965, 40984, 44749683745
1.72281e+18, 29, 56, 0, 0, 1965, 40984, 44749683745
1.72281e+18, 29, 56, 0, 0, 1965, 40984, 44749683745
1.72281e+18, 29, 56, 0, 0, 1965, 40984, 44749683745
1.72281e+18, 29, 56, 0, 0, 1965, 40984, 44749683745
1.72281e+18, 29, 56, 0, 0, 1965, 40984, 44749683745
1.72281e+18, 29, 56, 0, 0, 1965, 40984, 44749683745
1.72281e+18, 29, 56, 0, 0, 1965, 40984, 44749683745
1.72281e+18, 29, 56, 0, 0, 1965, 40984, 44749683745
1.72281e+18, 29, 56, 0, 0, 1965, 40984, 44749683745
1.72281e+18, 29, 56, 0, 0, 1965, 40984, 44749683745
1.72281e+18, 29, 56, 0, 0, 1965, 40984, 44749683745
1.72281e+18, 29, 56, 0, 0, 1965, 40984, 44749689383
1.72281e+18, 29, 56, 0, 0, 1965, 40984, 44749689383
1.72281e+18, 29, 56, 0, 0, 1965, 40984, 44749689383
1.72281e+18, 29, 56, 0, 0, 1965, 40984, 44749689383
1.72281e+18, 29, 56, 0, 0, 1965, 40984, 44749689383
1.72281e+18, 29, 56, 0, 0, 1965, 40984, 44749689383
1.72281e+18, 29, 56, 0, 0, 1965, 40984, 44749689383
1.72281e+18, 29, 56, 0, 0, 1965, 40984, 44749689383
1.72281e+18, 29, 56, 0, 0, 1965, 40984, 44749689383
1.72281e+18, 29, 56, 0, 0, 1965, 40984, 44749689383
1.72281e+18, 29, 56, 0, 0, 1965, 40984, 44749689383
1.72281e+18, 29, 56, 0, 0, 1965, 40984, 44749689383
1.72281e+18, 29, 56, 0, 0, 1965, 40984, 44749689383
1.72281e+18, 29, 56, 0, 0, 1965, 40984, 44749689383
1.72281e+18, 29, 56, 0, 0, 1965, 40984, 44749689383
1.72281e+18, 29, 56, 0, 0, 1965, 40984, 44749689383
1.72281e+18, 29, 56, 0, 0, 1965, 40984, 44749689383
1.72281e+18, 29, 56, 0, 0, 1965, 40984, 44749689383
1.72281e+18, 29, 56, 0, 0, 1965, 40984, 44749689383
1.72281e+18, 29, 56, 0, 0, 1965, 40984, 44749689383
1.72281e+18, 29, 56, 0, 0, 1965, 40984, 44749689383
1.72281e+18, 29, 56, 0, 0, 1965, 40984, 44749689383
1.72281e+18, 29, 56, 0, 0, 1965, 40984, 44749689383
1.72281e+18, 29, 56, 0, 0, 1965, 40984, 44749689383
1.72281e+18, 29, 56, 0, 0, 1965, 40984, 44749689383
1.72281e+18, 29, 56, 0, 0, 1965, 40984, 44749689383
1.72281e+18, 29, 56, 0, 0, 1965, 40984, 44749689383
1.72281e+18, 29, 56, 0, 0, 1965, 40984, 44749695009
1.72281e+18, 29, 56, 0, 0, 1965, 40984, 44749695009
1.72281e+18, 29, 56, 0, 0, 1965, 40984, 44749695009
1.72281e+18, 29, 56, 0, 0, 1965, 40984, 44749695009
1.72281e+18, 29, 56, 0, 0, 1965, 40984, 44749695009
1.72281e+18, 29, 56, 0, 0, 1965, 40984, 44749695009
1.72281e+18, 29, 56, 0, 0, 1965, 40984, 44749695009
1.72281e+18, 29, 56, 0, 0, 1965, 40984, 44749695009
1.72281e+18, 29, 56, 0, 0, 1965, 40984, 44749695009
1.72281e+18, 29, 56, 0, 0, 1965, 40984, 44749695009
1.72281e+18, 29, 56, 0, 0, 1965, 40984, 44749695009
1.72281e+18, 29, 56, 0, 0, 1965, 40984, 44749695009
1.72281e+18, 29, 56, 0, 0, 1965, 40984, 44749695009
1.72281e+18, 29, 56, 0, 0, 1965, 40984, 44749695009
1.72281e+18, 29, 56, 0, 0, 1965, 40984, 44749695009
1.72281e+18, 29, 56, 0, 0, 1965, 40984, 44749695009
1.72281e+18, 29, 56, 0, 0, 1965, 40984, 44749695009
1.72281e+18, 29, 56, 0, 0, 1965, 40984, 44749695009
1.72281e+18, 29, 56, 0, 0, 1965, 40984, 44749695009
1.72281e+18, 29, 56, 0, 0, 1965, 40984, 44749695009
1.72281e+18, 29, 56, 0, 0, 1965, 40984, 44749695009
1.72281e+18, 29, 56, 0, 0, 1965, 40984, 44749695009
1.72281e+18, 29, 56, 0, 0, 1965, 40984, 44749695009
1.72281e+18, 29, 56, 0, 0, 1965, 40984, 44749695009
1.72281e+18, 29, 56, 0, 0, 1965, 40984, 44749695009
1.72281e+18, 29, 56, 0, 0, 1965, 40984, 44749695009
1.72281e+18, 29, 56, 0, 0, 1965, 40984, 44749700616
1.72281e+18, 29, 56, 0, 0, 1965, 40984, 44749700616
1.72281e+18, 29, 56, 0, 0, 1965, 40984, 44749700616
1.72281e+18, 29, 56, 0, 0, 1965, 40984, 44749700616
1.72281e+18, 29, 56, 0, 0, 1965, 40984, 44749700616
1.72281e+18, 29, 56, 0, 0, 1965, 40984, 44749700616
1.72281e+18, 29, 56, 0, 0, 1965, 40984, 44749700616
1.72281e+18, 29, 56, 0, 0, 1965, 40984, 44749700616
1.72281e+18, 29, 56, 0, 0, 1965, 40984, 44749700616
1.72281e+18, 29, 56, 0, 0, 1965, 40984, 44749700616
1.72281e+18, 29, 56, 0, 0, 1965, 40984, 44749700616
1.72281e+18, 29, 56, 0, 0, 1965, 40984, 44749700616
1.72281e+18, 29, 56, 0, 0, 1965, 40984, 44749700616
1.72281e+18, 29, 56, 0, 0, 1965, 40984, 44749700616
1.72281e+18, 29, 56, 0, 0, 1965, 40984, 44749700616
1.72281e+18, 29, 56, 0, 0, 1965, 40984, 44749700616
1.72281e+18, 29, 56, 0, 0, 1965, 40984, 44749700616
1.72281e+18, 29, 56, 0, 0, 1965, 40984, 44749700616
1.72281e+18, 29, 56, 0, 0, 1965, 40984, 44749700616
1.72281e+18, 29, 56, 0, 0, 1965, 40984, 44749700616
1.72281e+18, 29, 56, 0, 0, 1965, 40984, 44749700616
1.72281e+18, 29, 56, 0, 0, 1965, 40984, 44749700616
1.72281e+18, 29, 56, 0, 0, 1965, 40984, 44749700616
1.72281e+18, 29, 56, 0, 0, 1965, 40984, 44749700616
1.72281e+18, 29, 56, 0, 0, 1965, 40984, 44749700616
1.72281e+18, 29, 56, 0, 0, 1965, 40984, 44749700616
1.72281e+18, 29, 56, 0, 0, 1965, 40984, 44749700616
1.72281e+18, 29, 56, 0, 0, 1965, 40984, 44749706288
1.72281e+18, 29, 56, 0, 0, 1965, 40984, 44749706288
1.72281e+18, 29, 56, 0, 0, 1965, 40984, 44749706288
1.72281e+18, 29, 56, 0, 0, 1965, 40984, 44749706288
1.72281e+18, 29, 56, 0, 0, 1965, 40984, 44749706288
1.72281e+18, 29, 56, 0, 0, 1965, 40984, 44749706288
1.72281e+18, 29, 56, 0, 0, 1965, 40984, 44749706288
1.72281e+18, 29, 56, 0, 0, 1965, 40984, 44749706288
1.72281e+18, 29, 56, 0, 0, 1965, 40984, 44749706288
1.72281e+18, 29, 56, 0, 0, 1965, 40984, 44749706288
1.72281e+18, 29, 56, 0, 0, 1965, 40984, 44749706288
1.72281e+18, 29, 56, 0, 0, 1965, 40984, 44749706288
1.72281e+18, 29, 56, 0, 0, 1965, 40984, 44749706288
1.72281e+18, 29, 56, 0, 0, 1965, 40984, 44749706288
1.72281e+18, 29, 56, 0, 0, 1965, 40984, 44749706288
1.72281e+18, 29, 55, 0, 0, 1965, 40984, 44749706288
1.72281e+18, 29, 55, 0, 0, 1965, 40984, 44749706288
1.72281e+18, 29, 55, 0, 0, 1965, 40984, 44749706288
1.72281e+18, 29, 55, 0, 0, 1965, 40984, 44749706288
1.72281e+18, 29, 55, 0, 0, 1965, 40984, 44749706288
1.72281e+18, 29, 55, 0, 0, 1965, 40984, 44749706288
1.72281e+18, 29, 55, 0, 0, 1965, 40984, 44749706288
1.72281e+18, 29, 55, 0, 0, 1965, 40984, 44749706288
1.72281e+18, 29, 55, 0, 0, 1965, 40984, 44749706288
1.72281e+18, 29, 55, 0, 0, 1965, 40984, 44749706288
1.72281e+18, 29, 55, 0, 0, 1965, 40984, 44749706288
1.72281e+18, 29, 55, 0, 0, 1965, 40984, 44749706288
1.72281e+18, 29, 55, 0, 0, 1965, 40984, 44749711944
1.72281e+18, 29, 55, 0, 0, 1965, 40984, 44749711944
1.72281e+18, 29, 55, 0, 0, 1965, 40984, 44749711944
1.72281e+18, 29, 55, 0, 0, 1965, 40984, 44749711944
1.72281e+18, 29, 55, 0, 0, 1965, 40984, 44749711944
1.72281e+18, 29, 55, 0, 0, 1965, 40984, 44749711944
1.72281e+18, 29, 55, 0, 0, 1965, 40984, 44749711944
1.72281e+18, 29, 55, 0, 0, 1965, 40984, 44749711944
1.72281e+18, 29, 55, 0, 0, 1965, 40984, 44749711944
1.72281e+18, 29, 55, 0, 0, 1965, 40984, 44749711944
1.72281e+18, 29, 55, 0, 0, 1965, 40984, 44749711944
1.72281e+18, 29, 55, 0, 0, 1965, 40984, 44749711944
1.72281e+18, 29, 55, 0, 0, 1965, 40984, 44749711944
1.72281e+18, 29, 55, 0, 0, 1965, 40984, 44749711944
1.72281e+18, 29, 55, 0, 0, 1965, 40984, 44749711944
1.72281e+18, 29, 55, 0, 0, 1965, 40984, 44749711944
1.72281e+18, 29, 55, 0, 0, 1965, 40984, 44749711944
1.72281e+18, 29, 55, 0, 0, 1965, 40984, 44749711944
1.72281e+18, 29, 56, 0, 0, 1965, 40984, 44749711944
1.72281e+18, 29, 56, 0, 0, 1965, 40984, 44749711944
1.72281e+18, 29, 56, 0, 0, 1965, 40984, 44749711944
1.72281e+18, 29, 56, 0, 0, 1965, 40984, 44749711944
1.72281e+18, 29, 56, 0, 0, 1965, 40984, 44749711944
1.72281e+18, 29, 56, 0, 0, 1965, 40984, 44749711944
1.72281e+18, 29, 56, 0, 0, 1965, 40984, 44749711944
1.72281e+18, 29, 56, 0, 0, 1965, 40984, 44749711944
1.72281e+18, 29, 56, 0, 0, 1965, 40984, 44749711944
1.72281e+18, 29, 56, 0, 0, 1965, 40984, 44749711944
1.72281e+18, 29, 56, 0, 0, 1965, 40984, 44749717600
1.72281e+18, 29, 56, 0, 0, 1965, 40984, 44749717600
1.72281e+18, 29, 56, 0, 0, 1965, 40984, 44749717600
1.72281e+18, 29, 56, 0, 0, 1965, 40984, 44749717600
1.72281e+18, 29, 56, 0, 0, 1965, 40984, 44749717600
1.72281e+18, 29, 56, 0, 0, 1965, 40984, 44749717600
1.72281e+18, 29, 56, 0, 0, 1965, 40984, 44749717600
1.72281e+18, 29, 56, 0, 0, 1965, 40984, 44749717600
1.72281e+18, 29, 56, 0, 0, 1965, 40984, 44749717600
1.72281e+18, 29, 56, 0, 0, 1965, 40984, 44749717600
1.72281e+18, 29, 56, 0, 0, 1965, 40984, 44749717600
1.72281e+18, 29, 56, 0, 0, 1965, 40984, 44749717600
1.72281e+18, 29, 56, 0, 0, 1965, 40984, 44749717600
1.72281e+18, 29, 56, 0, 0, 1965, 40984, 44749717600
1.72281e+18, 29, 56, 0, 0, 1965, 40984, 44749717600
1.72281e+18, 29, 56, 0, 0, 1965, 40984, 44749717600
1.72281e+18, 29, 56, 0, 0, 1965, 40984, 44749717600
1.72281e+18, 29, 56, 0, 0, 1965, 40984, 44749717600
1.72281e+18, 29, 56, 0, 0, 1965, 40984, 44749717600
1.72281e+18, 29, 56, 0, 0, 1965, 40984, 44749717600
1.72281e+18, 29, 56, 0, 0, 1965, 40984, 44749717600
1.72281e+18, 29, 56, 0, 0, 1965, 40984, 44749717600
1.72281e+18, 29, 56, 0, 0, 1965, 40984, 44749717600
1.72281e+18, 29, 56, 0, 0, 1965, 40984, 44749717600
1.72281e+18, 29, 56, 0, 0, 1965, 40984, 44749717600
1.72281e+18, 29, 56, 0, 0, 1965, 40984, 44749717600
1.72281e+18, 29, 56, 0, 0, 1965, 40984, 44749717600
1.72281e+18, 29, 56, 0, 0, 1965, 40984, 44749723248
1.72281e+18, 29, 56, 0, 0, 1965, 40984, 44749723248
1.72281e+18, 29, 56, 0, 0, 1965, 40984, 44749723248
1.72281e+18, 29, 56, 0, 0, 1965, 40984, 44749723248
1.72281e+18, 29, 56, 0, 0, 1965, 40984, 44749723248
1.72281e+18, 29, 56, 0, 0, 1965, 40984, 44749723248
1.72281e+18, 29, 56, 0, 0, 1965, 40984, 44749723248
1.72281e+18, 29, 56, 0, 0, 1965, 40984, 44749723248
1.72281e+18, 29, 56, 0, 0, 1965, 40984, 44749723248
1.72281e+18, 29, 56, 0, 0, 1965, 40984, 44749723248
1.72281e+18, 29, 56, 0, 0, 1965, 40984, 44749723248
1.72281e+18, 29, 56, 0, 0, 1965, 40984, 44749723248
1.72281e+18, 29, 56, 0, 0, 1965, 40984, 44749723248
1.72281e+18, 29, 56, 0, 0, 1965, 40984, 44749723248
1.72281e+18, 29, 56, 0, 0, 1965, 40984, 44749723248
1.72281e+18, 29, 56, 0, 0, 1965, 40984, 44749723248
1.72281e+18, 29, 56, 0, 0, 1965, 40984, 44749723248
1.72281e+18, 29, 56, 0, 0, 1965, 40984, 44749723248
1.72281e+18, 29, 56, 0, 0, 1965, 40984, 44749723248
1.72281e+18, 29, 56, 0, 0, 1965, 40984, 44749723248
1.72281e+18, 29, 56, 0, 0, 1965, 40984, 44749723248
1.72281e+18, 29, 56, 0, 0, 1965, 40984, 44749723248
1.72281e+18, 29, 56, 0, 0, 1965, 40984, 44749723248
1.72281e+18, 29, 56, 0, 0, 1965, 40984, 44749723248
1.72281e+18, 29, 56, 0, 0, 1965, 40984, 44749723248
1.72281e+18, 29, 56, 0, 0, 1965, 40984, 44749723248
1.72281e+18, 29, 56, 0, 0, 1965, 40984, 44749723248
1.72281e+18, 29, 56, 0, 0, 1965, 40984, 44749723248
1.72281e+18, 29, 56, 0, 0, 1965, 40984, 44749728903
1.72281e+18, 29, 56, 0, 0, 1965, 40984, 44749728903
1.72281e+18, 29, 56, 0, 0, 1965, 40984, 44749728903
1.72281e+18, 29, 56, 0, 0, 1965, 40984, 44749728903
1.72281e+18, 29, 56, 0, 0, 1965, 40984, 44749728903
1.72281e+18, 29, 56, 0, 0, 1965, 40984, 44749728903
1.72281e+18, 29, 56, 0, 0, 1965, 40984, 44749728903
1.72281e+18, 29, 56, 0, 0, 1965, 40984, 44749728903
1.72281e+18, 29, 56, 0, 0, 1965, 40984, 44749728903
1.72281e+18, 29, 56, 0, 0, 1965, 40984, 44749728903
1.72281e+18, 29, 56, 0, 0, 1965, 40984, 44749728903
1.72281e+18, 29, 56, 0, 0, 1965, 40984, 44749728903
1.72281e+18, 29, 56, 0, 0, 1965, 40984, 44749728903
1.72281e+18, 29, 56, 0, 0, 1965, 40984, 44749728903
1.72281e+18, 29, 56, 0, 0, 1965, 40984, 44749728903
1.72281e+18, 29, 56, 0, 0, 1965, 40984, 44749728903
1.72281e+18, 29, 56, 0, 0, 1965, 40984, 44749728903
1.72281e+18, 29, 56, 0, 0, 1965, 40984, 44749728903
1.72281e+18, 29, 56, 0, 0, 1965, 40984, 44749728903
1.72281e+18, 29, 56, 0, 0, 1965, 40984, 44749728903
1.72281e+18, 29, 56, 0, 0, 1965, 40984, 44749728903
1.72281e+18, 29, 56, 0, 0, 1965, 40984, 44749728903
1.72281e+18, 29, 56, 0, 0, 1965, 40984, 44749728903
1.72281e+18, 29, 56, 0, 0, 1965, 40984, 44749728903
1.72281e+18, 29, 56, 0, 0, 1965, 40984, 44749728903
1.72281e+18, 29, 56, 0, 0, 1965, 40984, 44749728903
1.72281e+18, 29, 56, 0, 0, 1965, 40984, 44749734448
1.72281e+18, 29, 56, 0, 0, 1965, 40984, 44749734448
1.72281e+18, 29, 56, 0, 0, 1965, 40984, 44749734448
1.72281e+18, 29, 56, 0, 0, 1965, 40984, 44749734448
1.72281e+18, 29, 56, 0, 0, 1965, 40984, 44749734448
1.72281e+18, 29, 56, 0, 0, 1965, 40984, 44749734448
1.72281e+18, 29, 56, 0, 0, 1965, 40984, 44749734448
1.72281e+18, 29, 56, 0, 0, 1965, 40984, 44749734448
1.72281e+18, 29, 56, 0, 0, 1965, 40984, 44749734448
1.72281e+18, 29, 56, 0, 0, 1965, 40984, 44749734448
1.72281e+18, 29, 56, 0, 0, 1965, 40984, 44749734448
1.72281e+18, 29, 56, 0, 0, 1965, 40984, 44749734448
1.72281e+18, 29, 56, 0, 0, 1965, 40984, 44749734448
1.72281e+18, 29, 56, 0, 0, 1965, 40984, 44749734448
1.72281e+18, 29, 56, 0, 0, 1965, 40984, 44749734448
1.72281e+18, 29, 56, 0, 0, 1965, 40984, 44749734448
1.72281e+18, 29, 56, 0, 0, 1965, 40984, 44749734448
1.72281e+18, 29, 56, 0, 0, 1965, 40984, 44749734448
1.72281e+18, 29, 56, 0, 0, 1965, 40984, 44749734448
1.72281e+18, 29, 56, 0, 0, 1965, 40984, 44749734448
1.72281e+18, 29, 56, 0, 0, 1965, 40984, 44749734448
1.72281e+18, 29, 56, 0, 0, 1965, 40984, 44749734448
1.72281e+18, 29, 56, 0, 0, 1965, 40984, 44749734448
1.72281e+18, 29, 56, 0, 0, 1965, 40984, 44749734448
1.72281e+18, 29, 56, 0, 0, 1965, 40984, 44749734448
1.72281e+18, 29, 56, 0, 0, 1965, 40984, 44749734448
1.72281e+18, 29, 56, 0, 0, 1965, 40984, 44749734448
1.72281e+18, 29, 56, 0, 0, 1965, 40984, 44749734448
1.72281e+18, 29, 56, 0, 0, 1965, 40984, 44749740134
1.72281e+18, 29, 56, 0, 0, 1965, 40984, 44749740134
1.72281e+18, 29, 56, 0, 0, 1965, 40984, 44749740134
1.72281e+18, 29, 56, 0, 0, 1965, 40984, 44749740134
1.72281e+18, 29, 56, 0, 0, 1965, 40984, 44749740134
1.72281e+18, 29, 56, 0, 0, 1965, 40984, 44749740134
1.72281e+18, 29, 56, 0, 0, 1965, 40984, 44749740134
1.72281e+18, 29, 56, 0, 0, 1965, 40984, 44749740134
1.72281e+18, 29, 56, 0, 0, 1965, 40984, 44749740134
1.72281e+18, 29, 56, 0, 0, 1965, 40984, 44749740134
1.72281e+18, 29, 56, 0, 0, 1965, 40984, 44749740134
1.72281e+18, 29, 56, 0, 0, 1965, 40984, 44749740134
1.72281e+18, 29, 56, 0, 0, 1965, 40984, 44749740134
1.72281e+18, 29, 56, 0, 0, 1965, 40984, 44749740134
1.72281e+18, 29, 56, 0, 0, 1965, 40984, 44749740134
1.72281e+18, 29, 56, 0, 0, 1965, 40984, 44749740134
1.72281e+18, 29, 56, 0, 0, 1965, 40984, 44749740134
1.72281e+18, 29, 56, 0, 0, 1965, 40984, 44749740134
1.72281e+18, 29, 56, 0, 0, 1965, 40984, 44749740134
1.72281e+18, 29, 56, 0, 0, 1965, 40984, 44749740134
1.72281e+18, 29, 56, 0, 0, 1965, 40984, 44749740134
1.72281e+18, 29, 56, 0, 0, 1965, 40984, 44749740134
1.72281e+18, 29, 56, 0, 0, 1965, 40984, 44749740134
1.72281e+18, 29, 56, 0, 0, 1965, 40984, 44749740134
1.72281e+18, 29, 56, 0, 0, 1965, 40984, 44749740134
1.72281e+18, 29, 56, 0, 0, 1965, 40984, 44749740134
1.72281e+18, 29, 56, 0, 0, 1965, 40984, 44749740134
1.72281e+18, 29, 56, 0, 0, 1965, 40984, 44749745783
1.72281e+18, 29, 56, 0, 0, 1965, 40984, 44749745783
1.72281e+18, 29, 56, 0, 0, 1965, 40984, 44749745783
1.72281e+18, 29, 56, 0, 0, 1965, 40984, 44749745783
1.72281e+18, 29, 56, 0, 0, 1965, 40984, 44749745783
1.72281e+18, 29, 56, 0, 0, 1965, 40984, 44749745783
1.72281e+18, 29, 56, 0, 0, 1965, 40984, 44749745783
1.72281e+18, 29, 56, 0, 0, 1965, 40984, 44749745783
1.72281e+18, 29, 56, 0, 0, 1965, 40984, 44749745783
1.72281e+18, 29, 56, 0, 0, 1965, 40984, 44749745783
1.72281e+18, 29, 56, 0, 0, 1965, 40984, 44749745783
1.72281e+18, 29, 56, 0, 0, 1965, 40984, 44749745783
1.72281e+18, 29, 56, 0, 0, 1965, 40984, 44749745783
1.72281e+18, 29, 56, 0, 0, 1965, 40984, 44749745783
1.72281e+18, 29, 56, 0, 0, 1965, 40984, 44749745783
1.72281e+18, 29, 56, 0, 0, 1965, 40984, 44749745783
1.72281e+18, 29, 56, 0, 0, 1965, 40984, 44749745783
1.72281e+18, 29, 56, 0, 0, 1965, 40984, 44749745783
1.72281e+18, 29, 56, 0, 0, 1965, 40984, 44749745783
1.72281e+18, 29, 56, 0, 0, 1965, 40984, 44749745783
1.72281e+18, 29, 56, 0, 0, 1965, 40984, 44749745783
1.72281e+18, 29, 56, 0, 0, 1965, 40984, 44749745783
1.72281e+18, 29, 56, 0, 0, 1965, 40984, 44749745783
1.72281e+18, 29, 56, 0, 0, 1965, 40984, 44749745783
1.72281e+18, 29, 56, 0, 0, 1965, 40984, 44749745783
1.72281e+18, 29, 56, 0, 0, 1965, 40984, 44749745783
1.72281e+18, 29, 56, 0, 0, 1965, 40984, 44749745783
1.72281e+18, 29, 56, 0, 0, 1965, 40984, 44749745783
1.72281e+18, 29, 56, 0, 0, 1965, 40984, 44749751423
1.72281e+18, 29, 56, 0, 0, 1965, 40984, 44749751423
1.72281e+18, 29, 56, 0, 0, 1965, 40984, 44749751423
1.72281e+18, 29, 56, 0, 0, 1965, 40984, 44749751423
1.72281e+18, 29, 56, 0, 0, 1965, 40984, 44749751423
1.72281e+18, 29, 56, 0, 0, 1965, 40984, 44749751423
1.72281e+18, 29, 56, 0, 0, 1965, 40984, 44749751423
1.72281e+18, 29, 56, 0, 0, 1965, 40984, 44749751423
1.72281e+18, 29, 56, 0, 0, 1965, 40984, 44749751423
1.72281e+18, 29, 56, 0, 0, 1965, 40984, 44749751423
1.72281e+18, 29, 56, 0, 0, 1965, 40984, 44749751423
1.72281e+18, 29, 56, 0, 0, 1965, 40984, 44749751423
1.72281e+18, 29, 56, 0, 0, 1965, 40984, 44749751423
1.72281e+18, 29, 56, 0, 0, 1965, 40984, 44749751423
1.72281e+18, 29, 56, 0, 0, 1965, 40984, 44749751423
1.72281e+18, 29, 56, 0, 0, 1965, 40984, 44749751423
1.72281e+18, 29, 56, 0, 0, 1965, 40984, 44749751423
1.72281e+18, 29, 56, 0, 0, 1965, 40984, 44749751423
1.72281e+18, 29, 56, 0, 0, 1965, 40984, 44749751423
1.72281e+18, 29, 56, 0, 0, 1965, 40984, 44749751423
1.72281e+18, 29, 56, 0, 0, 1965, 40984, 44749751423
1.72281e+18, 29, 56, 0, 0, 1965, 40984, 44749751423
1.72281e+18, 29, 56, 0, 0, 1965, 40984, 44749751423
1.72281e+18, 29, 56, 0, 0, 1965, 40984, 44749751423
1.72281e+18, 29, 56, 0, 0, 1965, 40984, 44749751423
1.72281e+18, 29, 56, 0, 0, 1965, 40984, 44749751423
1.72281e+18, 29, 56, 0, 0, 1965, 40984, 44749751423
1.72281e+18, 29, 56, 0, 0, 1965, 40984, 44749757067
1.72281e+18, 29, 56, 0, 0, 1965, 40984, 44749757067
1.72281e+18, 29, 56, 0, 0, 1965, 40984, 44749757067
1.72281e+18, 29, 56, 0, 0, 1965, 40984, 44749757067
1.72281e+18, 29, 56, 0, 0, 1965, 40984, 44749757067
1.72281e+18, 29, 56, 0, 0, 1965, 40984, 44749757067
1.72281e+18, 29, 56, 0, 0, 1965, 40984, 44749757067
1.72281e+18, 29, 56, 0, 0, 1965, 40984, 44749757067
1.72281e+18, 29, 56, 0, 0, 1965, 40984, 44749757067
1.72281e+18, 29, 56, 0, 0, 1965, 40984, 44749757067
1.72281e+18, 29, 56, 0, 0, 1965, 40984, 44749757067
1.72281e+18, 29, 56, 0, 0, 1965, 40984, 44749757067
1.72281e+18, 29, 56, 0, 0, 1965, 40984, 44749757067
1.72281e+18, 29, 56, 0, 0, 1965, 40984, 44749757067
1.72281e+18, 29, 56, 0, 0, 1965, 40984, 44749757067
1.72281e+18, 29, 56, 0, 0, 1965, 40984, 44749757067
1.72281e+18, 29, 56, 0, 0, 1965, 40984, 44749757067
1.72281e+18, 29, 56, 0, 0, 1965, 40984, 44749757067
1.72281e+18, 29, 56, 0, 0, 1965, 40984, 44749757067
1.72281e+18, 29, 56, 0, 0, 1965, 40984, 44749757067
1.72281e+18, 29, 56, 0, 0, 1965, 40984, 44749757067
1.72281e+18, 29, 56, 0, 0, 1965, 40984, 44749757067
1.72281e+18, 29, 56, 0, 0, 1965, 40984, 44749757067
1.72281e+18, 29, 56, 0, 0, 1965, 40984, 44749757067
1.72281e+18, 29, 56, 0, 0, 1965, 40984, 44749757067
1.72281e+18, 29, 56, 0, 0, 1965, 40984, 44749757067
1.72281e+18, 29, 56, 0, 0, 1965, 40984, 44749757067
1.72281e+18, 29, 55, 0, 0, 1965, 40984, 44749762707
1.72281e+18, 29, 55, 0, 0, 1965, 40984, 44749762707
1.72281e+18, 29, 55, 0, 0, 1965, 40984, 44749762707
1.72281e+18, 29, 55, 0, 0, 1965, 40984, 44749762707
1.72281e+18, 29, 55, 0, 0, 1965, 40984, 44749762707
1.72281e+18, 29, 55, 0, 0, 1965, 40984, 44749762707
1.72281e+18, 29, 55, 0, 0, 1965, 40984, 44749762707
1.72281e+18, 29, 55, 0, 0, 1965, 40984, 44749762707
1.72281e+18, 29, 55, 0, 0, 1965, 40984, 44749762707
1.72281e+18, 29, 55, 0, 0, 1965, 40984, 44749762707
1.72281e+18, 29, 55, 0, 0, 1965, 40984, 44749762707
1.72281e+18, 29, 55, 0, 0, 1965, 40984, 44749762707
1.72281e+18, 29, 55, 0, 0, 1965, 40984, 44749762707
1.72281e+18, 29, 55, 0, 0, 1965, 40984, 44749762707
1.72281e+18, 29, 55, 0, 0, 1965, 40984, 44749762707
1.72281e+18, 29, 55, 0, 0, 1965, 40984, 44749762707
1.72281e+18, 29, 55, 0, 0, 1965, 40984, 44749762707
1.72281e+18, 29, 55, 0, 0, 1965, 40984, 44749762707
1.72281e+18, 29, 55, 0, 0, 1965, 40984, 44749762707
1.72281e+18, 29, 55, 0, 0, 1965, 40984, 44749762707
1.72281e+18, 29, 55, 0, 0, 1965, 40984, 44749762707
1.72281e+18, 29, 55, 0, 0, 1965, 40984, 44749762707
1.72281e+18, 29, 55, 0, 0, 1965, 40984, 44749762707
1.72281e+18, 29, 55, 0, 0, 1965, 40984, 44749762707
1.72281e+18, 29, 55, 0, 0, 1965, 40984, 44749762707
1.72281e+18, 29, 55, 0, 0, 1965, 40984, 44749762707
1.72281e+18, 29, 55, 0, 0, 1965, 40984, 44749762707
1.72281e+18, 29, 55, 0, 0, 1965, 40984, 44749768349
1.72281e+18, 29, 55, 0, 0, 1965, 40984, 44749768349
1.72281e+18, 29, 56, 0, 0, 1965, 40984, 44749768349
1.72281e+18, 29, 56, 0, 0, 1965, 40984, 44749768349
1.72281e+18, 29, 56, 0, 0, 1965, 40984, 44749768349
1.72281e+18, 29, 56, 0, 0, 1965, 40984, 44749768349
1.72281e+18, 29, 56, 0, 0, 1965, 40984, 44749768349
1.72281e+18, 29, 56, 0, 0, 1965, 40984, 44749768349
1.72281e+18, 29, 56, 0, 0, 1965, 40984, 44749768349
1.72281e+18, 29, 56, 0, 0, 1965, 40984, 44749768349
1.72281e+18, 29, 56, 0, 0, 1965, 40984, 44749768349
1.72281e+18, 29, 56, 0, 0, 1965, 40984, 44749768349
1.72281e+18, 29, 56, 0, 0, 1965, 40984, 44749768349
1.72281e+18, 29, 56, 0, 0, 1965, 40984, 44749768349
1.72281e+18, 29, 56, 0, 0, 1965, 40984, 44749768349
1.72281e+18, 29, 56, 0, 0, 1965, 40984, 44749768349
1.72281e+18, 29, 56, 0, 0, 1965, 40984, 44749768349
1.72281e+18, 29, 56, 0, 0, 1965, 40984, 44749768349
1.72281e+18, 29, 56, 0, 0, 1965, 40984, 44749768349
1.72281e+18, 29, 56, 0, 0, 1965, 40984, 44749768349
1.72281e+18, 29, 56, 0, 0, 1965, 40984, 44749768349
1.72281e+18, 29, 56, 0, 0, 1965, 40984, 44749768349
1.72281e+18, 29, 56, 0, 0, 1965, 40984, 44749768349
1.72281e+18, 29, 56, 0, 0, 1965, 40984, 44749768349
1.72281e+18, 29, 56, 0, 0, 1965, 40984, 44749768349
1.72281e+18, 29, 56, 0, 0, 1965, 40984, 44749768349
1.72281e+18, 29, 56, 0, 0, 1965, 40984, 44749768349
1.72281e+18, 29, 56, 0, 0, 1965, 40984, 44749768349
1.72281e+18, 29, 56, 0, 0, 1965, 40984, 44749773984
1.72281e+18, 29, 56, 0, 0, 1965, 40984, 44749773984
1.72281e+18, 29, 56, 0, 0, 1965, 40984, 44749773984
1.72281e+18, 29, 56, 0, 0, 1965, 40984, 44749773984
1.72281e+18, 29, 56, 0, 0, 1965, 40984, 44749773984
1.72281e+18, 29, 56, 0, 0, 1965, 40984, 44749773984
1.72281e+18, 29, 56, 0, 0, 1965, 40984, 44749773984
1.72281e+18, 29, 56, 0, 0, 1965, 40984, 44749773984
1.72281e+18, 29, 56, 0, 0, 1965, 40984, 44749773984
1.72281e+18, 29, 56, 0, 0, 1965, 40984, 44749773984
1.72281e+18, 29, 56, 0, 0, 1965, 40984, 44749773984
1.72281e+18, 29, 56, 0, 0, 1965, 40984, 44749773984
1.72281e+18, 29, 56, 0, 0, 1965, 40984, 44749773984
1.72281e+18, 29, 56, 0, 0, 1965, 40984, 44749773984
1.72281e+18, 29, 56, 0, 0, 1965, 40984, 44749773984
1.72281e+18, 29, 56, 0, 0, 1965, 40984, 44749773984
1.72281e+18, 29, 56, 0, 0, 1965, 40984, 44749773984
1.72281e+18, 29, 56, 0, 0, 1965, 40984, 44749773984
1.72281e+18, 29, 56, 0, 0, 1965, 40984, 44749773984
1.72281e+18, 29, 56, 0, 0, 1965, 40984, 44749773984
1.72281e+18, 29, 56, 0, 0, 1965, 40984, 44749773984
1.72281e+18, 29, 56, 0, 0, 1965, 40984, 44749773984
1.72281e+18, 29, 56, 0, 0, 1965, 40984, 44749773984
1.72281e+18, 29, 56, 0, 0, 1965, 40984, 44749773984
1.72281e+18, 29, 56, 0, 0, 1965, 40984, 44749773984
1.72281e+18, 29, 56, 0, 0, 1965, 40984, 44749773984
1.72281e+18, 29, 56, 0, 0, 1965, 40984, 44749773984
1.72281e+18, 29, 56, 0, 0, 1965, 40984, 44749779642
1.72281e+18, 29, 56, 0, 0, 1965, 40984, 44749779642
1.72281e+18, 29, 56, 0, 0, 1965, 40984, 44749779642
1.72281e+18, 29, 56, 0, 0, 1965, 40984, 44749779642
1.72281e+18, 29, 56, 0, 0, 1965, 40984, 44749779642
1.72281e+18, 29, 56, 0, 0, 1965, 40984, 44749779642
1.72281e+18, 29, 56, 0, 0, 1965, 40984, 44749779642
1.72281e+18, 29, 56, 0, 0, 1965, 40984, 44749779642
1.72281e+18, 29, 56, 0, 0, 1965, 40984, 44749779642
1.72281e+18, 29, 56, 0, 0, 1965, 40984, 44749779642
1.72281e+18, 29, 56, 0, 0, 1965, 40984, 44749779642
1.72281e+18, 29, 56, 0, 0, 1965, 40984, 44749779642
1.72281e+18, 29, 56, 0, 0, 1965, 40984, 44749779642
1.72281e+18, 29, 56, 0, 0, 1965, 40984, 44749779642
1.72281e+18, 29, 56, 0, 0, 1965, 40984, 44749779642
1.72281e+18, 29, 56, 0, 0, 1965, 40984, 44749779642
1.72281e+18, 29, 56, 0, 0, 1965, 40984, 44749779642
1.72281e+18, 29, 56, 0, 0, 1965, 40984, 44749779642
1.72281e+18, 29, 56, 0, 0, 1965, 40984, 44749779642
1.72281e+18, 29, 56, 0, 0, 1965, 40984, 44749779642
1.72281e+18, 29, 56, 0, 0, 1965, 40984, 44749779642
1.72281e+18, 29, 56, 0, 0, 1965, 40984, 44749779642
1.72281e+18, 29, 56, 0, 0, 1965, 40984, 44749779642
1.72281e+18, 29, 56, 0, 0, 1965, 40984, 44749779642
1.72281e+18, 29, 56, 0, 0, 1965, 40984, 44749779642
1.72281e+18, 29, 56, 0, 0, 1965, 40984, 44749779642
1.72281e+18, 29, 56, 0, 0, 1965, 40984, 44749779642
1.72281e+18, 29, 56, 0, 0, 1965, 40984, 44749785288
1.72281e+18, 29, 56, 0, 0, 1965, 40984, 44749785288
1.72281e+18, 29, 56, 0, 0, 1965, 40984, 44749785288
1.72281e+18, 29, 56, 0, 0, 1965, 40984, 44749785288
1.72281e+18, 29, 56, 0, 0, 1965, 40984, 44749785288
1.72281e+18, 29, 56, 0, 0, 1965, 40984, 44749785288
1.72281e+18, 29, 56, 0, 0, 1965, 40984, 44749785288
1.72281e+18, 29, 56, 0, 0, 1965, 40984, 44749785288
1.72281e+18, 29, 56, 0, 0, 1965, 40984, 44749785288
1.72281e+18, 29, 56, 0, 0, 1965, 40984, 44749785288
1.72281e+18, 29, 56, 0, 0, 1965, 40984, 44749785288
1.72281e+18, 29, 56, 0, 0, 1965, 40984, 44749785288
1.72281e+18, 29, 56, 0, 0, 1965, 40984, 44749785288
1.72281e+18, 29, 56, 0, 0, 1965, 40984, 44749785288
1.72281e+18, 29, 56, 0, 0, 1965, 40984, 44749785288
1.72281e+18, 29, 56, 0, 0, 1965, 40984, 44749785288
1.72281e+18, 29, 56, 0, 0, 1965, 40984, 44749785288
1.72281e+18, 29, 56, 0, 0, 1965, 40984, 44749785288
1.72281e+18, 29, 56, 0, 0, 1965, 40984, 44749785288
1.72281e+18, 29, 56, 0, 0, 1965, 40984, 44749785288
1.72281e+18, 29, 56, 0, 0, 1965, 40984, 44749785288
1.72281e+18, 29, 56, 0, 0, 1965, 40984, 44749785288
1.72281e+18, 29, 56, 0, 0, 1965, 40984, 44749785288
1.72281e+18, 29, 56, 0, 0, 1965, 40984, 44749785288
1.72281e+18, 29, 56, 0, 0, 1965, 40984, 44749785288
1.72281e+18, 29, 56, 0, 0, 1965, 40984, 44749785288
1.72281e+18, 29, 56, 0, 0, 1965, 40984, 44749785288
1.72281e+18, 29, 56, 0, 0, 1965, 40984, 44749790934
1.72281e+18, 29, 56, 0, 0, 1965, 40984, 44749790934
1.72281e+18, 29, 56, 0, 0, 1965, 40984, 44749790934
1.72281e+18, 29, 56, 0, 0, 1965, 40984, 44749790934
1.72281e+18, 29, 56, 0, 0, 1965, 40984, 44749790934
1.72281e+18, 29, 56, 0, 0, 1965, 40984, 44749790934
1.72281e+18, 29, 56, 0, 0, 1965, 40984, 44749790934
1.72281e+18, 29, 56, 0, 0, 1965, 40984, 44749790934
1.72281e+18, 29, 56, 0, 0, 1965, 40984, 44749790934
1.72281e+18, 29, 56, 0, 0, 1965, 40984, 44749790934
1.72281e+18, 29, 56, 0, 0, 1965, 40984, 44749790934
1.72281e+18, 29, 56, 0, 0, 1965, 40984, 44749790934
1.72281e+18, 29, 56, 0, 0, 1965, 40984, 44749790934
1.72281e+18, 29, 56, 0, 0, 1965, 40984, 44749790934
1.72281e+18, 29, 56, 0, 0, 1965, 40984, 44749790934
1.72281e+18, 29, 56, 0, 0, 1965, 40984, 44749790934
1.72281e+18, 29, 56, 0, 0, 1965, 40984, 44749790934
1.72281e+18, 29, 56, 0, 0, 1965, 40984, 44749790934
1.72281e+18, 29, 56, 0, 0, 1965, 40984, 44749790934
1.72281e+18, 29, 56, 0, 0, 1965, 40984, 44749790934
1.72281e+18, 29, 56, 0, 0, 1965, 40984, 44749790934
1.72281e+18, 29, 56, 0, 0, 1965, 40984, 44749790934
1.72281e+18, 29, 56, 0, 0, 1965, 40984, 44749790934
1.72281e+18, 29, 56, 0, 0, 1965, 40984, 44749790934
1.72281e+18, 29, 56, 0, 0, 1965, 40984, 44749790934
1.72281e+18, 29, 56, 0, 0, 1965, 40984, 44749790934
1.72281e+18, 29, 56, 0, 0, 1965, 40984, 44749790934
1.72281e+18, 29, 56, 0, 0, 1965, 40984, 44749796569
1.72281e+18, 29, 56, 0, 0, 1965, 40984, 44749796569
1.72281e+18, 29, 56, 0, 0, 1965, 40984, 44749796569
1.72281e+18, 29, 56, 0, 0, 1965, 40984, 44749796569
1.72281e+18, 29, 56, 0, 0, 1965, 40984, 44749796569
1.72281e+18, 29, 56, 0, 0, 1965, 40984, 44749796569
1.72281e+18, 29, 56, 0, 0, 1965, 40984, 44749796569
1.72281e+18, 29, 56, 0, 0, 1965, 40984, 44749796569
1.72281e+18, 29, 56, 0, 0, 1965, 40984, 44749796569
1.72281e+18, 29, 56, 0, 0, 1965, 40984, 44749796569
1.72281e+18, 29, 56, 0, 0, 1965, 40984, 44749796569
1.72281e+18, 29, 56, 0, 0, 1965, 40984, 44749796569
1.72281e+18, 29, 56, 0, 0, 1965, 40984, 44749796569
1.72281e+18, 29, 56, 0, 0, 1965, 40984, 44749796569
1.72281e+18, 29, 56, 0, 0, 1965, 40984, 44749796569
1.72281e+18, 29, 56, 0, 0, 1965, 40984, 44749796569
1.72281e+18, 29, 56, 0, 0, 1965, 40984, 44749796569
1.72281e+18, 29, 56, 0, 0, 1965, 40984, 44749796569
1.72281e+18, 29, 56, 0, 0, 1965, 40984, 44749796569
1.72281e+18, 29, 56, 0, 0, 1965, 40984, 44749796569
1.72281e+18, 29, 56, 0, 0, 1965, 40984, 44749796569
1.72281e+18, 29, 56, 0, 0, 1965, 40984, 44749796569
1.72281e+18, 29, 56, 0, 0, 1965, 40984, 44749796569
1.72281e+18, 29, 56, 0, 0, 1965, 40984, 44749796569
1.72281e+18, 29, 56, 0, 0, 1965, 40984, 44749796569
1.72281e+18, 29, 56, 0, 0, 1965, 40984, 44749796569
1.72281e+18, 29, 56, 0, 0, 1965, 40984, 44749796569
1.72281e+18, 29, 56, 0, 0, 1965, 40984, 44749802217
1.72281e+18, 29, 56, 0, 0, 1965, 40984, 44749802217
1.72281e+18, 29, 56, 0, 0, 1965, 40984, 44749802217
1.72281e+18, 29, 56, 0, 0, 1965, 40984, 44749802217
1.72281e+18, 29, 56, 0, 0, 1965, 40984, 44749802217
1.72281e+18, 29, 56, 0, 0, 1965, 40984, 44749802217
1.72281e+18, 29, 56, 0, 0, 1965, 40984, 44749802217
1.72281e+18, 29, 56, 0, 0, 1965, 40984, 44749802217
1.72281e+18, 29, 56, 0, 0, 1965, 40984, 44749802217
1.72281e+18, 29, 56, 0, 0, 1965, 40984, 44749802217
1.72281e+18, 29, 56, 0, 0, 1965, 40984, 44749802217
1.72281e+18, 29, 56, 0, 0, 1965, 40984, 44749802217
1.72281e+18, 29, 56, 0, 0, 1965, 40984, 44749802217
1.72281e+18, 29, 56, 0, 0, 1965, 40984, 44749802217
1.72281e+18, 29, 56, 0, 0, 1965, 40984, 44749802217
1.72281e+18, 29, 56, 0, 0, 1965, 40984, 44749802217
1.72281e+18, 29, 56, 0, 0, 1965, 40984, 44749802217
1.72281e+18, 29, 56, 0, 0, 1965, 40984, 44749802217
1.72281e+18, 29, 56, 0, 0, 1965, 40984, 44749802217
1.72281e+18, 29, 56, 0, 0, 1965, 40984, 44749802217
1.72281e+18, 29, 56, 0, 0, 1965, 40984, 44749802217
1.72281e+18, 29, 56, 0, 0, 1965, 40984, 44749802217
1.72281e+18, 29, 56, 0, 0, 1965, 40984, 44749802217
1.72281e+18, 29, 56, 0, 0, 1965, 40984, 44749802217
1.72281e+18, 29, 56, 0, 0, 1965, 40984, 44749802217
1.72281e+18, 29, 56, 0, 0, 1965, 40984, 44749802217
1.72281e+18, 29, 56, 0, 0, 1965, 40984, 44749802217
1.72281e+18, 29, 56, 0, 0, 1965, 40984, 44749802217
1.72281e+18, 29, 56, 0, 0, 1965, 40984, 44749807849
1.72281e+18, 29, 56, 0, 0, 1965, 40984, 44749807849
1.72281e+18, 29, 56, 0, 0, 1965, 40984, 44749807849
1.72281e+18, 29, 56, 0, 0, 1965, 40984, 44749807849
1.72281e+18, 29, 56, 0, 0, 1965, 40984, 44749807849
1.72281e+18, 29, 56, 0, 0, 1965, 40984, 44749807849
1.72281e+18, 29, 56, 0, 0, 1965, 40984, 44749807849
1.72281e+18, 29, 56, 0, 0, 1965, 40984, 44749807849
1.72281e+18, 29, 56, 0, 0, 1965, 40984, 44749807849
1.72281e+18, 29, 56, 0, 0, 1965, 40984, 44749807849
1.72281e+18, 29, 55, 0, 0, 1965, 40984, 44749807849
1.72281e+18, 29, 55, 0, 0, 1965, 40984, 44749807849
1.72281e+18, 29, 55, 0, 0, 1965, 40984, 44749807849
1.72281e+18, 29, 55, 0, 0, 1965, 40984, 44749807849
1.72281e+18, 29, 55, 0, 0, 1965, 40984, 44749807849
1.72281e+18, 29, 55, 0, 0, 1965, 40984, 44749807849
1.72281e+18, 29, 55, 0, 0, 1965, 40984, 44749807849
1.72281e+18, 29, 55, 0, 0, 1965, 40984, 44749807849
1.72281e+18, 29, 55, 0, 0, 1965, 40984, 44749807849
1.72281e+18, 29, 55, 0, 0, 1965, 40984, 44749807849
1.72281e+18, 29, 55, 0, 0, 1965, 40984, 44749807849
1.72281e+18, 29, 55, 0, 0, 1965, 40984, 44749807849
1.72281e+18, 29, 55, 0, 0, 1965, 40984, 44749807849
1.72281e+18, 29, 55, 0, 0, 1965, 40984, 44749807849
1.72281e+18, 29, 55, 0, 0, 1965, 40984, 44749807849
1.72281e+18, 29, 55, 0, 0, 1965, 40984, 44749807849
1.72281e+18, 29, 55, 0, 0, 1965, 40984, 44749813394
1.72281e+18, 29, 55, 0, 0, 1965, 40984, 44749813394
1.72281e+18, 29, 55, 0, 0, 1965, 40984, 44749813394
1.72281e+18, 29, 55, 0, 0, 1965, 40984, 44749813394
1.72281e+18, 29, 55, 0, 0, 1965, 40984, 44749813394
1.72281e+18, 29, 55, 0, 0, 1965, 40984, 44749813394
1.72281e+18, 29, 55, 0, 0, 1965, 40984, 44749813394
1.72281e+18, 29, 55, 0, 0, 1965, 40984, 44749813394
1.72281e+18, 29, 55, 0, 0, 1965, 40984, 44749813394
1.72281e+18, 29, 55, 0, 0, 1965, 40984, 44749813394
1.72281e+18, 29, 55, 0, 0, 1965, 40984, 44749813394
1.72281e+18, 29, 55, 0, 0, 1965, 40984, 44749813394
1.72281e+18, 29, 55, 0, 0, 1965, 40984, 44749813394
1.72281e+18, 29, 55, 0, 0, 1965, 40984, 44749813394
1.72281e+18, 29, 55, 0, 0, 1965, 40984, 44749813394
1.72281e+18, 29, 55, 0, 0, 1965, 40984, 44749813394
1.72281e+18, 29, 55, 0, 0, 1965, 40984, 44749813394
1.72281e+18, 29, 55, 0, 0, 1965, 40984, 44749813394
1.72281e+18, 29, 55, 0, 0, 1965, 40984, 44749813394
1.72281e+18, 29, 55, 0, 0, 1965, 40984, 44749813394
1.72281e+18, 29, 55, 0, 0, 1965, 40984, 44749813394
1.72281e+18, 29, 55, 0, 0, 1965, 40984, 44749813394
1.72281e+18, 29, 55, 0, 0, 1965, 40984, 44749813394
1.72281e+18, 29, 55, 0, 0, 1965, 40984, 44749813394
1.72281e+18, 29, 55, 0, 0, 1965, 40984, 44749813394
1.72281e+18, 29, 55, 0, 0, 1965, 40984, 44749813394
1.72281e+18, 29, 55, 0, 0, 1965, 40984, 44749819109
1.72281e+18, 29, 55, 0, 0, 1965, 40984, 44749819109
1.72281e+18, 29, 55, 0, 0, 1965, 40984, 44749819109
1.72281e+18, 29, 55, 0, 0, 1965, 40984, 44749819109
1.72281e+18, 29, 55, 0, 0, 1965, 40984, 44749819109
1.72281e+18, 29, 55, 0, 0, 1965, 40984, 44749819109
1.72281e+18, 29, 55, 0, 0, 1965, 40984, 44749819109
1.72281e+18, 29, 55, 0, 0, 1965, 40984, 44749819109
1.72281e+18, 29, 55, 0, 0, 1965, 40984, 44749819109
1.72281e+18, 29, 55, 0, 0, 1965, 40984, 44749819109
1.72281e+18, 29, 55, 0, 0, 1965, 40984, 44749819109
1.72281e+18, 29, 55, 0, 0, 1965, 40984, 44749819109
1.72281e+18, 29, 55, 0, 0, 1965, 40984, 44749819109
1.72281e+18, 29, 55, 0, 0, 1965, 40984, 44749819109
1.72281e+18, 29, 55, 0, 0, 1965, 40984, 44749819109
1.72281e+18, 29, 55, 0, 0, 1965, 40984, 44749819109
1.72281e+18, 29, 55, 0, 0, 1965, 40984, 44749819109
1.72281e+18, 29, 55, 0, 0, 1965, 40984, 44749819109
1.72281e+18, 29, 55, 0, 0, 1965, 40984, 44749819109
1.72281e+18, 29, 55, 0, 0, 1965, 40984, 44749819109
1.72281e+18, 29, 55, 0, 0, 1965, 40984, 44749819109
1.72281e+18, 29, 55, 0, 0, 1965, 40984, 44749819109
1.72281e+18, 29, 55, 0, 0, 1965, 40984, 44749819109
1.72281e+18, 29, 55, 0, 0, 1965, 40984, 44749819109
1.72281e+18, 29, 55, 0, 0, 1965, 40984, 44749819109
1.72281e+18, 29, 55, 0, 0, 1965, 40984, 44749819109
1.72281e+18, 29, 55, 0, 0, 1965, 40984, 44749824667
1.72281e+18, 29, 55, 0, 0, 1965, 40984, 44749824667
1.72281e+18, 29, 55, 0, 0, 1965, 40984, 44749824667
1.72281e+18, 29, 55, 0, 0, 1965, 40984, 44749824667
1.72281e+18, 29, 55, 0, 0, 1965, 40984, 44749824667
1.72281e+18, 29, 55, 0, 0, 1965, 40984, 44749824667
1.72281e+18, 29, 55, 0, 0, 1965, 40984, 44749824667
1.72281e+18, 29, 55, 0, 0, 1965, 40984, 44749824667
1.72281e+18, 29, 55, 0, 0, 1965, 40984, 44749824667
1.72281e+18, 29, 55, 0, 0, 1965, 40984, 44749824667
1.72281e+18, 29, 55, 0, 0, 1965, 40984, 44749824667
1.72281e+18, 29, 55, 0, 0, 1965, 40984, 44749824667
1.72281e+18, 29, 55, 0, 0, 1965, 40984, 44749824667
1.72281e+18, 29, 55, 0, 0, 1965, 40984, 44749824667
1.72281e+18, 29, 55, 0, 0, 1965, 40984, 44749824667
1.72281e+18, 29, 55, 0, 0, 1965, 40984, 44749824667
1.72281e+18, 29, 55, 0, 0, 1965, 40984, 44749824667
1.72281e+18, 29, 55, 0, 0, 1965, 40984, 44749824667
1.72281e+18, 29, 55, 0, 0, 1965, 40984, 44749824667
1.72281e+18, 29, 55, 0, 0, 1965, 40984, 44749824667
1.72281e+18, 29, 55, 0, 0, 1965, 40984, 44749824667
1.72281e+18, 29, 55, 0, 0, 1965, 40984, 44749824667
1.72281e+18, 29, 55, 0, 0, 1965, 40984, 44749824667
1.72281e+18, 29, 55, 0, 0, 1965, 40984, 44749824667
1.72281e+18, 29, 55, 0, 0, 1965, 40984, 44749824667
1.72281e+18, 29, 55, 0, 0, 1965, 40984, 44749824667
1.72281e+18, 29, 55, 0, 0, 1965, 40984, 44749824667
1.72281e+18, 29, 55, 0, 0, 1965, 40984, 44749830385
1.72281e+18, 29, 55, 0, 0, 1965, 40984, 44749830385
1.72281e+18, 29, 55, 0, 0, 1965, 40984, 44749830385
1.72281e+18, 29, 55, 0, 0, 1965, 40984, 44749830385
1.72281e+18, 29, 55, 0, 0, 1965, 40984, 44749830385
1.72281e+18, 29, 55, 0, 0, 1965, 40984, 44749830385
1.72281e+18, 29, 55, 0, 0, 1965, 40984, 44749830385
1.72281e+18, 29, 55, 0, 0, 1965, 40984, 44749830385
1.72281e+18, 29, 55, 0, 0, 1965, 40984, 44749830385
1.72281e+18, 29, 55, 0, 0, 1965, 40984, 44749830385
1.72281e+18, 29, 55, 0, 0, 1965, 40984, 44749830385
1.72281e+18, 29, 55, 0, 0, 1965, 40984, 44749830385
1.72281e+18, 29, 55, 0, 0, 1965, 40984, 44749830385
1.72281e+18, 29, 55, 0, 0, 1965, 40984, 44749830385
1.72281e+18, 29, 56, 0, 0, 1965, 40984, 44749830385
1.72281e+18, 29, 56, 0, 0, 1965, 40984, 44749830385
1.72281e+18, 29, 56, 0, 0, 1965, 40984, 44749830385
1.72281e+18, 29, 56, 0, 0, 1965, 40984, 44749830385
1.72281e+18, 29, 56, 0, 0, 1965, 40984, 44749830385
1.72281e+18, 29, 56, 0, 0, 1965, 40984, 44749830385
1.72281e+18, 29, 56, 0, 0, 1965, 40984, 44749830385
1.72281e+18, 29, 56, 0, 0, 1965, 40984, 44749830385
1.72281e+18, 29, 56, 0, 0, 1965, 40984, 44749830385
1.72281e+18, 29, 56, 0, 0, 1965, 40984, 44749830385
1.72281e+18, 29, 56, 0, 0, 1965, 40984, 44749830385
1.72281e+18, 29, 56, 0, 0, 1965, 40984, 44749830385
1.72281e+18, 29, 56, 0, 0, 1965, 40984, 44749830385
1.72281e+18, 29, 56, 0, 0, 1965, 40984, 44749836038
1.72281e+18, 29, 56, 0, 0, 1965, 40984, 44749836038
1.72281e+18, 29, 56, 0, 0, 1965, 40984, 44749836038
1.72281e+18, 29, 56, 0, 0, 1965, 40984, 44749836038
1.72281e+18, 29, 56, 0, 0, 1965, 40984, 44749836038
1.72281e+18, 29, 56, 0, 0, 1965, 40984, 44749836038
1.72281e+18, 29, 56, 0, 0, 1965, 40984, 44749836038
1.72281e+18, 29, 56, 0, 0, 1965, 40984, 44749836038
1.72281e+18, 29, 56, 0, 0, 1965, 40984, 44749836038
1.72281e+18, 29, 56, 0, 0, 1965, 40984, 44749836038
1.72281e+18, 29, 56, 0, 0, 1965, 40984, 44749836038
